-0.266 -0.233896 -0.27095 -0.223171 -0.225059 -0.205103 -0.243606 -0.291805 -0.221515 -0.217772 -0.219717 -0.183583 -0.309498 -0.212479 -0.25022 -0.321854 -0.250031 -0.195661 -0.393871 -0.289243 -0.265596 -0.288712 -0.300179 -0.227895 -0.261789 -0.274806 -0.216357 -0.282741 -0.242006 -0.239834 -0.17726 -0.253964 -0.230052 -0.279845 -0.184569 -0.276767 -0.232829 -0.203773 -0.280164 -0.251959 -0.283325 -0.225072 -0.20914 -0.262217 -0.303304 -0.24379 -0.28532 -0.272965 -0.194626 -0.295564
-0.1834 -0.157594 -0.18195 -0.195767 -0.165538 -0.204605 -0.176853 -0.152913 -0.209136 -0.180355 -0.221818 -0.150065 -0.191335 -0.19743 -0.153345 -0.180596 -0.150162 -0.206336 -0.177999 -0.314746 -0.194574 -0.235601 -0.173276 -0.193832 -0.197023 -0.196792 -0.217899 -0.171073 -0.201906 -0.184851 -0.173836 -0.199226 -0.188885 -0.195965 -0.132062 -0.236218 -0.172955 -0.173644 -0.196231 -0.235233 -0.203433 -0.155944 -0.173364 -0.212897 -0.195223 -0.172773 -0.212698 -0.223667 -0.204295 -0.192141
-0.143073 -0.14074 -0.171731 -0.146511 -0.14115 -0.163013 -0.15044 -0.135388 -0.140166 -0.145034 -0.193966 -0.104656 -0.169165 -0.130736 -0.126815 -0.142738 -0.136109 -0.175475 -0.165274 -0.228632 -0.138206 -0.174054 -0.125469 -0.169902 -0.157667 -0.138622 -0.171354 -0.14337 -0.170817 -0.140185 -0.146239 -0.184625 -0.185705 -0.150802 -0.130033 -0.22782 -0.161813 -0.167994 -0.15432 -0.199201 -0.174542 -0.132014 -0.139745 -0.17041 -0.210634 -0.145008 -0.170227 -0.206406 -0.161386 -0.187581
-0.151096 -0.134729 -0.143319 -0.12994 -0.130802 -0.130711 -0.146406 -0.141267 -0.137397 -0.136597 -0.167163 -0.104871 -0.166217 -0.134338 -0.144714 -0.139609 -0.131979 -0.156225 -0.163812 -0.165868 -0.129566 -0.160092 -0.112936 -0.153193 -0.14979 -0.131142 -0.1644 -0.144877 -0.155582 -0.13172 -0.119153 -0.152306 -0.173041 -0.157115 -0.128556 -0.215726 -0.153975 -0.153202 -0.139575 -0.18932 -0.159543 -0.129305 -0.127571 -0.170865 -0.198061 -0.146497 -0.135514 -0.141492 -0.147632 -0.171456
-0.147422 -0.135476 -0.130314 -0.127521 -0.127101 -0.124673 -0.144618 -0.132377 -0.127849 -0.122727 -0.147444 -0.105958 -0.153956 -0.131578 -0.113427 -0.122544 -0.108956 -0.150469 -0.17496 -0.164269 -0.129997 -0.1351 -0.11603 -0.15007 -0.1437 -0.134312 -0.164638 -0.130021 -0.130277 -0.113372 -0.111756 -0.132122 -0.165658 -0.158271 -0.132843 -0.191994 -0.146444 -0.153555 -0.132686 -0.138473 -0.159142 -0.12342 -0.124146 -0.164027 -0.18627 -0.140107 -0.13048 -0.127857 -0.130423 -0.144462
-0.143782 -0.144839 -0.124581 -0.118022 -0.131003 -0.11562 -0.150306 -0.130656 -0.132961 -0.120346 -0.146757 -0.104588 -0.136077 -0.130086 -0.111177 -0.109995 -0.108467 -0.152729 -0.155991 -0.169464 -0.123475 -0.133815 -0.104533 -0.147145 -0.123427 -0.154287 -0.150144 -0.128722 -0.12191 -0.108505 -0.105617 -0.123188 -0.141492 -0.150545 -0.121516 -0.202636 -0.147758 -0.153382 -0.117531 -0.125284 -0.156557 -0.125768 -0.120979 -0.148753 -0.141771 -0.13987 -0.125946 -0.109816 -0.127644 -0.143337
-0.137463 -0.139094 -0.120832 -0.117922 -0.133459 -0.119526 -0.144058 -0.130849 -0.117837 -0.116139 -0.129491 -0.1057 -0.127981 -0.130787 -0.1061 -0.107225 -0.105243 -0.116046 -0.151049 -0.170624 -0.127818 -0.129419 -0.097843 -0.148198 -0.110773 -0.131653 -0.150963 -0.128113 -0.121716 -0.105254 -0.098571 -0.117436 -0.142278 -0.154923 -0.124263 -0.188983 -0.144799 -0.143873 -0.117964 -0.116879 -0.153441 -0.117098 -0.116159 -0.133186 -0.153746 -0.136497 -0.121639 -0.107117 -0.127748 -0.135887
-0.136859 -0.142143 -0.114951 -0.107135 -0.130204 -0.120052 -0.131143 -0.129885 -0.117956 -0.121081 -0.12477 -0.103165 -0.128361 -0.117705 -0.112139 -0.108248 -0.10675 -0.109485 -0.148991 -0.146609 -0.095847 -0.123217 -0.093702 -0.134012 -0.115121 -0.126722 -0.137144 -0.126412 -0.113061 -0.101456 -0.097122 -0.113498 -0.137093 -0.140784 -0.121313 -0.1863 -0.145574 -0.149179 -0.109443 -0.116555 -0.146527 -0.12419 -0.112638 -0.131553 -0.129095 -0.139759 -0.106611 -0.108348 -0.128342 -0.122046
-0.137662 -0.141046 -0.117372 -0.108386 -0.11571 -0.118828 -0.130949 -0.13006 -0.105977 -0.124107 -0.122 -0.090401 -0.125147 -0.118052 -0.111254 -0.103939 -0.101014 -0.119116 -0.151421 -0.141648 -0.094208 -0.11482 -0.094482 -0.127533 -0.107626 -0.11906 -0.133929 -0.126378 -0.107222 -0.097741 -0.1152 -0.117533 -0.129216 -0.134417 -0.114193 -0.183164 -0.147163 -0.129598 -0.114501 -0.120431 -0.132447 -0.099191 -0.10315 -0.132063 -0.115103 -0.130619 -0.109743 -0.101395 -0.124245 -0.120899
-0.110499 -0.131644 -0.117605 -0.114725 -0.113378 -0.115378 -0.117213 -0.122248 -0.106791 -0.120889 -0.122965 -0.088108 -0.119266 -0.116622 -0.113709 -0.103043 -0.101978 -0.111379 -0.149661 -0.141035 -0.095309 -0.108141 -0.097298 -0.129442 -0.107217 -0.120224 -0.130807 -0.127939 -0.10658 -0.098169 -0.107076 -0.115983 -0.136169 -0.105651 -0.111727 -0.169881 -0.146652 -0.128128 -0.117354 -0.113902 -0.129807 -0.09709 -0.101626 -0.130926 -0.119586 -0.118016 -0.10711 -0.102367 -0.131179 -0.118371
-0.106669 -0.131971 -0.116199 -0.107605 -0.112637 -0.113227 -0.107333 -0.122053 -0.109152 -0.117125 -0.121731 -0.090361 -0.116423 -0.110336 -0.109491 -0.102199 -0.101131 -0.106549 -0.131901 -0.142701 -0.095246 -0.105077 -0.089133 -0.125142 -0.107333 -0.121785 -0.122366 -0.122515 -0.10412 -0.097962 -0.108617 -0.116454 -0.123004 -0.104648 -0.111542 -0.1085 -0.138651 -0.123912 -0.108537 -0.122473 -0.130282 -0.096368 -0.100852 -0.135377 -0.11345 -0.116547 -0.109394 -0.099962 -0.13305 -0.121432
-0.102394 -0.129354 -0.114492 -0.109286 -0.112004 -0.111987 -0.106495 -0.121197 -0.107903 -0.119173 -0.116117 -0.091476 -0.109912 -0.107107 -0.110076 -0.093496 -0.101682 -0.097224 -0.131363 -0.14072 -0.090588 -0.104331 -0.088543 -0.122114 -0.098094 -0.125209 -0.124317 -0.1114 -0.10858 -0.101094 -0.107861 -0.112378 -0.114621 -0.106466 -0.112114 -0.104567 -0.139247 -0.125965 -0.113209 -0.124586 -0.119292 -0.096706 -0.094696 -0.128828 -0.113517 -0.121735 -0.104947 -0.0994 -0.121303 -0.120867
-0.105424 -0.129927 -0.109028 -0.108615 -0.11154 -0.112563 -0.105997 -0.116942 -0.104745 -0.119863 -0.114889 -0.09313 -0.087348 -0.106732 -0.11003 -0.097111 -0.10585 -0.095859 -0.10968 -0.141058 -0.088741 -0.104657 -0.08685 -0.122632 -0.097368 -0.120042 -0.126373 -0.110322 -0.103133 -0.101886 -0.101049 -0.114481 -0.117708 -0.105459 -0.109626 -0.107003 -0.135236 -0.12359 -0.112249 -0.120751 -0.119811 -0.093986 -0.091262 -0.131414 -0.112848 -0.115313 -0.101295 -0.100977 -0.126374 -0.119196
-0.100851 -0.130795 -0.111772 -0.106783 -0.106093 -0.114086 -0.10224 -0.142019 -0.105277 -0.117351 -0.106688 -0.092752 -0.088902 -0.112035 -0.108413 -0.094332 -0.105151 -0.094416 -0.109109 -0.137507 -0.08219 -0.099115 -0.089557 -0.107338 -0.095528 -0.117018 -0.123727 -0.107906 -0.099043 -0.10013 -0.099862 -0.115256 -0.119545 -0.105517 -0.109576 -0.0978 -0.133809 -0.126329 -0.111894 -0.116255 -0.111753 -0.092245 -0.094371 -0.131585 -0.113561 -0.115204 -0.093161 -0.09897 -0.126983 -0.118133
-0.10194 -0.122745 -0.114651 -0.105951 -0.107942 -0.10734 -0.102343 -0.130941 -0.100625 -0.112501 -0.105063 -0.090147 -0.089904 -0.108429 -0.105712 -0.094536 -0.102907 -0.095271 -0.104521 -0.12326 -0.085179 -0.096439 -0.084163 -0.106088 -0.093376 -0.112627 -0.122795 -0.113627 -0.101224 -0.095185 -0.101097 -0.109409 -0.116094 -0.102883 -0.111022 -0.097987 -0.134899 -0.119534 -0.118865 -0.117398 -0.112433 -0.094107 -0.093868 -0.131235 -0.111089 -0.115107 -0.092957 -0.091735 -0.120374 -0.116373
-0.097195 -0.127185 -0.114449 -0.104489 -0.105911 -0.10762 -0.10487 -0.129389 -0.100689 -0.110927 -0.102916 -0.091408 -0.088809 -0.109742 -0.107098 -0.096379 -0.100699 -0.094693 -0.10369 -0.114346 -0.075948 -0.092804 -0.085967 -0.10858 -0.098453 -0.112783 -0.119721 -0.107449 -0.084491 -0.095871 -0.100344 -0.104751 -0.121827 -0.103004 -0.105424 -0.097902 -0.134634 -0.112676 -0.117753 -0.114773 -0.111147 -0.087978 -0.093307 -0.127475 -0.11076 -0.112988 -0.095197 -0.088354 -0.127991 -0.113704
-0.095885 -0.125882 -0.109321 -0.108561 -0.103281 -0.107734 -0.105573 -0.117933 -0.095007 -0.111965 -0.100225 -0.08892 -0.087825 -0.106792 -0.109092 -0.097238 -0.098361 -0.091879 -0.105818 -0.112343 -0.079562 -0.090158 -0.086381 -0.104556 -0.096219 -0.109614 -0.12103 -0.105965 -0.084426 -0.095405 -0.101977 -0.11101 -0.109624 -0.105264 -0.105437 -0.093839 -0.126263 -0.110938 -0.116735 -0.116746 -0.111316 -0.084585 -0.089923 -0.127137 -0.10655 -0.113555 -0.099088 -0.088625 -0.125313 -0.112988
-0.093621 -0.126454 -0.111553 -0.105262 -0.109638 -0.111473 -0.105487 -0.120809 -0.096568 -0.111079 -0.104065 -0.089725 -0.090723 -0.105519 -0.105729 -0.098137 -0.096288 -0.098818 -0.107547 -0.106391 -0.082553 -0.091181 -0.087236 -0.10378 -0.090783 -0.117206 -0.119065 -0.108278 -0.086594 -0.102275 -0.103362 -0.118651 -0.112258 -0.100871 -0.09269 -0.095167 -0.1219 -0.11627 -0.115596 -0.115841 -0.1102 -0.082946 -0.088555 -0.124583 -0.108163 -0.109003 -0.097904 -0.08591 -0.127551 -0.109221
-0.09439 -0.126338 -0.111109 -0.097318 -0.102036 -0.109831 -0.104182 -0.112381 -0.092316 -0.109237 -0.099771 -0.089121 -0.091778 -0.103564 -0.099988 -0.097133 -0.092652 -0.09462 -0.097792 -0.106651 -0.073932 -0.089507 -0.091772 -0.095697 -0.089714 -0.11591 -0.111207 -0.104977 -0.087057 -0.104751 -0.095747 -0.115983 -0.117145 -0.101744 -0.093297 -0.095001 -0.116496 -0.118251 -0.1165 -0.10868 -0.110751 -0.087802 -0.08658 -0.108245 -0.106884 -0.093779 -0.093665 -0.085403 -0.122947 -0.105013
-0.094149 -0.124188 -0.112076 -0.094925 -0.101215 -0.109034 -0.105078 -0.111635 -0.093619 -0.10969 -0.08462 -0.085244 -0.085607 -0.09642 -0.101188 -0.093035 -0.095313 -0.097685 -0.09566 -0.097815 -0.075644 -0.086119 -0.089424 -0.094473 -0.090857 -0.116096 -0.109439 -0.099525 -0.090825 -0.101053 -0.096154 -0.122331 -0.114197 -0.100284 -0.087789 -0.096811 -0.111122 -0.118279 -0.111805 -0.114639 -0.108254 -0.089679 -0.082987 -0.106272 -0.107337 -0.092761 -0.092843 -0.085665 -0.124518 -0.088774
-0.094853 -0.123783 -0.109175 -0.071622 -0.104744 -0.108927 -0.104743 -0.108313 -0.090679 -0.105669 -0.08543 -0.086653 -0.084397 -0.093815 -0.099583 -0.094177 -0.091597 -0.091937 -0.095364 -0.098094 -0.076774 -0.089708 -0.08391 -0.096505 -0.092346 -0.116182 -0.10965 -0.096252 -0.087832 -0.096807 -0.094819 -0.114076 -0.112985 -0.101075 -0.089507 -0.09352 -0.111526 -0.11278 -0.108891 -0.111562 -0.104736 -0.085489 -0.080694 -0.107566 -0.098123 -0.093546 -0.090178 -0.085106 -0.124465 -0.084146
-0.093673 -0.117347 -0.107783 -0.074802 -0.103249 -0.10597 -0.094085 -0.107423 -0.088919 -0.104726 -0.082637 -0.086193 -0.083083 -0.093662 -0.100815 -0.093565 -0.094616 -0.088513 -0.096967 -0.097275 -0.073128 -0.086523 -0.083022 -0.094235 -0.092132 -0.111782 -0.112881 -0.096324 -0.085307 -0.095333 -0.091182 -0.118016 -0.107712 -0.100061 -0.087398 -0.087457 -0.111074 -0.1084 -0.108816 -0.112369 -0.10821 -0.085529 -0.07989 -0.106881 -0.097863 -0.094577 -0.088306 -0.083119 -0.102287 -0.079828
-0.08638 -0.119899 -0.107409 -0.076432 -0.10166 -0.107981 -0.093896 -0.097601 -0.088603 -0.100272 -0.082284 -0.086196 -0.075976 -0.095428 -0.096254 -0.090197 -0.094357 -0.085048 -0.097675 -0.076498 -0.073784 -0.086884 -0.082224 -0.093483 -0.086948 -0.113649 -0.109659 -0.09514 -0.086864 -0.097199 -0.090694 -0.115497 -0.10468 -0.098973 -0.089887 -0.090349 -0.110036 -0.10986 -0.102084 -0.10957 -0.108571 -0.085736 -0.081783 -0.103967 -0.097961 -0.090953 -0.087679 -0.082859 -0.102411 -0.076289
-0.085533 -0.117175 -0.107866 -0.074213 -0.10531 -0.107661 -0.095645 -0.096195 -0.088997 -0.105433 -0.080117 -0.088472 -0.075803 -0.095248 -0.093922 -0.089384 -0.095469 -0.085957 -0.091435 -0.080896 -0.074553 -0.085672 -0.082419 -0.094279 -0.086967 -0.114618 -0.111852 -0.096146 -0.086666 -0.093497 -0.091351 -0.109925 -0.102496 -0.096857 -0.089204 -0.086449 -0.108517 -0.107504 -0.101595 -0.108874 -0.110273 -0.083509 -0.081362 -0.101952 -0.096718 -0.091044 -0.09237 -0.080191 -0.096664 -0.078901
-0.08669 -0.107912 -0.108421 -0.076414 -0.101068 -0.10101 -0.097166 -0.096687 -0.088392 -0.106383 -0.08504 -0.086998 -0.076854 -0.097068 -0.096219 -0.089088 -0.09825 -0.084164 -0.094486 -0.077153 -0.069793 -0.082626 -0.08287 -0.091481 -0.085475 -0.096877 -0.109372 -0.093272 -0.084846 -0.092127 -0.090167 -0.107892 -0.103069 -0.094805 -0.089934 -0.089281 -0.108944 -0.106398 -0.100597 -0.106017 -0.111382 -0.085858 -0.085013 -0.104728 -0.096326 -0.093489 -0.092966 -0.081508 -0.09391 -0.07805
-0.086708 -0.106163 -0.107036 -0.076861 -0.093658 -0.101059 -0.094874 -0.093141 -0.086674 -0.099914 -0.082979 -0.086821 -0.073805 -0.093828 -0.095047 -0.086139 -0.09194 -0.084667 -0.09593 -0.079342 -0.070772 -0.083061 -0.083279 -0.086859 -0.084101 -0.097375 -0.108455 -0.093658 -0.085685 -0.095553 -0.08695 -0.10847 -0.104903 -0.096876 -0.08778 -0.092768 -0.110847 -0.107598 -0.09995 -0.106012 -0.111442 -0.081905 -0.08575 -0.102893 -0.097217 -0.085877 -0.094753 -0.079475 -0.093547 -0.078297
-0.086325 -0.110195 -0.1099 -0.076535 -0.094245 -0.098226 -0.095871 -0.092912 -0.085022 -0.099631 -0.083844 -0.087021 -0.07472 -0.0905 -0.09592 -0.087814 -0.092489 -0.082066 -0.094536 -0.074462 -0.072679 -0.078847 -0.083727 -0.088455 -0.082264 -0.096033 -0.112068 -0.096 -0.0846 -0.094128 -0.086218 -0.107284 -0.104354 -0.094546 -0.086771 -0.088667 -0.108511 -0.101712 -0.101755 -0.105555 -0.110288 -0.08088 -0.090648 -0.101728 -0.091754 -0.08908 -0.093512 -0.080202 -0.092751 -0.077479
-0.088128 -0.107907 -0.103607 -0.078198 -0.090407 -0.100676 -0.090396 -0.092121 -0.08296 -0.092675 -0.0833 -0.085872 -0.07309 -0.090968 -0.0951 -0.088486 -0.090954 -0.081244 -0.099382 -0.074299 -0.073643 -0.07984 -0.084908 -0.087595 -0.086073 -0.094598 -0.109534 -0.096706 -0.084373 -0.094908 -0.087083 -0.105573 -0.107333 -0.090219 -0.090471 -0.082925 -0.109516 -0.099429 -0.097862 -0.080962 -0.111662 -0.081441 -0.091123 -0.101852 -0.089323 -0.087546 -0.093088 -0.084445 -0.089467 -0.07264
-0.086465 -0.110094 -0.105678 -0.077007 -0.090185 -0.101879 -0.09149 -0.091525 -0.085759 -0.090426 -0.084636 -0.08639 -0.068509 -0.084018 -0.096577 -0.088045 -0.092483 -0.08244 -0.10221 -0.07308 -0.07264 -0.082178 -0.071239 -0.086226 -0.08365 -0.097017 -0.111447 -0.09532 -0.082869 -0.094886 -0.087358 -0.110143 -0.104387 -0.090593 -0.086159 -0.086631 -0.095678 -0.098714 -0.096152 -0.078609 -0.097401 -0.082779 -0.086993 -0.103713 -0.08907 -0.087092 -0.092228 -0.084207 -0.088713 -0.071639
-0.086083 -0.108097 -0.108177 -0.078242 -0.088335 -0.101561 -0.086307 -0.09194 -0.083541 -0.08771 -0.082375 -0.09082 -0.068929 -0.085666 -0.095589 -0.088469 -0.094345 -0.082387 -0.098523 -0.072048 -0.074605 -0.08163 -0.071326 -0.083806 -0.087681 -0.101715 -0.110983 -0.094287 -0.083339 -0.093047 -0.086939 -0.109245 -0.096614 -0.089371 -0.087112 -0.089724 -0.096832 -0.096403 -0.096467 -0.081507 -0.097487 -0.079986 -0.091181 -0.104805 -0.086752 -0.087003 -0.088402 -0.077486 -0.089584 -0.072702
-0.086472 -0.106645 -0.109307 -0.076364 -0.088698 -0.102496 -0.085989 -0.091113 -0.082063 -0.093097 -0.084132 -0.088466 -0.070606 -0.087118 -0.097009 -0.084672 -0.094894 -0.081525 -0.096169 -0.076276 -0.068395 -0.08093 -0.070732 -0.086528 -0.084135 -0.101392 -0.11099 -0.091014 -0.083758 -0.093205 -0.090618 -0.109728 -0.095634 -0.088299 -0.085361 -0.0884 -0.098526 -0.097361 -0.101297 -0.078961 -0.095303 -0.081265 -0.088957 -0.103176 -0.082328 -0.084345 -0.0876 -0.076744 -0.087345 -0.075534
-0.088238 -0.107121 -0.106022 -0.077119 -0.088731 -0.101737 -0.087286 -0.090434 -0.075927 -0.087984 -0.084828 -0.084083 -0.069368 -0.087435 -0.086663 -0.085589 -0.092664 -0.081052 -0.095732 -0.078696 -0.070304 -0.082112 -0.072252 -0.083719 -0.076153 -0.102667 -0.11106 -0.093166 -0.08097 -0.092274 -0.088509 -0.091513 -0.095622 -0.089894 -0.08776 -0.080638 -0.09718 -0.098676 -0.103257 -0.082599 -0.098642 -0.081653 -0.089305 -0.104163 -0.082937 -0.084988 -0.093244 -0.079983 -0.090752 -0.075476
-0.087606 -0.105285 -0.106957 -0.07633 -0.089331 -0.102972 -0.088367 -0.090966 -0.076104 -0.084002 -0.084002 -0.08405 -0.069975 -0.087017 -0.087418 -0.087221 -0.089735 -0.0796 -0.0925 -0.075571 -0.067365 -0.077978 -0.070336 -0.084846 -0.076361 -0.104158 -0.108012 -0.091489 -0.079603 -0.087147 -0.090033 -0.092978 -0.091066 -0.089768 -0.086073 -0.082148 -0.098332 -0.099151 -0.101948 -0.079225 -0.096944 -0.081455 -0.086534 -0.102452 -0.080748 -0.085888 -0.094903 -0.080552 -0.088765 -0.076572
-0.085605 -0.10514 -0.105346 -0.075229 -0.087056 -0.09638 -0.079289 -0.09116 -0.077693 -0.084892 -0.083677 -0.078519 -0.070175 -0.086922 -0.088334 -0.086369 -0.091643 -0.077794 -0.086062 -0.075607 -0.068312 -0.080777 -0.066657 -0.087565 -0.079229 -0.103874 -0.105718 -0.0917 -0.077663 -0.088557 -0.090703 -0.093493 -0.092257 -0.086524 -0.083935 -0.079291 -0.09948 -0.091839 -0.096488 -0.082267 -0.089651 -0.084446 -0.086494 -0.101567 -0.080669 -0.083007 -0.091987 -0.081842 -0.086923 -0.073596
-0.085436 -0.10615 -0.106449 -0.075303 -0.088342 -0.094283 -0.081775 -0.091076 -0.081486 -0.084208 -0.084628 -0.079678 -0.065563 -0.08538 -0.088754 -0.085989 -0.091235 -0.075717 -0.084803 -0.072332 -0.068126 -0.080834 -0.069502 -0.085538 -0.078895 -0.103625 -0.104469 -0.090514 -0.076195 -0.088514 -0.089396 -0.097236 -0.092191 -0.086298 -0.085364 -0.080162 -0.099256 -0.093749 -0.090765 -0.082559 -0.087593 -0.082316 -0.085637 -0.105749 -0.079427 -0.084162 -0.093226 -0.082144 -0.08568 -0.072417
-0.08394 -0.106647 -0.104602 -0.079091 -0.079883 -0.093375 -0.085469 -0.089442 -0.077025 -0.085266 -0.085029 -0.078671 -0.066085 -0.085654 -0.088242 -0.086388 -0.094911 -0.075391 -0.084863 -0.070487 -0.071255 -0.0792 -0.068494 -0.087163 -0.078182 -0.096517 -0.10292 -0.091132 -0.079102 -0.087618 -0.084498 -0.096921 -0.086733 -0.08481 -0.086193 -0.078481 -0.102949 -0.09261 -0.090122 -0.080112 -0.085931 -0.081269 -0.086242 -0.099419 -0.07605 -0.084914 -0.09009 -0.075926 -0.078709 -0.073277
-0.084137 -0.105884 -0.105075 -0.078417 -0.079505 -0.093388 -0.07904 -0.086854 -0.075567 -0.084825 -0.083741 -0.075987 -0.065034 -0.077533 -0.088706 -0.085084 -0.087997 -0.075893 -0.083569 -0.071624 -0.068849 -0.079809 -0.067673 -0.081357 -0.077932 -0.091557 -0.105929 -0.091651 -0.07917 -0.080066 -0.084072 -0.098615 -0.087169 -0.086159 -0.084936 -0.079143 -0.102593 -0.097344 -0.094097 -0.079563 -0.085373 -0.080304 -0.084518 -0.095217 -0.077581 -0.078767 -0.086933 -0.072938 -0.077378 -0.073832
-0.083867 -0.104165 -0.104314 -0.077947 -0.079243 -0.088705 -0.078693 -0.088575 -0.07588 -0.078734 -0.082938 -0.077442 -0.063795 -0.082347 -0.087823 -0.088367 -0.089123 -0.078399 -0.082046 -0.071078 -0.069287 -0.079673 -0.068254 -0.079414 -0.077609 -0.088374 -0.105439 -0.090719 -0.078733 -0.082985 -0.085376 -0.091728 -0.086252 -0.082188 -0.084828 -0.078334 -0.101436 -0.09777 -0.093963 -0.08037 -0.085248 -0.077564 -0.087641 -0.099923 -0.076066 -0.078562 -0.08173 -0.07439 -0.079847 -0.07359
-0.085477 -0.101023 -0.102973 -0.074921 -0.080917 -0.090667 -0.078397 -0.087502 -0.075335 -0.083052 -0.081352 -0.076138 -0.062856 -0.081721 -0.086941 -0.08759 -0.08859 -0.07688 -0.082776 -0.071298 -0.068741 -0.079639 -0.067778 -0.078163 -0.07708 -0.087137 -0.106141 -0.087946 -0.078752 -0.083805 -0.086906 -0.08796 -0.083629 -0.086277 -0.085764 -0.076783 -0.09431 -0.097045 -0.09256 -0.079229 -0.085543 -0.075312 -0.080987 -0.099136 -0.077602 -0.080471 -0.081134 -0.078887 -0.078934 -0.069556
-0.08701 -0.102307 -0.103554 -0.075724 -0.080365 -0.091952 -0.074832 -0.086176 -0.076686 -0.079873 -0.083995 -0.076005 -0.064868 -0.079334 -0.088173 -0.088464 -0.089035 -0.077081 -0.077966 -0.070065 -0.069296 -0.079678 -0.067038 -0.077412 -0.076378 -0.084833 -0.106293 -0.087974 -0.080466 -0.086987 -0.085329 -0.088815 -0.083032 -0.08595 -0.084167 -0.07767 -0.096923 -0.097019 -0.093633 -0.078679 -0.08425 -0.077184 -0.079952 -0.098941 -0.076413 -0.078239 -0.084075 -0.069284 -0.079283 -0.075113
-0.088061 -0.10221 -0.10138 -0.074622 -0.080407 -0.090785 -0.072946 -0.084862 -0.076143 -0.07972 -0.08504 -0.076682 -0.069148 -0.074864 -0.08576 -0.085891 -0.083982 -0.07543 -0.079739 -0.07013 -0.069011 -0.078394 -0.067363 -0.073958 -0.076968 -0.086782 -0.106838 -0.089434 -0.0793 -0.088699 -0.077258 -0.08863 -0.08405 -0.0848 -0.082386 -0.077538 -0.099093 -0.087906 -0.089759 -0.077924 -0.086504 -0.073544 -0.078712 -0.098415 -0.077712 -0.079798 -0.082184 -0.069563 -0.079717 -0.073751
-0.08559 -0.104399 -0.102782 -0.073942 -0.071949 -0.087935 -0.070442 -0.085606 -0.077777 -0.079639 -0.084665 -0.07544 -0.069063 -0.074063 -0.094694 -0.086467 -0.082689 -0.075114 -0.07281 -0.068902 -0.069648 -0.081554 -0.067822 -0.077967 -0.079182 -0.085802 -0.106747 -0.086631 -0.080914 -0.088181 -0.076485 -0.087165 -0.083272 -0.085025 -0.084489 -0.070029 -0.094622 -0.092332 -0.089943 -0.080012 -0.085714 -0.070229 -0.083501 -0.086469 -0.076698 -0.080818 -0.08379 -0.071614 -0.076959 -0.079273
-0.087463 -0.105881 -0.099904 -0.072527 -0.074303 -0.088071 -0.072543 -0.08625 -0.077727 -0.080692 -0.083913 -0.074046 -0.070508 -0.074416 -0.082908 -0.086128 -0.082937 -0.07761 -0.075481 -0.07036 -0.067396 -0.077679 -0.068378 -0.07566 -0.078724 -0.086805 -0.085372 -0.086261 -0.075234 -0.092181 -0.077269 -0.086643 -0.080327 -0.085075 -0.082817 -0.069648 -0.096251 -0.090213 -0.090314 -0.081095 -0.086337 -0.070043 -0.081104 -0.087883 -0.076905 -0.082212 -0.079121 -0.071209 -0.079871 -0.076507
-0.086143 -0.103841 -0.101632 -0.074711 -0.077438 -0.087299 -0.072513 -0.088233 -0.078964 -0.08223 -0.084094 -0.074865 -0.066908 -0.070811 -0.075097 -0.084886 -0.084496 -0.074248 -0.075001 -0.071199 -0.068878 -0.078388 -0.067365 -0.076049 -0.081098 -0.088707 -0.085206 -0.087679 -0.071656 -0.092077 -0.075488 -0.085001 -0.080545 -0.083871 -0.084659 -0.07119 -0.097411 -0.094582 -0.08941 -0.080295 -0.085247 -0.072129 -0.080684 -0.088397 -0.07379 -0.082508 -0.079116 -0.073739 -0.083506 -0.07813
-0.084959 -0.094027 -0.101048 -0.074803 -0.075033 -0.086996 -0.0743 -0.089503 -0.077621 -0.082739 -0.078382 -0.074818 -0.069918 -0.071357 -0.076073 -0.072979 -0.079795 -0.077317 -0.073829 -0.069396 -0.069716 -0.07689 -0.068708 -0.075621 -0.074647 -0.086168 -0.081388 -0.089797 -0.073799 -0.077965 -0.073011 -0.08675 -0.081363 -0.084296 -0.082816 -0.071309 -0.098955 -0.093329 -0.088886 -0.082425 -0.085547 -0.072211 -0.078778 -0.089351 -0.076031 -0.079776 -0.080248 -0.070024 -0.082394 -0.077012
-0.085401 -0.093114 -0.102543 -0.069114 -0.077072 -0.086928 -0.071808 -0.088818 -0.079207 -0.084514 -0.079487 -0.07251 -0.066151 -0.072953 -0.075633 -0.072293 -0.081826 -0.071506 -0.071747 -0.074928 -0.068962 -0.074306 -0.067692 -0.074787 -0.073609 -0.085743 -0.079904 -0.091059 -0.072795 -0.079013 -0.07339 -0.08672 -0.081616 -0.083328 -0.083524 -0.073491 -0.09441 -0.097028 -0.089048 -0.081879 -0.085057 -0.07419 -0.076195 -0.086419 -0.072641 -0.081035 -0.081687 -0.070481 -0.084212 -0.070572
-0.079333 -0.093297 -0.097142 -0.069936 -0.067326 -0.088653 -0.078613 -0.081043 -0.08113 -0.083954 -0.075956 -0.075093 -0.067167 -0.073853 -0.074025 -0.075528 -0.078464 -0.07255 -0.072707 -0.071845 -0.067885 -0.076353 -0.066889 -0.075272 -0.07419 -0.085616 -0.08136 -0.089575 -0.072462 -0.077467 -0.071654 -0.08697 -0.080555 -0.082679 -0.082283 -0.073174 -0.09475 -0.096599 -0.087608 -0.080319 -0.084612 -0.074392 -0.068417 -0.088055 -0.074463 -0.082066 -0.079315 -0.068053 -0.080909 -0.073998
-0.079957 -0.092972 -0.0982 -0.071191 -0.068943 -0.089653 -0.078067 -0.078833 -0.075423 -0.086318 -0.073764 -0.076684 -0.064335 -0.07554 -0.072663 -0.073882 -0.079088 -0.066903 -0.07535 -0.072292 -0.069592 -0.076527 -0.066795 -0.074566 -0.07167 -0.086059 -0.075876 -0.08794 -0.073836 -0.077346 -0.071933 -0.084008 -0.083029 -0.083656 -0.080812 -0.07416 -0.093608 -0.096656 -0.08659 -0.081465 -0.08355 -0.073096 -0.067642 -0.086332 -0.073305 -0.080718 -0.081175 -0.067572 -0.079617 -0.074756
-0.078187 -0.092952 -0.094309 -0.070998 -0.067952 -0.088435 -0.071587 -0.07945 -0.0752 -0.085913 -0.074881 -0.075184 -0.072729 -0.072151 -0.07285 -0.075764 -0.077906 -0.067685 -0.07403 -0.071605 -0.070914 -0.077386 -0.068493 -0.073147 -0.073515 -0.080451 -0.075883 -0.084149 -0.073459 -0.075787 -0.073896 -0.08505 -0.081165 -0.082997 -0.081228 -0.072442 -0.093431 -0.092125 -0.08607 -0.080406 -0.084777 -0.07024 -0.06806 -0.084767 -0.073856 -0.080343 -0.080054 -0.07142 -0.080515 -0.073492
-0.079345 -0.090299 -0.094594 -0.071361 -0.067997 -0.088507 -0.078166 -0.078875 -0.0761 -0.089274 -0.07406 -0.07399 -0.067603 -0.073332 -0.072526 -0.073836 -0.075668 -0.067282 -0.072406 -0.070312 -0.071421 -0.074853 -0.070201 -0.074132 -0.073202 -0.083598 -0.073953 -0.083856 -0.072442 -0.076333 -0.074839 -0.085025 -0.08135 -0.081876 -0.081082 -0.073305 -0.085711 -0.082185 -0.084162 -0.080377 -0.085824 -0.074382 -0.066443 -0.081879 -0.075559 -0.079502 -0.078496 -0.069985 -0.07821 -0.072634
