-0.208462 -0.261763 -0.282071 -0.217369 -0.209848 -0.194254 -0.238179 -0.21027 -0.237628 -0.228652 -0.201284 -0.327601 -0.233361 -0.233432 -0.286403 -0.259411 -0.273326 -0.231211 -0.259601 -0.170653 -0.285575 -0.292456 -0.213492 -0.20537 -0.217017 -0.206443 -0.328815 -0.192571 -0.226717 -0.273062 -0.242201 -0.272457 -0.185616 -0.229834 -0.207877 -0.240651 -0.284626 -0.2944 -0.186851 -0.224914 -0.284034 -0.250324 -0.268643 -0.236186 -0.296053 -0.260822 -0.236433 -0.19224 -0.241566 -0.272213
-0.227624 -0.221288 -0.233406 -0.16903 -0.184278 -0.150367 -0.193433 -0.198418 -0.192168 -0.111586 -0.178208 -0.149747 -0.231628 -0.202086 -0.206466 -0.214863 -0.197027 -0.173795 -0.221031 -0.166723 -0.195836 -0.22082 -0.188108 -0.196476 -0.188633 -0.194251 -0.210787 -0.17497 -0.173803 -0.206096 -0.186893 -0.226959 -0.171029 -0.182351 -0.163598 -0.178725 -0.240783 -0.192844 -0.144712 -0.179939 -0.221928 -0.180917 -0.181349 -0.219243 -0.208195 -0.202998 -0.215816 -0.202492 -0.180737 -0.176238
-0.133433 -0.191765 -0.212026 -0.148061 -0.17243 -0.131113 -0.163144 -0.153739 -0.16959 -0.118255 -0.181896 -0.117849 -0.169616 -0.167019 -0.179625 -0.152796 -0.190707 -0.18691 -0.157288 -0.160846 -0.176949 -0.178764 -0.188012 -0.188918 -0.144738 -0.177644 -0.154348 -0.152635 -0.140378 -0.138449 -0.157973 -0.185479 -0.171347 -0.142096 -0.151964 -0.142267 -0.192487 -0.176914 -0.12083 -0.150647 -0.153038 -0.13171 -0.167739 -0.163072 -0.183742 -0.149606 -0.183871 -0.149589 -0.145241 -0.148324
-0.130522 -0.173602 -0.173765 -0.12426 -0.151289 -0.12509 -0.15054 -0.15445 -0.145128 -0.11924 -0.179306 -0.122999 -0.142753 -0.141929 -0.163744 -0.1647 -0.167984 -0.172626 -0.141098 -0.142867 -0.171007 -0.170112 -0.124042 -0.178951 -0.130197 -0.168114 -0.147446 -0.156551 -0.144327 -0.137679 -0.160933 -0.181353 -0.144353 -0.116892 -0.146322 -0.138134 -0.196739 -0.162686 -0.135645 -0.135727 -0.133146 -0.134802 -0.163693 -0.158388 -0.165344 -0.162365 -0.11251 -0.124625 -0.13456 -0.155896
-0.126882 -0.128699 -0.125162 -0.12129 -0.15148 -0.122315 -0.149157 -0.134721 -0.140497 -0.114672 -0.181346 -0.122026 -0.149617 -0.118118 -0.135023 -0.165072 -0.156922 -0.165689 -0.130589 -0.129753 -0.169465 -0.139696 -0.121956 -0.156933 -0.120605 -0.134882 -0.143239 -0.150751 -0.135051 -0.13034 -0.128419 -0.139329 -0.135066 -0.10283 -0.148047 -0.127393 -0.184529 -0.151266 -0.145495 -0.131133 -0.125746 -0.120851 -0.151401 -0.138116 -0.164091 -0.131922 -0.114381 -0.129947 -0.125875 -0.145408
-0.121622 -0.114214 -0.117655 -0.119548 -0.143045 -0.123312 -0.148953 -0.121102 -0.142856 -0.116056 -0.178239 -0.119541 -0.130513 -0.128637 -0.133686 -0.159816 -0.136091 -0.151493 -0.126358 -0.124408 -0.145007 -0.141908 -0.112646 -0.155121 -0.117338 -0.131777 -0.134118 -0.151721 -0.127771 -0.110924 -0.131646 -0.120501 -0.116143 -0.107363 -0.130663 -0.106496 -0.184818 -0.142466 -0.123048 -0.118408 -0.128957 -0.121377 -0.155611 -0.123252 -0.157203 -0.123213 -0.116839 -0.129294 -0.111868 -0.149547
-0.125779 -0.10788 -0.111296 -0.117741 -0.146967 -0.125599 -0.140106 -0.136237 -0.136092 -0.114489 -0.159696 -0.121053 -0.111791 -0.127827 -0.11771 -0.129689 -0.13971 -0.148335 -0.121661 -0.12011 -0.151195 -0.143547 -0.108466 -0.142554 -0.11767 -0.126885 -0.133783 -0.144555 -0.126013 -0.118323 -0.130183 -0.119823 -0.1177 -0.104012 -0.126773 -0.098944 -0.177095 -0.136948 -0.116184 -0.115345 -0.12369 -0.132982 -0.147904 -0.122085 -0.158739 -0.121264 -0.112393 -0.131049 -0.118918 -0.150377
-0.123043 -0.106308 -0.111287 -0.117845 -0.135206 -0.120297 -0.136536 -0.115547 -0.13708 -0.103244 -0.159797 -0.113252 -0.116411 -0.125509 -0.113948 -0.127022 -0.138269 -0.133775 -0.120211 -0.112542 -0.134646 -0.138073 -0.110984 -0.143573 -0.124717 -0.125421 -0.133006 -0.139824 -0.12339 -0.119435 -0.115521 -0.119732 -0.117998 -0.105687 -0.126855 -0.093641 -0.112855 -0.139563 -0.103964 -0.117262 -0.115875 -0.125318 -0.142017 -0.128699 -0.14518 -0.123538 -0.110785 -0.123401 -0.124808 -0.153586
-0.115696 -0.109124 -0.112613 -0.112362 -0.139707 -0.113359 -0.132188 -0.115175 -0.131337 -0.103792 -0.141259 -0.118637 -0.117225 -0.123062 -0.105715 -0.122356 -0.132875 -0.122684 -0.116038 -0.110718 -0.133824 -0.136909 -0.104064 -0.144141 -0.122623 -0.132461 -0.134264 -0.135973 -0.120236 -0.120186 -0.116943 -0.122097 -0.116489 -0.101597 -0.126093 -0.095297 -0.108784 -0.14007 -0.110985 -0.121188 -0.101268 -0.123429 -0.142654 -0.128026 -0.142314 -0.120271 -0.108105 -0.124324 -0.12437 -0.146577
-0.115744 -0.109306 -0.102125 -0.104795 -0.129254 -0.11299 -0.111553 -0.115736 -0.128489 -0.101376 -0.128763 -0.113003 -0.110239 -0.119645 -0.098405 -0.12178 -0.127949 -0.113057 -0.106781 -0.107821 -0.131737 -0.131271 -0.105191 -0.130312 -0.119195 -0.132839 -0.123679 -0.136185 -0.110971 -0.119805 -0.11718 -0.12273 -0.111005 -0.100673 -0.129061 -0.092816 -0.100776 -0.138081 -0.102685 -0.10929 -0.103233 -0.124026 -0.138992 -0.12876 -0.1376 -0.114402 -0.104562 -0.120715 -0.123666 -0.13783
-0.12083 -0.10697 -0.108482 -0.10255 -0.127229 -0.112716 -0.110564 -0.111468 -0.124029 -0.102295 -0.122281 -0.117106 -0.108411 -0.113595 -0.09338 -0.10298 -0.127088 -0.113813 -0.109203 -0.107581 -0.134065 -0.129887 -0.103026 -0.121845 -0.107734 -0.132226 -0.12347 -0.136074 -0.100872 -0.117622 -0.116166 -0.121207 -0.111214 -0.101776 -0.113691 -0.092378 -0.100559 -0.132014 -0.100194 -0.112146 -0.105717 -0.125238 -0.133429 -0.126438 -0.138426 -0.113141 -0.103237 -0.121135 -0.120996 -0.13873
-0.120138 -0.103758 -0.106989 -0.098895 -0.128843 -0.112827 -0.107904 -0.108733 -0.122816 -0.100488 -0.117553 -0.111955 -0.107644 -0.109919 -0.089676 -0.103553 -0.125421 -0.111977 -0.103082 -0.10685 -0.131717 -0.130071 -0.100077 -0.121482 -0.104819 -0.131722 -0.125341 -0.1337 -0.098973 -0.117321 -0.114574 -0.132816 -0.110777 -0.105942 -0.114883 -0.090991 -0.100038 -0.127056 -0.10096 -0.11123 -0.104378 -0.12552 -0.132003 -0.124481 -0.128368 -0.113684 -0.104734 -0.119392 -0.119901 -0.136633
-0.122773 -0.101526 -0.106605 -0.100465 -0.132416 -0.108392 -0.107826 -0.11003 -0.126567 -0.099516 -0.110478 -0.112059 -0.110539 -0.105668 -0.092043 -0.107363 -0.123492 -0.111623 -0.102409 -0.104263 -0.134955 -0.118288 -0.106388 -0.117919 -0.104571 -0.130403 -0.126893 -0.135825 -0.099496 -0.116021 -0.119102 -0.122106 -0.107422 -0.10405 -0.109234 -0.09143 -0.102124 -0.122514 -0.09426 -0.109169 -0.10396 -0.129978 -0.134474 -0.122003 -0.137238 -0.113377 -0.100495 -0.124347 -0.115951 -0.13594
-0.117989 -0.101626 -0.105762 -0.103704 -0.127244 -0.105085 -0.107923 -0.107703 -0.124029 -0.102246 -0.111196 -0.116519 -0.1094 -0.10669 -0.094355 -0.106043 -0.115855 -0.113295 -0.105656 -0.103807 -0.127392 -0.117138 -0.108151 -0.119717 -0.104361 -0.126506 -0.103661 -0.128079 -0.098986 -0.118716 -0.118407 -0.117952 -0.110224 -0.10168 -0.109103 -0.087967 -0.101923 -0.123016 -0.099532 -0.106778 -0.107615 -0.115896 -0.114171 -0.114932 -0.137156 -0.115746 -0.10159 -0.125081 -0.120738 -0.130608
-0.112747 -0.102607 -0.106706 -0.103159 -0.124407 -0.106784 -0.109613 -0.106742 -0.119301 -0.099939 -0.111242 -0.115909 -0.108312 -0.106713 -0.102707 -0.107472 -0.113366 -0.106787 -0.100127 -0.098107 -0.126385 -0.114843 -0.108496 -0.119838 -0.104133 -0.126284 -0.100912 -0.12497 -0.099232 -0.117387 -0.111817 -0.107167 -0.107911 -0.10086 -0.107501 -0.0895 -0.100191 -0.114755 -0.101128 -0.108825 -0.100076 -0.115426 -0.118903 -0.111814 -0.135507 -0.113934 -0.098886 -0.117629 -0.120567 -0.135078
-0.112446 -0.10077 -0.10261 -0.101169 -0.132555 -0.106308 -0.106532 -0.107705 -0.121351 -0.100787 -0.11266 -0.118049 -0.106678 -0.103534 -0.103073 -0.10362 -0.113227 -0.10574 -0.097674 -0.098221 -0.12954 -0.114234 -0.10305 -0.120262 -0.102295 -0.124557 -0.101179 -0.129414 -0.097955 -0.112903 -0.108062 -0.10652 -0.108191 -0.097572 -0.106106 -0.092589 -0.093979 -0.107452 -0.09927 -0.104521 -0.108845 -0.121675 -0.120553 -0.111206 -0.120144 -0.114441 -0.103234 -0.115518 -0.131064 -0.130211
-0.109393 -0.099342 -0.104028 -0.102431 -0.132673 -0.103457 -0.107042 -0.107854 -0.120514 -0.09848 -0.112282 -0.119428 -0.104922 -0.105628 -0.098547 -0.102575 -0.114405 -0.102404 -0.099442 -0.098111 -0.121457 -0.116092 -0.097589 -0.116046 -0.104428 -0.125806 -0.102058 -0.13004 -0.100621 -0.115342 -0.112257 -0.107953 -0.108117 -0.102319 -0.103251 -0.09098 -0.094507 -0.104093 -0.093748 -0.103721 -0.105332 -0.119448 -0.116239 -0.113068 -0.117177 -0.109693 -0.100495 -0.117548 -0.131806 -0.125398
-0.098574 -0.099576 -0.101546 -0.101909 -0.132091 -0.108026 -0.103023 -0.107913 -0.121395 -0.097155 -0.11177 -0.118879 -0.105097 -0.103124 -0.099099 -0.100515 -0.11335 -0.100824 -0.098489 -0.098702 -0.111743 -0.112631 -0.100323 -0.116739 -0.102054 -0.123513 -0.099363 -0.13334 -0.098666 -0.115637 -0.109402 -0.109679 -0.088355 -0.099611 -0.100863 -0.089948 -0.095823 -0.097918 -0.094359 -0.10209 -0.100636 -0.119163 -0.11286 -0.113745 -0.119655 -0.108724 -0.098492 -0.113348 -0.124763 -0.12506
-0.104873 -0.099956 -0.103416 -0.101003 -0.127087 -0.10529 -0.101862 -0.091779 -0.123467 -0.100627 -0.113958 -0.118025 -0.105586 -0.10508 -0.099837 -0.099761 -0.116603 -0.099184 -0.097396 -0.098893 -0.127934 -0.113239 -0.096009 -0.113698 -0.100666 -0.12479 -0.101884 -0.127271 -0.099039 -0.11462 -0.108989 -0.109223 -0.086031 -0.101056 -0.101132 -0.071668 -0.093114 -0.098646 -0.093437 -0.101197 -0.095941 -0.116968 -0.110694 -0.113369 -0.116612 -0.10478 -0.099718 -0.111922 -0.124855 -0.125179
-0.104826 -0.099039 -0.102884 -0.098277 -0.125746 -0.106048 -0.099021 -0.093515 -0.120581 -0.098768 -0.11449 -0.115735 -0.087469 -0.10541 -0.098478 -0.094846 -0.114906 -0.107665 -0.096177 -0.098452 -0.12024 -0.111792 -0.097619 -0.115188 -0.101698 -0.123287 -0.098307 -0.131437 -0.099721 -0.111463 -0.107222 -0.107649 -0.085266 -0.099077 -0.098225 -0.080538 -0.093229 -0.101289 -0.091188 -0.099534 -0.094758 -0.119653 -0.112564 -0.108047 -0.115949 -0.104167 -0.100836 -0.113319 -0.115586 -0.12294
-0.103647 -0.092579 -0.099717 -0.100131 -0.109108 -0.105116 -0.098493 -0.096277 -0.117438 -0.097287 -0.114685 -0.116318 -0.088918 -0.108213 -0.098279 -0.098481 -0.113918 -0.096619 -0.087912 -0.095932 -0.120011 -0.113066 -0.097324 -0.114162 -0.098338 -0.119602 -0.101159 -0.139215 -0.09859 -0.113496 -0.104372 -0.107886 -0.086111 -0.099072 -0.097147 -0.077344 -0.088877 -0.097815 -0.091812 -0.099178 -0.094261 -0.119395 -0.107939 -0.106347 -0.115306 -0.105621 -0.100777 -0.114191 -0.1082 -0.124394
-0.103587 -0.087541 -0.103558 -0.100226 -0.110121 -0.103157 -0.096562 -0.096334 -0.116071 -0.097299 -0.115191 -0.114725 -0.088371 -0.106071 -0.100684 -0.096645 -0.112894 -0.09632 -0.087915 -0.094645 -0.122295 -0.110523 -0.100401 -0.113465 -0.105292 -0.117288 -0.098102 -0.13771 -0.098626 -0.11342 -0.109188 -0.093445 -0.103166 -0.094766 -0.094858 -0.076279 -0.089396 -0.098141 -0.091629 -0.100494 -0.091945 -0.11982 -0.104986 -0.113734 -0.120108 -0.104523 -0.100132 -0.115025 -0.10624 -0.125388
-0.105336 -0.081102 -0.104715 -0.101515 -0.104364 -0.103554 -0.097202 -0.094189 -0.11649 -0.099167 -0.115425 -0.117169 -0.089095 -0.105547 -0.10215 -0.097595 -0.113114 -0.097863 -0.087716 -0.085208 -0.119148 -0.10852 -0.098398 -0.110158 -0.095297 -0.113457 -0.100638 -0.154285 -0.093995 -0.112196 -0.10531 -0.086686 -0.084805 -0.098702 -0.097353 -0.079684 -0.089055 -0.090738 -0.091518 -0.0986 -0.09094 -0.117768 -0.102089 -0.105562 -0.120296 -0.104616 -0.105249 -0.115657 -0.105343 -0.124699
-0.095298 -0.080887 -0.095132 -0.102572 -0.104165 -0.104699 -0.095739 -0.093448 -0.115748 -0.094288 -0.113559 -0.11429 -0.091581 -0.106273 -0.100167 -0.097574 -0.115177 -0.097035 -0.085192 -0.087589 -0.120717 -0.112328 -0.100476 -0.110587 -0.099233 -0.115378 -0.098507 -0.155001 -0.09251 -0.11214 -0.100895 -0.087386 -0.086949 -0.097362 -0.095025 -0.076634 -0.088591 -0.092952 -0.088255 -0.098431 -0.088961 -0.119108 -0.105729 -0.090213 -0.108092 -0.101662 -0.103429 -0.111567 -0.106205 -0.122064
-0.105999 -0.082963 -0.094697 -0.103392 -0.103241 -0.102631 -0.096497 -0.093986 -0.102991 -0.094033 -0.111384 -0.11698 -0.092158 -0.107944 -0.100708 -0.09707 -0.115483 -0.091041 -0.082095 -0.088497 -0.119113 -0.110267 -0.099808 -0.112547 -0.098696 -0.113699 -0.101899 -0.147587 -0.088215 -0.114157 -0.098172 -0.090054 -0.085967 -0.097364 -0.098448 -0.075765 -0.088659 -0.089777 -0.084445 -0.099409 -0.089271 -0.111033 -0.106679 -0.085246 -0.111357 -0.102386 -0.102586 -0.112094 -0.100271 -0.11849
-0.104164 -0.084352 -0.096431 -0.107674 -0.101002 -0.100511 -0.093663 -0.097099 -0.099096 -0.092531 -0.113811 -0.117922 -0.09378 -0.106758 -0.092487 -0.100781 -0.116343 -0.090558 -0.085335 -0.088252 -0.115273 -0.115412 -0.098591 -0.109768 -0.098374 -0.115354 -0.105089 -0.143174 -0.090277 -0.113196 -0.098678 -0.086728 -0.087985 -0.098555 -0.096169 -0.076729 -0.088202 -0.094149 -0.085417 -0.097268 -0.091037 -0.112675 -0.107587 -0.084517 -0.108441 -0.106489 -0.102128 -0.108821 -0.096462 -0.122031
-0.106167 -0.088096 -0.093479 -0.104723 -0.103269 -0.101504 -0.095196 -0.091062 -0.095509 -0.092227 -0.112747 -0.116094 -0.086474 -0.106538 -0.089169 -0.103027 -0.114352 -0.087647 -0.085595 -0.089572 -0.113193 -0.112127 -0.100306 -0.112385 -0.098631 -0.110569 -0.104259 -0.112632 -0.089971 -0.113049 -0.096747 -0.087393 -0.08715 -0.098041 -0.098033 -0.074234 -0.089393 -0.097334 -0.086868 -0.098339 -0.089396 -0.112222 -0.107655 -0.08389 -0.108776 -0.101163 -0.098429 -0.106883 -0.095786 -0.11842
-0.104928 -0.087716 -0.092383 -0.100093 -0.101855 -0.101315 -0.095448 -0.092256 -0.093329 -0.092864 -0.11438 -0.117678 -0.088158 -0.099589 -0.090661 -0.102647 -0.111952 -0.087037 -0.089301 -0.088905 -0.116115 -0.111442 -0.095236 -0.112699 -0.102953 -0.112131 -0.100758 -0.113439 -0.091864 -0.112088 -0.095736 -0.087881 -0.087421 -0.09692 -0.085677 -0.080336 -0.088951 -0.10091 -0.085501 -0.092132 -0.088473 -0.110003 -0.110602 -0.084859 -0.106648 -0.104157 -0.099834 -0.10766 -0.093108 -0.117686
-0.104587 -0.088226 -0.091709 -0.100736 -0.100932 -0.099417 -0.09459 -0.091562 -0.092025 -0.094531 -0.11415 -0.111657 -0.087421 -0.099056 -0.090258 -0.098025 -0.128106 -0.088917 -0.084903 -0.089062 -0.117271 -0.110199 -0.09365 -0.110797 -0.102814 -0.103493 -0.097145 -0.108394 -0.08933 -0.112668 -0.098117 -0.087661 -0.088144 -0.09518 -0.080351 -0.077919 -0.081021 -0.099889 -0.085277 -0.09297 -0.086759 -0.109913 -0.108058 -0.081638 -0.105349 -0.103366 -0.10185 -0.107253 -0.107683 -0.118327
-0.098389 -0.087032 -0.094592 -0.098407 -0.100664 -0.102356 -0.092692 -0.090026 -0.093133 -0.095839 -0.113406 -0.112195 -0.087238 -0.101449 -0.0907 -0.094024 -0.112988 -0.088824 -0.083092 -0.088759 -0.11773 -0.103644 -0.096347 -0.107848 -0.103629 -0.103726 -0.096727 -0.109232 -0.08528 -0.113792 -0.098921 -0.088454 -0.088808 -0.09444 -0.084224 -0.074068 -0.08158 -0.098543 -0.084895 -0.09317 -0.085269 -0.10989 -0.108454 -0.081047 -0.102648 -0.101334 -0.097446 -0.107439 -0.108288 -0.117746
-0.097717 -0.085819 -0.098475 -0.0994 -0.093484 -0.097472 -0.093315 -0.086861 -0.089043 -0.094705 -0.115355 -0.105348 -0.08766 -0.101439 -0.089937 -0.098847 -0.114451 -0.086187 -0.084345 -0.087856 -0.117119 -0.106232 -0.096157 -0.110293 -0.104605 -0.103438 -0.098344 -0.100934 -0.087644 -0.110247 -0.099831 -0.080486 -0.088229 -0.094187 -0.081657 -0.075296 -0.080443 -0.09562 -0.085323 -0.092327 -0.087844 -0.109058 -0.110151 -0.082947 -0.104446 -0.100472 -0.097666 -0.098108 -0.108788 -0.115283
-0.097332 -0.086993 -0.100921 -0.097016 -0.094855 -0.096241 -0.092193 -0.0855 -0.091472 -0.089797 -0.111444 -0.102821 -0.085916 -0.099447 -0.088671 -0.106109 -0.107174 -0.087577 -0.086229 -0.08779 -0.117326 -0.103575 -0.0974 -0.111634 -0.102965 -0.100557 -0.10343 -0.104611 -0.089517 -0.109257 -0.099092 -0.081744 -0.084777 -0.093713 -0.082058 -0.073717 -0.079086 -0.094877 -0.087895 -0.095997 -0.088407 -0.109816 -0.11015 -0.082049 -0.104137 -0.100412 -0.100112 -0.101608 -0.093361 -0.116883
-0.098398 -0.086274 -0.099889 -0.097639 -0.092958 -0.094857 -0.083967 -0.085354 -0.089151 -0.088856 -0.112211 -0.103687 -0.08842 -0.097685 -0.083461 -0.106279 -0.107432 -0.089234 -0.086046 -0.090008 -0.115001 -0.105794 -0.09708 -0.108521 -0.103718 -0.101186 -0.098317 -0.10266 -0.088178 -0.109874 -0.098542 -0.080937 -0.086261 -0.092293 -0.080085 -0.076337 -0.086116 -0.095027 -0.085216 -0.099026 -0.087783 -0.107194 -0.103464 -0.082741 -0.10465 -0.10015 -0.097025 -0.096496 -0.094232 -0.116171
-0.095787 -0.086657 -0.099089 -0.096498 -0.090487 -0.097122 -0.085005 -0.084915 -0.085375 -0.09014 -0.113684 -0.100109 -0.08512 -0.100547 -0.085323 -0.105354 -0.106131 -0.087441 -0.08347 -0.090619 -0.115172 -0.103785 -0.099315 -0.110161 -0.103338 -0.101071 -0.095841 -0.103738 -0.089201 -0.110328 -0.091663 -0.080419 -0.088491 -0.086177 -0.082326 -0.075668 -0.085182 -0.095117 -0.087639 -0.097703 -0.088068 -0.109217 -0.103897 -0.083986 -0.105719 -0.100182 -0.099281 -0.097938 -0.09386 -0.114597
-0.092489 -0.086483 -0.095856 -0.095935 -0.091533 -0.096058 -0.087173 -0.086587 -0.091051 -0.091784 -0.112544 -0.094854 -0.082236 -0.099182 -0.085713 -0.095752 -0.107927 -0.088676 -0.085656 -0.090226 -0.11474 -0.102913 -0.093885 -0.109085 -0.100059 -0.099279 -0.097641 -0.102255 -0.087855 -0.107889 -0.093576 -0.082039 -0.08469 -0.086875 -0.080337 -0.075098 -0.085711 -0.094862 -0.084921 -0.093799 -0.089531 -0.110956 -0.102831 -0.085042 -0.103589 -0.10079 -0.096991 -0.09966 -0.091899 -0.108779
-0.092985 -0.08594 -0.091855 -0.097903 -0.092727 -0.095954 -0.088163 -0.087782 -0.088215 -0.091496 -0.113341 -0.094832 -0.081809 -0.099069 -0.081697 -0.095885 -0.106008 -0.087204 -0.091244 -0.088655 -0.116331 -0.103824 -0.095317 -0.104878 -0.101806 -0.101636 -0.094399 -0.099427 -0.088909 -0.109324 -0.090701 -0.080558 -0.085074 -0.085229 -0.07986 -0.073199 -0.081246 -0.096761 -0.084487 -0.093177 -0.089969 -0.110852 -0.106168 -0.08355 -0.104672 -0.099022 -0.098021 -0.100702 -0.090477 -0.109653
-0.093377 -0.085817 -0.092717 -0.096894 -0.091534 -0.09846 -0.085119 -0.092541 -0.089901 -0.090424 -0.111886 -0.098423 -0.081766 -0.098456 -0.082963 -0.093442 -0.10532 -0.086654 -0.091323 -0.089901 -0.111817 -0.101624 -0.099371 -0.10569 -0.101626 -0.099461 -0.095395 -0.097339 -0.088704 -0.107906 -0.090516 -0.077575 -0.086456 -0.084014 -0.078781 -0.073976 -0.081349 -0.095784 -0.085892 -0.090436 -0.090063 -0.111161 -0.102135 -0.082782 -0.100878 -0.099359 -0.093589 -0.097213 -0.091876 -0.104661
-0.093337 -0.085696 -0.09144 -0.097201 -0.091102 -0.0999 -0.086129 -0.093221 -0.086892 -0.091876 -0.111886 -0.097831 -0.081724 -0.098408 -0.086558 -0.094861 -0.106613 -0.086206 -0.089544 -0.090743 -0.111924 -0.10107 -0.097945 -0.102818 -0.103105 -0.100512 -0.095504 -0.09822 -0.087629 -0.108902 -0.094063 -0.083099 -0.085458 -0.085461 -0.080699 -0.078279 -0.081211 -0.094121 -0.085973 -0.090768 -0.091783 -0.108623 -0.107206 -0.084033 -0.101111 -0.101184 -0.093405 -0.098052 -0.088588 -0.102212
-0.092742 -0.088357 -0.093609 -0.097781 -0.091267 -0.097378 -0.087324 -0.094787 -0.086919 -0.089478 -0.113552 -0.095489 -0.081171 -0.097261 -0.080279 -0.093783 -0.105232 -0.087365 -0.090207 -0.090932 -0.109185 -0.100023 -0.100427 -0.103586 -0.100585 -0.101391 -0.095889 -0.096654 -0.089117 -0.109427 -0.092633 -0.08309 -0.087799 -0.085359 -0.077118 -0.077142 -0.080674 -0.096818 -0.08779 -0.087517 -0.09051 -0.112342 -0.105058 -0.082961 -0.103453 -0.103026 -0.094192 -0.094892 -0.088977 -0.100465
-0.095719 -0.084885 -0.089481 -0.097458 -0.090133 -0.098922 -0.086211 -0.093567 -0.087284 -0.08928 -0.109489 -0.097366 -0.084463 -0.097769 -0.083702 -0.092637 -0.10638 -0.084672 -0.091814 -0.088413 -0.10521 -0.104131 -0.10161 -0.105249 -0.101743 -0.102859 -0.096256 -0.097061 -0.087251 -0.110275 -0.091812 -0.083914 -0.088709 -0.08758 -0.076509 -0.079377 -0.08036 -0.094811 -0.087192 -0.09115 -0.090915 -0.097208 -0.10538 -0.083132 -0.105023 -0.100661 -0.093133 -0.096253 -0.090586 -0.100438
-0.095411 -0.085102 -0.090414 -0.096695 -0.085769 -0.098709 -0.087155 -0.093113 -0.082683 -0.091512 -0.105103 -0.097445 -0.082373 -0.095528 -0.083643 -0.094296 -0.108257 -0.0807 -0.089171 -0.089956 -0.106694 -0.105248 -0.098844 -0.105091 -0.099774 -0.101265 -0.094225 -0.100726 -0.088426 -0.103791 -0.089217 -0.085247 -0.086073 -0.086253 -0.074186 -0.07995 -0.078427 -0.095816 -0.085642 -0.088066 -0.0929 -0.096931 -0.101453 -0.083499 -0.10728 -0.10053 -0.094536 -0.095305 -0.089502 -0.100532
-0.093879 -0.085244 -0.089593 -0.095266 -0.087763 -0.099765 -0.086566 -0.093758 -0.08588 -0.093167 -0.10613 -0.095791 -0.083447 -0.094403 -0.083852 -0.091598 -0.105901 -0.092554 -0.090621 -0.088155 -0.10679 -0.100204 -0.101342 -0.103591 -0.101388 -0.10172 -0.096726 -0.091652 -0.089626 -0.104099 -0.08854 -0.087324 -0.088378 -0.091344 -0.072497 -0.079027 -0.079887 -0.095712 -0.084193 -0.089463 -0.089922 -0.097791 -0.099387 -0.082367 -0.102387 -0.098709 -0.089696 -0.094155 -0.091262 -0.099932
-0.093588 -0.088698 -0.090394 -0.098291 -0.087962 -0.095018 -0.085326 -0.092509 -0.082619 -0.090677 -0.10489 -0.095752 -0.082343 -0.094867 -0.080009 -0.093666 -0.106181 -0.089787 -0.090646 -0.086297 -0.104331 -0.101453 -0.101876 -0.10339 -0.103884 -0.097373 -0.094947 -0.099083 -0.089169 -0.103313 -0.08903 -0.086757 -0.089706 -0.089254 -0.073997 -0.077521 -0.083538 -0.094813 -0.087402 -0.091049 -0.088352 -0.096633 -0.099714 -0.083711 -0.101131 -0.101773 -0.090251 -0.094817 -0.091452 -0.100249
-0.094465 -0.087753 -0.089075 -0.098996 -0.088897 -0.09335 -0.087544 -0.095257 -0.086647 -0.08991 -0.105125 -0.095169 -0.083872 -0.092965 -0.082021 -0.093502 -0.10211 -0.087976 -0.090953 -0.085826 -0.104238 -0.102379 -0.101607 -0.103636 -0.101497 -0.098521 -0.096868 -0.101198 -0.086392 -0.101578 -0.087498 -0.079532 -0.090236 -0.087889 -0.077406 -0.076726 -0.083896 -0.093793 -0.085232 -0.09004 -0.088409 -0.097309 -0.099319 -0.084095 -0.103826 -0.101961 -0.088646 -0.095748 -0.094353 -0.100981
-0.093694 -0.087525 -0.091343 -0.09897 -0.089011 -0.092981 -0.088609 -0.091247 -0.086288 -0.093171 -0.108465 -0.097232 -0.079698 -0.089895 -0.079378 -0.092561 -0.10004 -0.092585 -0.089789 -0.085979 -0.103775 -0.100953 -0.101273 -0.103552 -0.10101 -0.09954 -0.094331 -0.102495 -0.089694 -0.101173 -0.087255 -0.079384 -0.088842 -0.087686 -0.077106 -0.078458 -0.086616 -0.095798 -0.08487 -0.089382 -0.092602 -0.097033 -0.100639 -0.084839 -0.104346 -0.102402 -0.089219 -0.095991 -0.095083 -0.098981
-0.092598 -0.091024 -0.090175 -0.096899 -0.089876 -0.090637 -0.088379 -0.087374 -0.08734 -0.093349 -0.106698 -0.097176 -0.078305 -0.094605 -0.082287 -0.093026 -0.099073 -0.091844 -0.089867 -0.087541 -0.106543 -0.101178 -0.102709 -0.103089 -0.100803 -0.098309 -0.096212 -0.104198 -0.090154 -0.100538 -0.08778 -0.078375 -0.090037 -0.08627 -0.073561 -0.07823 -0.085301 -0.093431 -0.085859 -0.088484 -0.092524 -0.097097 -0.098874 -0.083512 -0.104032 -0.101017 -0.08895 -0.095517 -0.095372 -0.09938
-0.095257 -0.088677 -0.091626 -0.096254 -0.08752 -0.092055 -0.085414 -0.08499 -0.084341 -0.091697 -0.106083 -0.094444 -0.079417 -0.093986 -0.08127 -0.092582 -0.097563 -0.089715 -0.086084 -0.089073 -0.106578 -0.101286 -0.099426 -0.105679 -0.100136 -0.100115 -0.093937 -0.106469 -0.089672 -0.101373 -0.092178 -0.079835 -0.088447 -0.087095 -0.076339 -0.083153 -0.087245 -0.094102 -0.086559 -0.091278 -0.089152 -0.095371 -0.098826 -0.084923 -0.106126 -0.09576 -0.087887 -0.095293 -0.095612 -0.100872
-0.094581 -0.089988 -0.090519 -0.0975 -0.088606 -0.091924 -0.086512 -0.08802 -0.084143 -0.092209 -0.107323 -0.095544 -0.081081 -0.093387 -0.084057 -0.095019 -0.096935 -0.090097 -0.08978 -0.087112 -0.10543 -0.103097 -0.099227 -0.103703 -0.099122 -0.099267 -0.093182 -0.105499 -0.091918 -0.099654 -0.088561 -0.079132 -0.087545 -0.086446 -0.075717 -0.079462 -0.083563 -0.09398 -0.085598 -0.096428 -0.087362 -0.094091 -0.099628 -0.0831 -0.106862 -0.096383 -0.089793 -0.095176 -0.092155 -0.100407
-0.092089 -0.092357 -0.089819 -0.097026 -0.086746 -0.091572 -0.085308 -0.088024 -0.083938 -0.090765 -0.107751 -0.095406 -0.080158 -0.093613 -0.084543 -0.094354 -0.099033 -0.088369 -0.088444 -0.086438 -0.106493 -0.103302 -0.097551 -0.103081 -0.099695 -0.098488 -0.093457 -0.107007 -0.092525 -0.099909 -0.088215 -0.081666 -0.087793 -0.085909 -0.077074 -0.080119 -0.08572 -0.094395 -0.085082 -0.095373 -0.08564 -0.097304 -0.098068 -0.084784 -0.10617 -0.094324 -0.088726 -0.09708 -0.09319 -0.100503
-0.095197 -0.084021 -0.091185 -0.097992 -0.087918 -0.091314 -0.086252 -0.088112 -0.086073 -0.093281 -0.104298 -0.096238 -0.078032 -0.094537 -0.083845 -0.095751 -0.096944 -0.090228 -0.088238 -0.091219 -0.106016 -0.103022 -0.099366 -0.103079 -0.095824 -0.097229 -0.095127 -0.107943 -0.091995 -0.101391 -0.086756 -0.079032 -0.087131 -0.088303 -0.075715 -0.077666 -0.091115 -0.095771 -0.084415 -0.093855 -0.086356 -0.09496 -0.098456 -0.084337 -0.10476 -0.093266 -0.090622 -0.096479 -0.093337 -0.10195
