-0.253088 -0.321248 -0.283234 -0.335351 -0.256976 -0.320218 -0.266053 -0.302016 -0.303575 -0.293528 -0.303439 -0.21591 -0.274258 -0.330566 -0.338468 -0.236918 -0.279065 -0.302659 -0.416742 -0.406601 -0.308501 -0.305963 -0.320681 -0.3104 -0.334203 -0.355417 -0.343667 -0.298206 -0.285483 -0.286115 -0.257518 -0.213997 -0.295426 -0.284218 -0.332345 -0.382341 -0.312772 -0.335813 -0.294846 -0.288035 -0.318001 -0.239768 -0.292123 -0.258712 -0.259264 -0.26353 -0.293876 -0.253363 -0.279758 -0.282822
-0.188169 -0.214949 -0.235164 -0.200743 -0.168457 -0.268606 -0.209733 -0.196897 -0.2139 -0.199723 -0.218885 -0.192051 -0.198952 -0.236664 -0.207937 -0.193377 -0.231493 -0.228889 -0.237419 -0.308506 -0.244532 -0.206445 -0.296184 -0.21368 -0.258228 -0.270983 -0.180369 -0.227812 -0.207479 -0.188985 -0.166215 -0.173642 -0.201842 -0.227524 -0.300089 -0.250425 -0.246587 -0.262184 -0.2336 -0.232268 -0.197188 -0.193543 -0.174224 -0.24485 -0.235145 -0.214867 -0.232451 -0.176401 -0.237639 -0.231743
-0.165539 -0.182147 -0.216342 -0.207675 -0.184464 -0.155185 -0.15864 -0.175151 -0.163362 -0.174158 -0.163546 -0.163204 -0.176052 -0.193754 -0.184861 -0.172417 -0.183595 -0.194003 -0.222178 -0.285491 -0.223307 -0.171248 -0.207119 -0.16005 -0.168155 -0.234548 -0.176843 -0.181215 -0.137838 -0.193575 -0.140258 -0.171027 -0.180017 -0.168216 -0.230845 -0.168984 -0.18117 -0.187335 -0.187087 -0.181463 -0.18595 -0.167958 -0.128147 -0.216861 -0.178826 -0.171325 -0.204728 -0.180059 -0.255033 -0.170836
-0.148103 -0.151458 -0.163797 -0.181961 -0.170902 -0.146669 -0.150453 -0.170773 -0.155265 -0.152879 -0.155457 -0.164297 -0.13558 -0.172742 -0.177122 -0.169883 -0.165856 -0.162811 -0.192917 -0.24463 -0.162759 -0.158415 -0.15251 -0.16997 -0.154489 -0.21156 -0.150932 -0.143376 -0.122284 -0.169321 -0.129424 -0.161158 -0.173871 -0.149948 -0.214366 -0.149431 -0.188143 -0.19347 -0.167201 -0.178741 -0.17981 -0.140447 -0.108196 -0.192483 -0.153419 -0.154627 -0.150928 -0.181979 -0.227424 -0.140066
-0.146043 -0.148033 -0.137571 -0.168144 -0.158924 -0.147919 -0.150603 -0.136464 -0.132845 -0.143372 -0.14754 -0.155464 -0.12952 -0.160685 -0.170307 -0.151825 -0.149503 -0.155378 -0.145692 -0.210394 -0.161769 -0.15185 -0.142006 -0.163209 -0.133701 -0.18241 -0.143427 -0.113375 -0.115628 -0.11982 -0.102211 -0.159469 -0.164546 -0.132599 -0.188768 -0.150014 -0.18022 -0.162371 -0.154037 -0.15897 -0.159137 -0.134079 -0.116612 -0.168651 -0.13591 -0.137401 -0.133611 -0.166355 -0.197793 -0.136435
-0.132626 -0.14216 -0.124549 -0.165978 -0.155321 -0.137477 -0.141862 -0.103247 -0.127772 -0.126788 -0.148766 -0.143488 -0.126217 -0.141597 -0.136593 -0.140626 -0.143867 -0.145365 -0.151313 -0.147607 -0.162155 -0.146376 -0.140725 -0.163369 -0.132378 -0.153251 -0.14484 -0.112112 -0.118955 -0.115405 -0.103545 -0.140494 -0.151794 -0.129368 -0.178301 -0.117186 -0.15346 -0.142242 -0.131007 -0.159839 -0.14346 -0.123196 -0.107128 -0.164122 -0.132805 -0.13264 -0.125999 -0.164688 -0.187057 -0.130958
-0.116825 -0.144601 -0.128253 -0.147085 -0.137495 -0.141824 -0.140374 -0.10895 -0.123922 -0.135349 -0.128644 -0.141912 -0.124071 -0.133828 -0.130125 -0.130722 -0.139134 -0.125115 -0.142369 -0.131842 -0.147294 -0.13468 -0.117188 -0.133276 -0.13184 -0.141726 -0.144974 -0.11242 -0.114627 -0.106884 -0.103789 -0.127942 -0.151635 -0.127255 -0.165403 -0.113659 -0.137592 -0.142366 -0.130585 -0.160745 -0.129727 -0.122774 -0.107815 -0.152116 -0.127206 -0.131592 -0.118673 -0.15569 -0.16793 -0.123111
-0.116159 -0.14174 -0.12836 -0.132277 -0.124664 -0.13466 -0.128262 -0.10351 -0.119892 -0.12242 -0.125258 -0.134826 -0.127056 -0.130515 -0.126695 -0.130771 -0.141472 -0.120955 -0.141568 -0.128325 -0.139286 -0.118076 -0.108545 -0.136565 -0.13356 -0.136596 -0.134786 -0.105946 -0.112076 -0.104195 -0.101968 -0.124948 -0.145433 -0.124121 -0.162515 -0.112514 -0.136444 -0.142906 -0.115219 -0.153622 -0.123668 -0.121929 -0.104994 -0.152995 -0.128123 -0.112899 -0.117506 -0.151334 -0.155386 -0.124897
-0.110239 -0.1362 -0.121993 -0.122517 -0.11912 -0.136486 -0.112631 -0.099949 -0.121559 -0.119082 -0.125559 -0.130589 -0.107497 -0.127053 -0.112289 -0.130056 -0.132974 -0.119367 -0.129724 -0.127489 -0.138752 -0.119351 -0.10558 -0.135038 -0.114238 -0.123118 -0.130666 -0.104544 -0.111136 -0.102578 -0.101056 -0.129222 -0.137282 -0.123409 -0.140499 -0.10819 -0.129182 -0.141455 -0.116947 -0.146471 -0.124789 -0.119229 -0.099414 -0.142109 -0.126801 -0.113637 -0.116586 -0.150472 -0.144558 -0.132155
-0.104127 -0.132601 -0.109636 -0.126137 -0.123255 -0.113549 -0.10654 -0.099905 -0.121766 -0.113591 -0.121563 -0.129069 -0.105219 -0.122413 -0.123046 -0.118332 -0.129811 -0.119638 -0.133914 -0.109512 -0.135816 -0.116673 -0.105 -0.110508 -0.110473 -0.121101 -0.125225 -0.106898 -0.109315 -0.103596 -0.098173 -0.128983 -0.143897 -0.123333 -0.134949 -0.108304 -0.13235 -0.147397 -0.114263 -0.124252 -0.115978 -0.121075 -0.088867 -0.138233 -0.126302 -0.112211 -0.110114 -0.152171 -0.14022 -0.115821
-0.101576 -0.122855 -0.104869 -0.12257 -0.117809 -0.111264 -0.095515 -0.106871 -0.11852 -0.116707 -0.115675 -0.129767 -0.097409 -0.121296 -0.121021 -0.110332 -0.129156 -0.118147 -0.132427 -0.105097 -0.135058 -0.105688 -0.107303 -0.108332 -0.111885 -0.12682 -0.126668 -0.102625 -0.101212 -0.106126 -0.100513 -0.130711 -0.146051 -0.119872 -0.137179 -0.110149 -0.13275 -0.143485 -0.113877 -0.126912 -0.118413 -0.118066 -0.088731 -0.137708 -0.122563 -0.109774 -0.106667 -0.143628 -0.146941 -0.114477
-0.100426 -0.119117 -0.099889 -0.119594 -0.11443 -0.106477 -0.095958 -0.104196 -0.100653 -0.116139 -0.111662 -0.129685 -0.096528 -0.109436 -0.120909 -0.105122 -0.129963 -0.118768 -0.126535 -0.104923 -0.133456 -0.105984 -0.106764 -0.109625 -0.10628 -0.125081 -0.125754 -0.100433 -0.095494 -0.096821 -0.100147 -0.128452 -0.146727 -0.115045 -0.133578 -0.108324 -0.127145 -0.137975 -0.117355 -0.125546 -0.117831 -0.112815 -0.08903 -0.136916 -0.120598 -0.105942 -0.106576 -0.125434 -0.143159 -0.114111
-0.103568 -0.116696 -0.100295 -0.121642 -0.116386 -0.105464 -0.091666 -0.102242 -0.098931 -0.116351 -0.111361 -0.124322 -0.093814 -0.110815 -0.11886 -0.103716 -0.126436 -0.119557 -0.127687 -0.102635 -0.125817 -0.101983 -0.104759 -0.10676 -0.109368 -0.123508 -0.131263 -0.102427 -0.097017 -0.093388 -0.102667 -0.121644 -0.135216 -0.119752 -0.126782 -0.108917 -0.121513 -0.138328 -0.11237 -0.124971 -0.116891 -0.109447 -0.086984 -0.135321 -0.121562 -0.09288 -0.099254 -0.126546 -0.14666 -0.112946
-0.103983 -0.118332 -0.096151 -0.122496 -0.1123 -0.102975 -0.094807 -0.099281 -0.104639 -0.118563 -0.110897 -0.124058 -0.095372 -0.111339 -0.116784 -0.102209 -0.125982 -0.117214 -0.126101 -0.105507 -0.12771 -0.108341 -0.106251 -0.103274 -0.110102 -0.123259 -0.131204 -0.100751 -0.099263 -0.090421 -0.097256 -0.119392 -0.134193 -0.118758 -0.12541 -0.10792 -0.120915 -0.127322 -0.111167 -0.111724 -0.11828 -0.105798 -0.086639 -0.137956 -0.123792 -0.089696 -0.097612 -0.127338 -0.146649 -0.11207
-0.106121 -0.114197 -0.100366 -0.096069 -0.113697 -0.10115 -0.093974 -0.102118 -0.103511 -0.11776 -0.110529 -0.125154 -0.090964 -0.111481 -0.116586 -0.10641 -0.124814 -0.117283 -0.12268 -0.104986 -0.12644 -0.102459 -0.102472 -0.102623 -0.107205 -0.123644 -0.108833 -0.102987 -0.097444 -0.092929 -0.095616 -0.114955 -0.131575 -0.116345 -0.124631 -0.107357 -0.126643 -0.126251 -0.110617 -0.111759 -0.111067 -0.102779 -0.086782 -0.136105 -0.123624 -0.088222 -0.096945 -0.126956 -0.139843 -0.108866
-0.105467 -0.113152 -0.09934 -0.09643 -0.104466 -0.101558 -0.091844 -0.105386 -0.103065 -0.117405 -0.116452 -0.108502 -0.089673 -0.109218 -0.115235 -0.110281 -0.124184 -0.118667 -0.120761 -0.101545 -0.124588 -0.100082 -0.103844 -0.101685 -0.09679 -0.124248 -0.110161 -0.102494 -0.101275 -0.089591 -0.097886 -0.115773 -0.134086 -0.114859 -0.123011 -0.10532 -0.125492 -0.124015 -0.104521 -0.108707 -0.115994 -0.097667 -0.085077 -0.136671 -0.119939 -0.08192 -0.098074 -0.125856 -0.138746 -0.108932
-0.111589 -0.114328 -0.098 -0.099628 -0.104579 -0.100005 -0.089436 -0.098649 -0.103542 -0.116328 -0.110214 -0.105333 -0.086913 -0.109839 -0.11008 -0.111498 -0.124543 -0.117445 -0.117433 -0.108766 -0.125904 -0.104052 -0.098537 -0.103078 -0.096375 -0.120207 -0.108138 -0.098639 -0.106166 -0.088348 -0.09523 -0.122212 -0.133356 -0.100745 -0.125162 -0.107512 -0.125316 -0.123012 -0.106232 -0.111397 -0.106261 -0.100207 -0.086517 -0.14281 -0.121577 -0.082432 -0.100899 -0.121986 -0.132915 -0.107022
-0.112235 -0.113473 -0.094638 -0.100845 -0.101961 -0.09873 -0.091366 -0.1019 -0.100431 -0.119914 -0.106491 -0.105444 -0.085883 -0.110068 -0.107407 -0.103397 -0.12161 -0.118955 -0.112823 -0.101485 -0.118466 -0.104905 -0.098797 -0.099502 -0.091757 -0.11339 -0.105417 -0.095726 -0.106059 -0.088498 -0.095842 -0.121608 -0.13264 -0.098154 -0.119958 -0.105929 -0.113151 -0.118693 -0.107383 -0.111615 -0.105169 -0.097879 -0.086149 -0.123018 -0.110727 -0.087931 -0.09824 -0.120185 -0.130957 -0.108748
-0.106151 -0.110073 -0.092977 -0.100486 -0.10391 -0.099769 -0.090739 -0.099917 -0.103652 -0.119712 -0.109031 -0.101166 -0.087132 -0.114678 -0.104176 -0.103048 -0.121091 -0.109275 -0.110101 -0.10073 -0.120784 -0.105092 -0.096929 -0.099663 -0.093121 -0.111113 -0.105274 -0.09261 -0.105318 -0.084769 -0.091687 -0.126887 -0.134737 -0.096127 -0.1172 -0.106735 -0.110458 -0.118819 -0.105303 -0.110358 -0.103761 -0.096372 -0.087587 -0.118417 -0.105364 -0.08805 -0.098421 -0.120809 -0.130248 -0.107273
-0.102881 -0.109629 -0.090305 -0.102663 -0.100833 -0.099181 -0.090626 -0.103644 -0.096567 -0.109681 -0.105531 -0.10339 -0.085758 -0.109876 -0.10431 -0.10305 -0.122161 -0.10958 -0.109889 -0.1055 -0.117782 -0.104841 -0.100869 -0.093717 -0.091593 -0.105011 -0.10657 -0.092928 -0.099028 -0.088415 -0.093061 -0.117484 -0.135567 -0.094585 -0.117475 -0.104298 -0.108483 -0.119397 -0.10522 -0.109656 -0.102072 -0.096231 -0.087126 -0.116353 -0.106048 -0.090074 -0.098836 -0.120874 -0.1237 -0.101642
-0.102035 -0.108928 -0.087063 -0.100495 -0.10022 -0.092029 -0.090431 -0.10106 -0.097433 -0.102846 -0.103917 -0.098071 -0.084952 -0.109402 -0.098196 -0.098457 -0.124557 -0.101312 -0.111313 -0.104817 -0.120166 -0.102763 -0.093951 -0.094503 -0.08425 -0.101711 -0.106601 -0.092544 -0.101274 -0.086539 -0.093114 -0.111573 -0.136296 -0.089589 -0.116601 -0.10255 -0.109078 -0.110025 -0.102392 -0.110796 -0.100726 -0.09451 -0.088431 -0.118193 -0.109347 -0.084744 -0.097531 -0.116225 -0.122631 -0.100084
-0.10286 -0.109824 -0.087654 -0.10332 -0.100501 -0.092162 -0.090528 -0.099548 -0.0979 -0.102153 -0.105474 -0.096111 -0.085638 -0.107767 -0.096089 -0.101024 -0.119788 -0.100208 -0.109028 -0.104604 -0.119334 -0.104184 -0.089407 -0.092782 -0.082397 -0.097078 -0.105387 -0.092786 -0.097684 -0.086219 -0.087451 -0.104153 -0.127348 -0.088738 -0.115474 -0.105878 -0.097843 -0.10821 -0.100826 -0.104098 -0.097352 -0.093841 -0.08924 -0.116146 -0.107696 -0.086589 -0.097429 -0.119321 -0.098935 -0.097671
-0.102948 -0.11138 -0.088673 -0.103224 -0.100969 -0.090883 -0.090855 -0.099976 -0.096491 -0.10135 -0.103023 -0.095514 -0.084992 -0.109023 -0.091281 -0.096587 -0.114865 -0.100648 -0.102213 -0.103805 -0.118571 -0.104303 -0.088878 -0.093329 -0.082552 -0.099087 -0.105424 -0.091128 -0.095421 -0.08912 -0.08214 -0.100244 -0.128373 -0.088388 -0.094283 -0.104934 -0.09798 -0.099298 -0.097764 -0.100975 -0.090144 -0.09035 -0.091224 -0.115859 -0.109651 -0.084784 -0.098617 -0.11312 -0.097843 -0.093855
-0.105079 -0.094937 -0.085813 -0.09848 -0.103087 -0.08977 -0.089927 -0.098268 -0.096341 -0.099799 -0.108716 -0.09737 -0.082935 -0.110964 -0.091102 -0.093988 -0.116747 -0.09961 -0.105615 -0.102612 -0.118571 -0.101934 -0.09094 -0.089458 -0.082064 -0.099593 -0.103991 -0.091091 -0.095524 -0.085375 -0.080446 -0.100873 -0.12807 -0.088449 -0.09261 -0.100448 -0.096873 -0.101025 -0.093149 -0.097719 -0.091005 -0.093105 -0.089898 -0.112498 -0.107845 -0.083847 -0.098784 -0.107956 -0.100953 -0.0955
-0.103581 -0.096831 -0.081878 -0.100686 -0.096731 -0.091603 -0.089747 -0.102476 -0.101574 -0.099019 -0.107787 -0.095069 -0.084179 -0.110272 -0.089103 -0.093986 -0.115047 -0.100043 -0.103385 -0.102412 -0.119293 -0.099594 -0.084745 -0.088319 -0.083878 -0.097685 -0.104312 -0.087085 -0.095038 -0.080906 -0.084084 -0.098745 -0.12842 -0.089749 -0.09397 -0.098603 -0.095936 -0.097384 -0.092737 -0.09785 -0.090715 -0.094611 -0.088086 -0.110744 -0.109406 -0.088329 -0.093308 -0.107515 -0.094094 -0.097248
-0.103034 -0.090897 -0.082501 -0.100701 -0.091739 -0.084906 -0.088754 -0.098438 -0.101014 -0.096731 -0.10749 -0.094629 -0.080556 -0.110035 -0.089708 -0.09424 -0.115599 -0.097954 -0.105218 -0.101859 -0.110687 -0.096067 -0.086296 -0.086821 -0.088104 -0.094757 -0.102691 -0.090302 -0.093983 -0.080092 -0.07972 -0.094728 -0.12613 -0.089692 -0.093217 -0.097661 -0.096697 -0.093638 -0.082546 -0.097262 -0.092244 -0.093428 -0.088741 -0.110088 -0.102307 -0.085829 -0.092134 -0.107959 -0.091096 -0.094355
-0.096438 -0.092243 -0.08647 -0.095905 -0.093856 -0.083387 -0.089058 -0.085757 -0.09152 -0.09538 -0.100355 -0.090954 -0.081712 -0.109184 -0.088536 -0.094166 -0.118472 -0.10011 -0.105273 -0.097876 -0.090752 -0.093688 -0.086777 -0.089911 -0.084093 -0.092524 -0.102567 -0.090007 -0.09423 -0.078793 -0.079946 -0.093293 -0.124586 -0.0923 -0.087728 -0.098077 -0.096088 -0.097245 -0.083114 -0.099755 -0.091741 -0.087238 -0.088904 -0.111589 -0.102227 -0.087205 -0.093289 -0.105717 -0.092475 -0.099407
-0.098045 -0.091523 -0.087626 -0.092517 -0.090452 -0.082602 -0.090312 -0.082822 -0.089975 -0.096425 -0.099023 -0.085139 -0.081453 -0.107802 -0.088174 -0.093827 -0.117721 -0.09789 -0.105472 -0.092972 -0.089544 -0.093616 -0.084555 -0.089575 -0.083768 -0.089833 -0.101627 -0.089373 -0.092297 -0.081094 -0.080114 -0.094647 -0.12569 -0.090271 -0.085173 -0.095941 -0.092604 -0.092026 -0.084869 -0.099101 -0.093938 -0.084228 -0.08782 -0.10673 -0.095629 -0.085886 -0.091735 -0.10211 -0.090151 -0.098881
-0.094237 -0.091735 -0.090447 -0.093968 -0.091247 -0.086408 -0.086427 -0.080787 -0.09187 -0.0942 -0.100156 -0.085691 -0.08408 -0.100938 -0.08707 -0.09324 -0.117077 -0.09864 -0.102357 -0.095495 -0.090329 -0.093709 -0.079484 -0.090196 -0.079266 -0.089284 -0.101455 -0.08912 -0.08708 -0.080754 -0.083008 -0.094267 -0.125694 -0.084678 -0.079513 -0.097256 -0.090112 -0.0952 -0.086184 -0.095744 -0.092758 -0.084402 -0.087402 -0.106366 -0.096097 -0.086881 -0.089913 -0.101075 -0.091259 -0.099477
-0.099142 -0.091669 -0.089239 -0.093338 -0.091528 -0.085096 -0.087106 -0.081991 -0.089239 -0.092278 -0.098167 -0.083702 -0.083177 -0.100917 -0.087466 -0.091881 -0.114592 -0.099518 -0.100661 -0.092458 -0.090439 -0.093773 -0.081559 -0.086814 -0.081961 -0.089472 -0.100998 -0.08772 -0.089171 -0.078294 -0.082231 -0.094767 -0.114522 -0.086528 -0.078572 -0.096745 -0.090898 -0.094559 -0.084538 -0.095797 -0.092984 -0.083185 -0.086642 -0.107102 -0.092266 -0.086182 -0.086936 -0.101025 -0.093095 -0.099516
-0.10217 -0.08979 -0.088534 -0.092803 -0.093656 -0.086496 -0.08551 -0.081099 -0.089601 -0.093319 -0.094438 -0.084876 -0.081629 -0.098632 -0.086382 -0.090499 -0.119144 -0.097135 -0.102899 -0.09135 -0.090278 -0.090044 -0.082479 -0.086946 -0.080664 -0.088131 -0.094048 -0.088151 -0.087669 -0.078061 -0.082248 -0.094798 -0.112494 -0.085675 -0.080807 -0.090155 -0.089289 -0.093389 -0.083449 -0.094722 -0.090625 -0.082741 -0.087677 -0.093397 -0.091507 -0.084844 -0.08877 -0.100624 -0.092187 -0.101605
-0.100504 -0.088057 -0.088444 -0.08873 -0.089274 -0.08417 -0.083687 -0.081198 -0.088066 -0.093074 -0.086566 -0.086076 -0.081234 -0.098956 -0.084949 -0.094102 -0.119012 -0.09795 -0.103284 -0.092636 -0.085542 -0.090412 -0.078661 -0.087166 -0.080158 -0.08513 -0.09542 -0.08447 -0.090333 -0.077096 -0.081394 -0.089103 -0.115029 -0.077877 -0.080236 -0.090351 -0.091236 -0.093746 -0.084145 -0.091262 -0.089222 -0.083372 -0.086284 -0.092976 -0.091879 -0.083915 -0.087766 -0.0998 -0.091688 -0.100276
-0.102478 -0.08663 -0.088849 -0.084596 -0.091017 -0.085872 -0.085514 -0.082102 -0.088412 -0.092333 -0.085469 -0.086354 -0.080831 -0.096333 -0.086256 -0.092333 -0.117141 -0.093733 -0.103664 -0.090848 -0.08607 -0.090537 -0.07436 -0.087663 -0.07969 -0.084789 -0.093644 -0.086503 -0.088354 -0.071993 -0.084082 -0.092082 -0.114406 -0.078042 -0.082105 -0.090451 -0.092294 -0.09212 -0.082744 -0.092719 -0.088666 -0.080007 -0.082372 -0.093367 -0.091282 -0.082989 -0.087027 -0.088124 -0.090533 -0.101233
-0.101092 -0.086339 -0.085689 -0.083649 -0.089879 -0.085771 -0.086506 -0.080185 -0.087171 -0.093079 -0.08315 -0.086904 -0.079875 -0.096298 -0.089308 -0.089094 -0.118515 -0.096747 -0.100872 -0.088643 -0.078731 -0.089052 -0.072451 -0.091266 -0.078457 -0.085106 -0.094596 -0.083501 -0.085205 -0.072935 -0.079248 -0.090109 -0.116784 -0.077293 -0.082758 -0.089625 -0.090113 -0.093466 -0.083833 -0.091042 -0.089465 -0.081693 -0.0794 -0.094267 -0.092589 -0.080011 -0.086208 -0.088943 -0.09109 -0.10336
-0.100008 -0.085035 -0.086003 -0.08535 -0.089307 -0.085769 -0.085699 -0.080915 -0.083466 -0.093946 -0.084972 -0.090206 -0.079631 -0.096739 -0.090998 -0.089049 -0.118375 -0.092505 -0.101019 -0.086633 -0.079756 -0.087053 -0.073029 -0.088145 -0.077276 -0.087549 -0.092662 -0.084144 -0.085389 -0.072754 -0.079145 -0.09075 -0.111819 -0.078291 -0.081323 -0.089909 -0.08259 -0.093784 -0.084035 -0.0927 -0.090518 -0.08517 -0.080341 -0.090025 -0.091633 -0.081302 -0.086212 -0.084117 -0.088891 -0.0998
-0.101962 -0.085679 -0.084284 -0.084213 -0.089281 -0.083348 -0.086625 -0.078306 -0.083747 -0.093303 -0.08456 -0.088934 -0.079468 -0.093941 -0.090993 -0.090092 -0.118477 -0.091145 -0.098648 -0.087602 -0.079468 -0.088033 -0.072385 -0.087139 -0.076194 -0.086197 -0.091881 -0.083052 -0.08402 -0.073799 -0.077434 -0.084046 -0.109611 -0.079766 -0.078707 -0.089666 -0.081767 -0.092316 -0.083494 -0.094288 -0.09007 -0.084404 -0.078404 -0.09517 -0.091452 -0.079611 -0.086821 -0.083351 -0.090527 -0.100899
-0.100617 -0.086014 -0.085743 -0.088275 -0.089954 -0.08628 -0.087402 -0.077093 -0.081241 -0.094404 -0.084799 -0.089324 -0.080549 -0.094304 -0.087433 -0.08744 -0.12036 -0.091854 -0.096822 -0.087374 -0.078451 -0.086235 -0.073336 -0.08539 -0.077123 -0.084205 -0.09301 -0.082493 -0.082498 -0.070412 -0.076888 -0.087311 -0.110724 -0.077727 -0.079857 -0.087767 -0.082922 -0.094837 -0.081706 -0.09183 -0.091045 -0.078267 -0.077678 -0.088749 -0.087126 -0.079643 -0.085326 -0.084662 -0.088483 -0.09864
-0.100469 -0.08476 -0.085775 -0.088604 -0.088742 -0.084252 -0.083279 -0.076415 -0.081997 -0.091437 -0.085024 -0.090891 -0.078374 -0.091631 -0.082638 -0.088775 -0.093467 -0.091312 -0.091782 -0.086044 -0.080938 -0.088226 -0.070243 -0.083596 -0.076012 -0.08425 -0.092559 -0.082965 -0.082789 -0.073323 -0.079271 -0.089736 -0.112167 -0.076004 -0.080689 -0.083221 -0.080998 -0.093135 -0.08233 -0.090024 -0.091301 -0.078276 -0.078615 -0.086968 -0.086932 -0.079519 -0.085507 -0.07885 -0.089253 -0.096684
-0.100341 -0.087168 -0.087583 -0.08639 -0.090851 -0.083706 -0.082241 -0.074859 -0.080373 -0.090511 -0.083929 -0.08667 -0.078519 -0.093005 -0.083906 -0.080604 -0.094957 -0.089796 -0.088862 -0.084699 -0.081162 -0.083393 -0.069926 -0.084242 -0.075708 -0.085052 -0.088475 -0.084832 -0.081475 -0.072676 -0.077705 -0.089831 -0.112418 -0.072165 -0.080373 -0.084467 -0.081817 -0.094548 -0.081093 -0.090028 -0.08812 -0.077743 -0.077896 -0.085007 -0.086462 -0.0807 -0.084558 -0.079894 -0.089955 -0.098183
-0.09543 -0.087636 -0.087445 -0.087364 -0.087686 -0.084152 -0.07741 -0.074096 -0.081014 -0.090024 -0.079599 -0.088433 -0.074922 -0.09251 -0.083652 -0.080829 -0.094139 -0.091214 -0.086811 -0.085646 -0.081672 -0.079828 -0.069525 -0.084195 -0.074792 -0.084269 -0.088628 -0.083131 -0.08125 -0.071549 -0.080342 -0.087477 -0.113553 -0.072636 -0.08112 -0.082403 -0.083654 -0.093649 -0.081291 -0.089531 -0.087299 -0.078672 -0.075319 -0.086818 -0.08962 -0.082712 -0.088166 -0.079954 -0.086662 -0.096944
-0.094865 -0.086435 -0.084811 -0.085955 -0.086579 -0.081493 -0.076559 -0.073479 -0.081237 -0.089122 -0.079759 -0.084993 -0.070227 -0.086738 -0.082363 -0.080258 -0.095571 -0.091943 -0.090228 -0.087498 -0.080918 -0.082621 -0.070487 -0.084481 -0.074468 -0.081726 -0.088815 -0.084689 -0.082288 -0.070541 -0.079278 -0.085423 -0.113269 -0.071323 -0.081222 -0.082874 -0.081313 -0.090305 -0.081556 -0.089333 -0.088648 -0.076448 -0.077548 -0.085351 -0.086949 -0.081079 -0.086214 -0.079019 -0.085859 -0.096827
-0.093785 -0.086616 -0.086634 -0.085049 -0.08643 -0.083066 -0.075525 -0.076293 -0.081799 -0.089659 -0.077831 -0.086059 -0.069604 -0.089407 -0.082134 -0.080294 -0.09463 -0.089371 -0.089833 -0.083543 -0.079492 -0.083842 -0.073525 -0.084385 -0.072531 -0.080422 -0.090814 -0.084485 -0.081069 -0.068472 -0.077041 -0.085024 -0.112579 -0.071009 -0.083219 -0.081343 -0.080411 -0.09098 -0.084062 -0.08953 -0.088095 -0.078342 -0.077825 -0.086206 -0.086955 -0.079978 -0.088213 -0.077667 -0.085843 -0.097045
-0.094568 -0.086559 -0.088757 -0.08164 -0.087062 -0.086132 -0.076146 -0.072157 -0.08145 -0.087164 -0.076431 -0.084952 -0.06979 -0.089609 -0.082728 -0.080078 -0.094891 -0.086306 -0.089997 -0.08634 -0.083216 -0.081064 -0.070466 -0.082099 -0.07168 -0.081562 -0.09042 -0.083468 -0.081471 -0.066941 -0.071089 -0.086143 -0.111775 -0.069636 -0.073935 -0.081825 -0.080768 -0.09085 -0.08187 -0.0893 -0.088258 -0.077184 -0.078333 -0.074102 -0.086138 -0.080327 -0.083856 -0.078165 -0.084839 -0.096957
-0.091392 -0.085139 -0.08634 -0.081646 -0.089186 -0.085512 -0.074735 -0.071929 -0.08124 -0.088544 -0.072284 -0.085828 -0.071429 -0.089418 -0.082268 -0.079728 -0.093283 -0.091698 -0.089256 -0.085814 -0.079987 -0.081797 -0.069795 -0.080753 -0.074212 -0.079904 -0.092775 -0.083707 -0.078555 -0.063269 -0.069877 -0.086132 -0.109904 -0.070671 -0.075862 -0.081661 -0.079043 -0.092829 -0.080917 -0.090325 -0.085833 -0.078309 -0.078152 -0.072954 -0.086268 -0.080973 -0.084295 -0.075497 -0.084657 -0.096897
-0.092333 -0.085626 -0.087533 -0.082662 -0.088452 -0.081276 -0.075367 -0.072521 -0.080843 -0.091252 -0.071644 -0.086898 -0.070225 -0.094786 -0.076018 -0.078977 -0.09326 -0.092623 -0.08932 -0.087883 -0.07703 -0.081159 -0.068774 -0.082729 -0.072489 -0.080125 -0.091096 -0.085222 -0.072137 -0.062717 -0.067752 -0.084462 -0.107355 -0.068337 -0.076376 -0.08012 -0.078927 -0.092522 -0.084126 -0.087561 -0.086462 -0.075991 -0.076658 -0.070199 -0.08337 -0.082604 -0.087095 -0.078062 -0.075575 -0.095972
-0.090323 -0.08549 -0.08962 -0.081779 -0.08737 -0.07859 -0.076154 -0.074584 -0.082001 -0.091679 -0.073224 -0.08496 -0.068337 -0.094275 -0.074397 -0.081651 -0.093011 -0.092841 -0.088743 -0.086692 -0.078651 -0.083976 -0.069536 -0.083768 -0.072318 -0.078097 -0.096469 -0.083718 -0.075307 -0.061528 -0.069118 -0.085306 -0.100044 -0.063382 -0.075092 -0.077781 -0.078122 -0.092252 -0.08262 -0.087823 -0.084633 -0.074669 -0.0741 -0.070418 -0.084469 -0.08166 -0.087395 -0.077671 -0.075995 -0.095351
-0.092607 -0.083302 -0.089502 -0.083154 -0.086621 -0.080042 -0.07662 -0.076884 -0.082316 -0.089103 -0.073408 -0.080975 -0.06857 -0.093429 -0.073349 -0.079083 -0.092816 -0.095037 -0.087826 -0.084071 -0.077636 -0.080953 -0.069491 -0.082856 -0.073406 -0.080788 -0.095187 -0.080793 -0.07481 -0.062901 -0.069299 -0.082786 -0.09965 -0.068705 -0.077563 -0.079689 -0.076403 -0.091837 -0.083233 -0.089228 -0.08712 -0.075552 -0.076065 -0.070569 -0.0817 -0.082422 -0.085383 -0.070654 -0.076887 -0.09544
-0.092178 -0.084811 -0.087822 -0.081861 -0.082045 -0.079563 -0.078003 -0.075282 -0.078093 -0.089564 -0.072407 -0.079779 -0.067657 -0.093507 -0.076084 -0.079715 -0.09032 -0.091234 -0.088546 -0.083497 -0.077543 -0.083112 -0.070411 -0.082361 -0.071774 -0.081546 -0.093277 -0.082221 -0.073587 -0.067678 -0.068093 -0.083162 -0.102985 -0.067116 -0.075776 -0.081214 -0.078542 -0.091079 -0.081561 -0.088988 -0.081781 -0.075194 -0.076358 -0.07113 -0.084616 -0.083837 -0.087828 -0.071484 -0.077795 -0.094768
-0.092059 -0.08411 -0.086701 -0.081904 -0.080327 -0.080898 -0.076739 -0.075883 -0.081147 -0.086452 -0.074437 -0.07735 -0.067856 -0.094708 -0.075527 -0.076806 -0.094347 -0.091761 -0.083657 -0.082984 -0.076617 -0.082046 -0.06847 -0.080829 -0.072691 -0.082105 -0.094081 -0.082405 -0.072024 -0.067058 -0.070382 -0.08189 -0.102511 -0.067784 -0.076118 -0.070232 -0.076155 -0.095689 -0.078809 -0.08632 -0.083201 -0.073315 -0.075416 -0.070353 -0.085697 -0.083493 -0.08424 -0.070583 -0.076881 -0.089987
-0.0898 -0.069525 -0.085947 -0.08076 -0.082678 -0.074351 -0.077916 -0.077356 -0.083626 -0.085001 -0.06889 -0.078872 -0.067433 -0.091505 -0.075926 -0.076861 -0.093777 -0.08983 -0.086052 -0.081907 -0.075205 -0.083532 -0.068412 -0.08014 -0.073194 -0.08316 -0.095359 -0.084011 -0.074159 -0.066463 -0.069871 -0.079798 -0.089915 -0.065057 -0.077998 -0.074349 -0.078644 -0.09278 -0.079214 -0.089599 -0.081932 -0.076851 -0.072744 -0.070095 -0.084744 -0.078966 -0.084389 -0.070637 -0.076198 -0.094701
