-0.208832 -0.222486 -0.185738 -0.229945 -0.321012 -0.221273 -0.193751 -0.305562 -0.222839 -0.233521 -0.294356 -0.227988 -0.270763 -0.210514 -0.258717 -0.280258 -0.270466 -0.332647 -0.238116 -0.212555 -0.299084 -0.212532 -0.201084 -0.209822 -0.246674 -0.201566 -0.255992 -0.226702 -0.181865 -0.273039 -0.277432 -0.25117 -0.248876 -0.26058 -0.206746 -0.255 -0.245584 -0.232639 -0.233025 -0.225553 -0.244513 -0.2208 -0.280411 -0.216695 -0.216888 -0.21732 -0.223163 -0.280899 -0.245922 -0.264223
-0.205609 -0.207043 -0.167062 -0.21186 -0.201074 -0.192719 -0.183185 -0.22234 -0.200425 -0.187216 -0.22647 -0.179342 -0.19401 -0.178515 -0.153248 -0.218861 -0.197281 -0.223185 -0.168351 -0.188688 -0.255939 -0.190179 -0.141986 -0.166241 -0.186699 -0.163437 -0.162934 -0.178523 -0.142323 -0.189573 -0.211142 -0.189235 -0.185635 -0.205415 -0.178436 -0.203734 -0.210097 -0.17408 -0.213295 -0.12744 -0.212758 -0.221755 -0.207212 -0.172097 -0.184072 -0.14889 -0.142698 -0.22562 -0.211485 -0.194021
-0.156124 -0.1797 -0.119574 -0.196287 -0.138841 -0.138788 -0.144775 -0.205655 -0.189 -0.148493 -0.205575 -0.136142 -0.191177 -0.182588 -0.151751 -0.183289 -0.172502 -0.153665 -0.162375 -0.170423 -0.244235 -0.169331 -0.131437 -0.154418 -0.174734 -0.118031 -0.149253 -0.144781 -0.14192 -0.177468 -0.18636 -0.192238 -0.144674 -0.183038 -0.149438 -0.163375 -0.18459 -0.136748 -0.180925 -0.122643 -0.177636 -0.147138 -0.140944 -0.157434 -0.160463 -0.140579 -0.147323 -0.174776 -0.171417 -0.150688
-0.130948 -0.152849 -0.127701 -0.165596 -0.13794 -0.134353 -0.131045 -0.194768 -0.180758 -0.12533 -0.189539 -0.12955 -0.160342 -0.158382 -0.148202 -0.164702 -0.140274 -0.127507 -0.131061 -0.143906 -0.230459 -0.133908 -0.133652 -0.146038 -0.176284 -0.104777 -0.144982 -0.131856 -0.133145 -0.133604 -0.139213 -0.191916 -0.138367 -0.158129 -0.118507 -0.15715 -0.165914 -0.128595 -0.137254 -0.115983 -0.157858 -0.124524 -0.129998 -0.151451 -0.143971 -0.134297 -0.130937 -0.139464 -0.160723 -0.131928
-0.115129 -0.154118 -0.127989 -0.148816 -0.126708 -0.132114 -0.135323 -0.14494 -0.167038 -0.128842 -0.198766 -0.107802 -0.155128 -0.146072 -0.132734 -0.164082 -0.133252 -0.122424 -0.135906 -0.135588 -0.197305 -0.114709 -0.121188 -0.135743 -0.15549 -0.106592 -0.141261 -0.125916 -0.127397 -0.118678 -0.130086 -0.188216 -0.13676 -0.146331 -0.119357 -0.143947 -0.151781 -0.126993 -0.12174 -0.121015 -0.140939 -0.121577 -0.120611 -0.13371 -0.147282 -0.13667 -0.128835 -0.143142 -0.16681 -0.114582
-0.113483 -0.143675 -0.122799 -0.117906 -0.121978 -0.123187 -0.133549 -0.135063 -0.169765 -0.128714 -0.184363 -0.108249 -0.150726 -0.145228 -0.120381 -0.151716 -0.124982 -0.113702 -0.12484 -0.12036 -0.19156 -0.118106 -0.113535 -0.121603 -0.146063 -0.104629 -0.139069 -0.114466 -0.125824 -0.115593 -0.117093 -0.167935 -0.12977 -0.154056 -0.117851 -0.136469 -0.148678 -0.129825 -0.131153 -0.113521 -0.135457 -0.116505 -0.122582 -0.122382 -0.149351 -0.128649 -0.123029 -0.114439 -0.163982 -0.110168
-0.114456 -0.143851 -0.113151 -0.112724 -0.122004 -0.122945 -0.134211 -0.126419 -0.168731 -0.122086 -0.125466 -0.098913 -0.154518 -0.150499 -0.124438 -0.119535 -0.120765 -0.113192 -0.122674 -0.119501 -0.194493 -0.112157 -0.11557 -0.116794 -0.145357 -0.10657 -0.133992 -0.111229 -0.128509 -0.116735 -0.117589 -0.172643 -0.129086 -0.147032 -0.121865 -0.118971 -0.14703 -0.127049 -0.126815 -0.109715 -0.134968 -0.118618 -0.118962 -0.118522 -0.148383 -0.131137 -0.119718 -0.11157 -0.161516 -0.110033
-0.116396 -0.143192 -0.113143 -0.110395 -0.113036 -0.126561 -0.136277 -0.114125 -0.167943 -0.115012 -0.107024 -0.09489 -0.124127 -0.14426 -0.126035 -0.11006 -0.118352 -0.113177 -0.106067 -0.121306 -0.174948 -0.118351 -0.11855 -0.113329 -0.113187 -0.108082 -0.130245 -0.107294 -0.127403 -0.108973 -0.114666 -0.165176 -0.128395 -0.141102 -0.130581 -0.113413 -0.138963 -0.127977 -0.128351 -0.111494 -0.140798 -0.108714 -0.119388 -0.115488 -0.141136 -0.127198 -0.117248 -0.113108 -0.149783 -0.107173
-0.115291 -0.136647 -0.085749 -0.108636 -0.118186 -0.121746 -0.133339 -0.103961 -0.150775 -0.119463 -0.10443 -0.10582 -0.123501 -0.134392 -0.119158 -0.110251 -0.116116 -0.117286 -0.103868 -0.115887 -0.167433 -0.117142 -0.114583 -0.114492 -0.112494 -0.109004 -0.130856 -0.106149 -0.124571 -0.10913 -0.109243 -0.167033 -0.125091 -0.141081 -0.127806 -0.113774 -0.138419 -0.127416 -0.120859 -0.113386 -0.140632 -0.10585 -0.118645 -0.113051 -0.134238 -0.12483 -0.120314 -0.111689 -0.14752 -0.10731
-0.115642 -0.13526 -0.088272 -0.105771 -0.120341 -0.120577 -0.135333 -0.102838 -0.146475 -0.117243 -0.104784 -0.106593 -0.120159 -0.135311 -0.114119 -0.105836 -0.114946 -0.119743 -0.103712 -0.118761 -0.168332 -0.115304 -0.118357 -0.111934 -0.114368 -0.104767 -0.125311 -0.107321 -0.119758 -0.110443 -0.113074 -0.148608 -0.122446 -0.142531 -0.129007 -0.116073 -0.120442 -0.117612 -0.122736 -0.101978 -0.142429 -0.101467 -0.11827 -0.114881 -0.135682 -0.12009 -0.118974 -0.109604 -0.14436 -0.107142
-0.118374 -0.134981 -0.089143 -0.104464 -0.122547 -0.122428 -0.13459 -0.100453 -0.148244 -0.116254 -0.103277 -0.104321 -0.121987 -0.135413 -0.112399 -0.106596 -0.099229 -0.106422 -0.099914 -0.111998 -0.163412 -0.120237 -0.117665 -0.107377 -0.115094 -0.10168 -0.123231 -0.105262 -0.110441 -0.111105 -0.108359 -0.148481 -0.121746 -0.13446 -0.129115 -0.114129 -0.115222 -0.117009 -0.122936 -0.104156 -0.124832 -0.105139 -0.119056 -0.114816 -0.130168 -0.124214 -0.119711 -0.108988 -0.14169 -0.103695
-0.112801 -0.133197 -0.083938 -0.101469 -0.118312 -0.118792 -0.134783 -0.098687 -0.146919 -0.118627 -0.105941 -0.102629 -0.108728 -0.130834 -0.110613 -0.106003 -0.095619 -0.101941 -0.093527 -0.113187 -0.165024 -0.118392 -0.114008 -0.106875 -0.114649 -0.10193 -0.120215 -0.103294 -0.108525 -0.107907 -0.111906 -0.144992 -0.119933 -0.133557 -0.122661 -0.108692 -0.116247 -0.117263 -0.121358 -0.103938 -0.126902 -0.100625 -0.101645 -0.114881 -0.133606 -0.11259 -0.116293 -0.106767 -0.143844 -0.102675
-0.115424 -0.132574 -0.081116 -0.098569 -0.116486 -0.117107 -0.128377 -0.097425 -0.118611 -0.11946 -0.104302 -0.098523 -0.108491 -0.127786 -0.109708 -0.103411 -0.095293 -0.100338 -0.094082 -0.112933 -0.138052 -0.115083 -0.111831 -0.109345 -0.108385 -0.10123 -0.121935 -0.100158 -0.101282 -0.106137 -0.111738 -0.141113 -0.1177 -0.133078 -0.12238 -0.096232 -0.120121 -0.116819 -0.121563 -0.105529 -0.105823 -0.104181 -0.106981 -0.117564 -0.131004 -0.106463 -0.116811 -0.107532 -0.136301 -0.102544
-0.113801 -0.132204 -0.081866 -0.099034 -0.117693 -0.113497 -0.129299 -0.098297 -0.119979 -0.121871 -0.101744 -0.094645 -0.10518 -0.12269 -0.113747 -0.104246 -0.092022 -0.100858 -0.090607 -0.112371 -0.140225 -0.112094 -0.111874 -0.102606 -0.1069 -0.099254 -0.11994 -0.104109 -0.102456 -0.106646 -0.11143 -0.137966 -0.114142 -0.131888 -0.122518 -0.097161 -0.125928 -0.116428 -0.122582 -0.103288 -0.105143 -0.100817 -0.105527 -0.117857 -0.135084 -0.108577 -0.11563 -0.106294 -0.137229 -0.101774
-0.113919 -0.132958 -0.081665 -0.09634 -0.119787 -0.108001 -0.121893 -0.096234 -0.120673 -0.119734 -0.100435 -0.098716 -0.106893 -0.124206 -0.112793 -0.099932 -0.087027 -0.09941 -0.085438 -0.11518 -0.139921 -0.111561 -0.109419 -0.103395 -0.106052 -0.103172 -0.118711 -0.101861 -0.098602 -0.105121 -0.10897 -0.116151 -0.114947 -0.130095 -0.120055 -0.094386 -0.125179 -0.119076 -0.123424 -0.093147 -0.102976 -0.099177 -0.106977 -0.120022 -0.133768 -0.108314 -0.116937 -0.107334 -0.121456 -0.100088
-0.112782 -0.122989 -0.080318 -0.094669 -0.115811 -0.106285 -0.11783 -0.099024 -0.120895 -0.119483 -0.101038 -0.096532 -0.104484 -0.120238 -0.113152 -0.094915 -0.084452 -0.101398 -0.087901 -0.114481 -0.140149 -0.115629 -0.108737 -0.106696 -0.107004 -0.093304 -0.118412 -0.10307 -0.099175 -0.103889 -0.107745 -0.114145 -0.115122 -0.121206 -0.111465 -0.094941 -0.125437 -0.104251 -0.124355 -0.095704 -0.101837 -0.097922 -0.108142 -0.118176 -0.134387 -0.117166 -0.116117 -0.10643 -0.122456 -0.099801
-0.111223 -0.120735 -0.081019 -0.093739 -0.110573 -0.106711 -0.119989 -0.098256 -0.119493 -0.120163 -0.100182 -0.089777 -0.099121 -0.120815 -0.111586 -0.092656 -0.084177 -0.099857 -0.079157 -0.11288 -0.138355 -0.109118 -0.107658 -0.104844 -0.1047 -0.096703 -0.118207 -0.105402 -0.099363 -0.106224 -0.107248 -0.113189 -0.113519 -0.117345 -0.114601 -0.094193 -0.110963 -0.1057 -0.121159 -0.094875 -0.102352 -0.097235 -0.105563 -0.117841 -0.135056 -0.118375 -0.110488 -0.102559 -0.118561 -0.097253
-0.111807 -0.120414 -0.080653 -0.095009 -0.1124 -0.109749 -0.119946 -0.096501 -0.120425 -0.118128 -0.095793 -0.089664 -0.099264 -0.122521 -0.104755 -0.09044 -0.080675 -0.098518 -0.078493 -0.110031 -0.131083 -0.109714 -0.100123 -0.104283 -0.102948 -0.094232 -0.119509 -0.103175 -0.100503 -0.1015 -0.108482 -0.113031 -0.115408 -0.117366 -0.112145 -0.094933 -0.103309 -0.10219 -0.119166 -0.092303 -0.098689 -0.097601 -0.105023 -0.110589 -0.136823 -0.114874 -0.112368 -0.111612 -0.113764 -0.097061
-0.112421 -0.120122 -0.080829 -0.097241 -0.112086 -0.111772 -0.115578 -0.092012 -0.119938 -0.112984 -0.114953 -0.089211 -0.097791 -0.113598 -0.103177 -0.088385 -0.080364 -0.098124 -0.076248 -0.108955 -0.133059 -0.109807 -0.10023 -0.105969 -0.105512 -0.094956 -0.117311 -0.105668 -0.100728 -0.098784 -0.105822 -0.092321 -0.112811 -0.118003 -0.111658 -0.09261 -0.10412 -0.102436 -0.11747 -0.095211 -0.098669 -0.097883 -0.101067 -0.106579 -0.133392 -0.111808 -0.0959 -0.10833 -0.110393 -0.09267
-0.104948 -0.120173 -0.079741 -0.097122 -0.107298 -0.104696 -0.117451 -0.090435 -0.114973 -0.113198 -0.111853 -0.090652 -0.103056 -0.112311 -0.107116 -0.085681 -0.080548 -0.096187 -0.073173 -0.11265 -0.130044 -0.107986 -0.101001 -0.104978 -0.103989 -0.087834 -0.109911 -0.10579 -0.094658 -0.097989 -0.103466 -0.094385 -0.111468 -0.103668 -0.113129 -0.093516 -0.100838 -0.099975 -0.109189 -0.09496 -0.101738 -0.0947 -0.104344 -0.113825 -0.131281 -0.110336 -0.095529 -0.106793 -0.110933 -0.092867
-0.102821 -0.118689 -0.080171 -0.094827 -0.108043 -0.102378 -0.117443 -0.091325 -0.113579 -0.101359 -0.11001 -0.089653 -0.099401 -0.110832 -0.093123 -0.084061 -0.080575 -0.095489 -0.074965 -0.098517 -0.130551 -0.109434 -0.101416 -0.103495 -0.102011 -0.084585 -0.107818 -0.105735 -0.094315 -0.101314 -0.103772 -0.09822 -0.11304 -0.105007 -0.115901 -0.092333 -0.09704 -0.099824 -0.108873 -0.095296 -0.101186 -0.095515 -0.103328 -0.112838 -0.127567 -0.112457 -0.093871 -0.09789 -0.109347 -0.094027
-0.097665 -0.118803 -0.078621 -0.095412 -0.112396 -0.09997 -0.117808 -0.092481 -0.113891 -0.098655 -0.115042 -0.085528 -0.098388 -0.113705 -0.094477 -0.076852 -0.080417 -0.098236 -0.076485 -0.095787 -0.12696 -0.107792 -0.103344 -0.104881 -0.096758 -0.086788 -0.105397 -0.106151 -0.094515 -0.100543 -0.104208 -0.091848 -0.11288 -0.103641 -0.115889 -0.093309 -0.097019 -0.095604 -0.107884 -0.095 -0.103341 -0.091066 -0.093203 -0.119913 -0.118602 -0.111021 -0.093176 -0.095984 -0.108938 -0.090214
-0.093994 -0.111571 -0.077817 -0.094036 -0.097123 -0.098531 -0.118598 -0.091577 -0.111753 -0.099221 -0.090637 -0.086821 -0.094713 -0.110435 -0.093237 -0.077765 -0.079886 -0.097785 -0.074503 -0.095651 -0.123408 -0.101933 -0.10603 -0.10121 -0.095958 -0.085027 -0.098662 -0.107596 -0.095209 -0.098783 -0.101593 -0.091382 -0.113143 -0.100803 -0.114619 -0.093162 -0.095081 -0.0941 -0.109088 -0.088953 -0.105318 -0.086509 -0.099183 -0.117564 -0.105881 -0.104425 -0.089752 -0.094649 -0.1091 -0.089664
-0.097502 -0.115335 -0.085255 -0.092834 -0.095367 -0.094915 -0.117166 -0.089835 -0.111523 -0.104801 -0.091548 -0.093766 -0.089891 -0.111711 -0.092943 -0.078072 -0.079689 -0.098938 -0.073871 -0.097845 -0.122193 -0.105816 -0.105397 -0.097938 -0.096189 -0.086614 -0.096323 -0.105669 -0.087045 -0.100184 -0.099706 -0.091652 -0.114831 -0.10055 -0.112802 -0.094488 -0.09457 -0.093581 -0.108717 -0.091208 -0.09981 -0.085664 -0.096361 -0.119245 -0.10287 -0.10535 -0.096039 -0.095752 -0.106881 -0.090253
-0.091369 -0.114089 -0.084359 -0.091492 -0.09768 -0.09387 -0.113298 -0.090215 -0.108206 -0.098407 -0.092153 -0.09156 -0.090747 -0.109148 -0.092995 -0.076769 -0.077773 -0.091782 -0.071007 -0.097806 -0.127823 -0.101164 -0.107014 -0.095883 -0.099604 -0.085648 -0.096969 -0.106257 -0.089289 -0.098425 -0.097903 -0.093122 -0.113871 -0.099679 -0.112371 -0.095633 -0.091103 -0.09286 -0.107138 -0.087801 -0.096693 -0.085931 -0.097543 -0.118909 -0.102267 -0.106576 -0.089424 -0.094581 -0.105755 -0.088755
-0.09229 -0.113472 -0.082153 -0.091464 -0.096448 -0.094419 -0.112711 -0.09088 -0.1082 -0.097439 -0.090005 -0.091382 -0.08829 -0.110049 -0.095703 -0.07459 -0.07891 -0.092531 -0.069127 -0.093575 -0.117837 -0.100642 -0.100687 -0.097644 -0.094953 -0.085275 -0.100813 -0.107559 -0.088571 -0.095603 -0.100848 -0.092659 -0.114448 -0.097582 -0.113042 -0.098292 -0.090098 -0.089865 -0.105568 -0.084242 -0.096207 -0.085343 -0.097195 -0.118581 -0.104172 -0.108689 -0.08964 -0.096049 -0.107108 -0.089744
-0.091833 -0.11218 -0.084003 -0.091722 -0.096772 -0.09479 -0.110323 -0.092074 -0.112404 -0.099087 -0.089321 -0.091718 -0.088423 -0.109981 -0.094836 -0.074756 -0.077739 -0.097135 -0.071216 -0.085755 -0.11989 -0.101121 -0.100482 -0.097704 -0.092535 -0.086434 -0.096308 -0.105004 -0.091462 -0.096021 -0.100892 -0.091717 -0.114869 -0.097258 -0.104448 -0.093994 -0.091817 -0.090533 -0.099699 -0.084988 -0.094955 -0.086815 -0.103632 -0.118419 -0.103431 -0.105682 -0.080319 -0.095859 -0.102338 -0.094766
-0.08934 -0.112109 -0.089509 -0.091809 -0.096616 -0.092011 -0.113954 -0.08801 -0.111139 -0.100763 -0.087962 -0.092344 -0.090277 -0.108423 -0.095152 -0.074063 -0.078012 -0.091688 -0.071767 -0.086304 -0.11543 -0.090868 -0.101426 -0.099831 -0.090397 -0.089712 -0.10014 -0.103681 -0.090272 -0.088283 -0.097242 -0.091192 -0.114124 -0.090267 -0.110134 -0.093679 -0.091669 -0.0817 -0.097263 -0.086114 -0.094067 -0.085308 -0.097386 -0.112944 -0.104105 -0.104095 -0.080748 -0.094763 -0.094977 -0.096397
-0.089415 -0.112752 -0.082127 -0.092031 -0.096513 -0.090553 -0.112802 -0.087336 -0.112427 -0.100693 -0.087757 -0.090411 -0.084895 -0.109402 -0.095371 -0.075476 -0.075169 -0.091775 -0.070906 -0.093168 -0.103004 -0.084508 -0.098677 -0.103161 -0.082392 -0.089703 -0.101632 -0.102417 -0.088069 -0.086688 -0.098245 -0.091726 -0.11424 -0.092629 -0.10883 -0.09505 -0.089192 -0.081633 -0.098947 -0.084292 -0.09375 -0.084252 -0.095271 -0.110705 -0.097207 -0.105112 -0.080627 -0.095716 -0.094715 -0.091665
-0.089931 -0.114725 -0.077512 -0.089579 -0.099599 -0.089524 -0.105249 -0.086315 -0.110805 -0.097438 -0.088987 -0.088018 -0.085857 -0.110527 -0.094812 -0.076583 -0.075009 -0.088176 -0.070227 -0.09338 -0.10422 -0.085782 -0.09727 -0.099699 -0.086085 -0.091045 -0.100696 -0.101512 -0.086136 -0.0804 -0.096619 -0.092584 -0.121595 -0.09098 -0.105769 -0.094834 -0.090116 -0.080756 -0.089406 -0.086714 -0.093411 -0.089459 -0.092176 -0.111533 -0.092768 -0.107415 -0.080382 -0.094855 -0.0944 -0.092263
-0.087299 -0.11338 -0.077017 -0.084991 -0.101533 -0.09253 -0.101956 -0.084972 -0.108804 -0.095363 -0.089761 -0.088736 -0.085653 -0.11232 -0.090485 -0.074659 -0.076032 -0.087546 -0.064537 -0.093729 -0.089565 -0.084546 -0.096421 -0.091123 -0.07828 -0.090307 -0.100147 -0.107133 -0.083304 -0.080734 -0.096319 -0.096896 -0.110922 -0.089845 -0.10326 -0.094876 -0.090475 -0.076968 -0.090608 -0.081862 -0.094208 -0.086068 -0.09227 -0.106877 -0.09109 -0.105507 -0.081766 -0.093193 -0.096469 -0.091637
-0.088232 -0.100108 -0.07811 -0.085088 -0.102375 -0.091317 -0.102052 -0.083733 -0.10719 -0.093177 -0.0864 -0.085707 -0.088388 -0.110224 -0.08855 -0.078457 -0.077523 -0.088852 -0.064696 -0.086901 -0.089108 -0.08335 -0.095659 -0.094474 -0.079462 -0.083905 -0.099175 -0.103424 -0.08218 -0.078824 -0.09638 -0.097721 -0.111609 -0.09214 -0.101621 -0.09345 -0.087078 -0.073992 -0.090159 -0.083188 -0.094188 -0.088111 -0.08595 -0.106698 -0.090857 -0.105982 -0.079223 -0.093407 -0.094262 -0.085449
-0.086869 -0.100999 -0.079805 -0.085794 -0.100896 -0.087015 -0.104303 -0.08338 -0.106342 -0.09036 -0.086511 -0.088291 -0.09012 -0.110253 -0.088893 -0.076374 -0.077143 -0.090544 -0.064173 -0.088453 -0.086258 -0.088788 -0.095043 -0.094693 -0.081228 -0.084206 -0.09871 -0.102498 -0.081227 -0.078769 -0.09525 -0.095869 -0.112782 -0.094442 -0.102258 -0.094423 -0.085634 -0.073489 -0.089471 -0.083041 -0.092316 -0.08805 -0.086722 -0.107314 -0.098872 -0.106752 -0.079526 -0.091148 -0.093926 -0.086167
-0.086435 -0.094436 -0.078359 -0.085075 -0.103754 -0.087496 -0.102472 -0.08358 -0.105679 -0.083264 -0.0859 -0.090358 -0.087276 -0.108937 -0.087002 -0.077158 -0.076116 -0.090133 -0.064998 -0.087208 -0.084208 -0.088898 -0.093727 -0.092562 -0.080192 -0.084541 -0.098466 -0.101184 -0.082135 -0.076369 -0.09709 -0.095843 -0.111326 -0.097146 -0.103102 -0.097718 -0.086057 -0.075264 -0.089095 -0.083311 -0.090563 -0.088302 -0.078988 -0.105907 -0.091668 -0.102542 -0.080476 -0.092228 -0.089187 -0.086343
-0.081194 -0.093133 -0.078228 -0.08698 -0.103576 -0.088937 -0.100457 -0.081621 -0.10639 -0.081305 -0.086434 -0.088491 -0.088573 -0.106512 -0.08822 -0.078047 -0.075879 -0.090195 -0.063104 -0.085198 -0.083739 -0.090736 -0.093357 -0.092617 -0.081357 -0.084008 -0.096139 -0.095277 -0.081901 -0.079623 -0.096013 -0.096085 -0.110474 -0.098799 -0.102045 -0.095831 -0.079875 -0.076536 -0.08682 -0.082708 -0.090096 -0.088821 -0.086483 -0.098385 -0.089266 -0.104107 -0.079911 -0.09065 -0.089591 -0.085613
-0.080358 -0.091158 -0.0803 -0.085986 -0.089458 -0.083991 -0.103243 -0.083569 -0.106728 -0.082293 -0.079394 -0.088495 -0.08737 -0.109557 -0.093763 -0.076284 -0.073977 -0.089611 -0.063828 -0.087138 -0.082425 -0.09174 -0.094728 -0.090942 -0.079396 -0.084513 -0.096323 -0.094586 -0.077356 -0.081267 -0.096974 -0.087303 -0.109372 -0.096857 -0.100983 -0.094827 -0.084039 -0.077887 -0.087973 -0.080969 -0.091259 -0.085602 -0.087389 -0.097792 -0.082551 -0.103205 -0.081458 -0.092471 -0.088001 -0.085156
-0.082242 -0.090633 -0.079403 -0.08541 -0.089109 -0.084839 -0.103496 -0.081944 -0.101365 -0.081022 -0.080175 -0.089705 -0.088272 -0.106904 -0.091585 -0.078585 -0.076355 -0.089619 -0.064645 -0.082085 -0.08326 -0.086671 -0.093986 -0.097696 -0.081704 -0.083001 -0.096275 -0.091892 -0.076521 -0.077131 -0.094622 -0.086092 -0.109461 -0.097753 -0.104085 -0.088718 -0.082047 -0.075814 -0.086385 -0.081675 -0.089042 -0.083374 -0.090575 -0.097654 -0.081673 -0.102082 -0.081309 -0.092919 -0.089177 -0.085485
-0.080931 -0.083578 -0.079631 -0.086444 -0.08756 -0.084427 -0.102454 -0.082505 -0.100106 -0.08032 -0.080179 -0.089797 -0.086681 -0.107419 -0.085015 -0.077894 -0.072588 -0.085172 -0.064072 -0.079048 -0.083441 -0.086599 -0.09334 -0.098772 -0.081592 -0.083555 -0.098432 -0.091413 -0.077426 -0.077017 -0.095621 -0.088789 -0.111604 -0.09865 -0.102039 -0.091003 -0.076377 -0.073269 -0.084965 -0.080022 -0.086662 -0.085313 -0.088923 -0.100138 -0.082962 -0.101074 -0.083235 -0.085459 -0.091055 -0.068379
-0.081971 -0.083476 -0.079563 -0.090679 -0.089874 -0.084428 -0.106675 -0.082654 -0.101252 -0.082702 -0.078321 -0.087454 -0.087458 -0.108303 -0.078187 -0.077524 -0.074477 -0.087658 -0.064691 -0.083936 -0.085637 -0.08863 -0.092849 -0.096642 -0.08165 -0.087499 -0.099656 -0.08916 -0.074696 -0.076696 -0.096202 -0.087133 -0.111158 -0.099262 -0.100774 -0.091737 -0.075415 -0.073179 -0.085606 -0.083726 -0.085445 -0.079175 -0.086413 -0.101584 -0.079746 -0.099173 -0.081696 -0.088317 -0.092099 -0.067773
-0.07688 -0.084159 -0.078972 -0.09075 -0.087715 -0.083082 -0.101318 -0.078171 -0.107118 -0.081639 -0.079957 -0.089159 -0.084228 -0.105775 -0.075236 -0.076683 -0.074604 -0.081514 -0.063648 -0.085364 -0.084996 -0.08674 -0.091779 -0.092789 -0.08216 -0.087852 -0.092811 -0.088948 -0.073182 -0.077224 -0.093664 -0.086259 -0.086741 -0.101029 -0.095222 -0.085541 -0.075281 -0.071336 -0.087735 -0.083164 -0.083783 -0.079767 -0.087676 -0.101042 -0.078804 -0.098502 -0.080768 -0.087643 -0.090685 -0.066853
-0.077399 -0.083675 -0.075672 -0.089093 -0.089834 -0.085338 -0.095816 -0.077774 -0.105522 -0.075517 -0.079787 -0.090315 -0.087109 -0.105339 -0.076048 -0.076255 -0.072709 -0.081351 -0.065523 -0.077656 -0.080454 -0.086561 -0.090478 -0.091359 -0.082626 -0.084606 -0.092233 -0.08446 -0.07181 -0.078001 -0.092325 -0.088297 -0.08576 -0.096608 -0.089989 -0.08424 -0.0754 -0.075593 -0.086544 -0.083786 -0.083143 -0.079052 -0.086078 -0.101699 -0.079676 -0.094586 -0.081204 -0.088812 -0.091511 -0.066018
-0.07752 -0.084307 -0.072302 -0.086366 -0.087995 -0.084391 -0.092179 -0.074667 -0.107425 -0.076476 -0.077098 -0.088954 -0.08562 -0.099993 -0.082021 -0.073965 -0.070704 -0.079591 -0.065079 -0.078336 -0.082924 -0.08673 -0.090711 -0.092648 -0.07911 -0.085923 -0.092979 -0.084182 -0.07113 -0.079771 -0.092917 -0.085318 -0.086172 -0.094369 -0.086203 -0.086358 -0.074457 -0.075702 -0.088416 -0.08426 -0.083658 -0.078187 -0.086254 -0.102446 -0.080591 -0.095108 -0.079778 -0.091032 -0.090765 -0.067534
-0.076553 -0.085839 -0.077581 -0.08769 -0.088209 -0.082042 -0.084392 -0.075633 -0.102383 -0.074983 -0.077785 -0.084422 -0.081496 -0.101878 -0.081142 -0.073254 -0.0725 -0.080145 -0.06206 -0.077908 -0.081609 -0.087955 -0.088554 -0.09343 -0.077747 -0.082991 -0.094394 -0.082897 -0.072013 -0.076685 -0.093654 -0.086702 -0.085469 -0.09286 -0.088231 -0.086526 -0.074989 -0.074914 -0.087746 -0.082536 -0.090782 -0.080229 -0.086713 -0.108547 -0.075398 -0.091099 -0.081243 -0.091211 -0.089177 -0.068505
-0.075765 -0.080811 -0.075005 -0.084342 -0.08865 -0.081053 -0.08598 -0.07458 -0.103019 -0.074959 -0.080717 -0.08064 -0.083713 -0.10021 -0.082862 -0.075095 -0.07174 -0.078801 -0.063105 -0.078128 -0.072277 -0.08726 -0.088251 -0.091482 -0.077219 -0.08453 -0.095643 -0.083918 -0.069995 -0.077422 -0.094287 -0.084536 -0.085923 -0.092286 -0.082541 -0.08438 -0.074413 -0.074928 -0.090175 -0.083822 -0.08749 -0.080395 -0.085601 -0.093891 -0.078535 -0.090169 -0.08175 -0.087761 -0.084456 -0.068637
-0.075713 -0.081818 -0.076379 -0.085365 -0.088524 -0.082155 -0.088501 -0.072896 -0.10156 -0.075418 -0.082741 -0.08421 -0.080996 -0.095115 -0.084781 -0.072221 -0.072957 -0.081636 -0.063807 -0.079061 -0.070746 -0.086933 -0.088577 -0.079298 -0.07606 -0.083652 -0.093312 -0.081701 -0.070587 -0.077836 -0.091382 -0.085839 -0.086204 -0.09272 -0.088139 -0.08276 -0.072272 -0.076042 -0.08871 -0.084928 -0.086708 -0.081239 -0.080329 -0.097877 -0.077429 -0.089922 -0.083022 -0.08595 -0.083536 -0.068354
-0.07711 -0.081284 -0.076265 -0.08436 -0.088364 -0.084262 -0.086988 -0.074179 -0.103023 -0.073194 -0.080566 -0.079227 -0.076454 -0.098313 -0.079668 -0.072891 -0.074589 -0.079316 -0.063245 -0.076843 -0.072535 -0.087977 -0.087661 -0.076417 -0.081922 -0.083395 -0.093868 -0.07826 -0.069303 -0.078877 -0.088349 -0.083979 -0.086704 -0.09395 -0.087637 -0.084447 -0.074572 -0.075518 -0.088328 -0.083128 -0.085328 -0.080516 -0.080505 -0.098105 -0.078938 -0.09041 -0.081568 -0.084089 -0.082743 -0.06648
-0.078899 -0.079041 -0.081897 -0.086118 -0.094004 -0.083945 -0.089392 -0.071446 -0.101657 -0.072303 -0.081783 -0.079534 -0.071752 -0.095347 -0.081474 -0.077064 -0.073506 -0.080511 -0.062425 -0.07762 -0.070865 -0.088149 -0.087593 -0.075616 -0.079499 -0.0836 -0.091972 -0.078991 -0.067965 -0.072818 -0.087521 -0.088169 -0.085887 -0.089569 -0.08617 -0.08206 -0.077258 -0.074902 -0.089212 -0.082739 -0.083193 -0.079379 -0.078956 -0.094989 -0.077467 -0.087446 -0.083591 -0.086563 -0.082689 -0.065611
-0.078729 -0.079667 -0.077899 -0.083396 -0.094215 -0.081118 -0.086253 -0.072933 -0.102015 -0.072413 -0.081673 -0.078112 -0.075305 -0.088855 -0.082492 -0.076549 -0.073907 -0.075302 -0.062567 -0.082746 -0.070623 -0.086029 -0.08718 -0.073165 -0.074995 -0.084449 -0.08818 -0.08533 -0.069326 -0.073805 -0.088806 -0.090796 -0.085101 -0.091751 -0.082045 -0.084652 -0.076077 -0.076096 -0.085889 -0.08182 -0.082803 -0.077434 -0.080054 -0.093448 -0.07677 -0.08828 -0.080945 -0.085391 -0.082988 -0.064625
-0.076772 -0.078441 -0.075201 -0.083968 -0.092447 -0.080358 -0.086627 -0.074968 -0.098225 -0.069668 -0.079593 -0.078141 -0.073607 -0.088484 -0.083173 -0.075484 -0.072867 -0.076574 -0.062016 -0.078585 -0.073218 -0.087339 -0.087201 -0.0697 -0.074345 -0.083102 -0.089562 -0.081268 -0.065881 -0.073702 -0.08755 -0.092132 -0.088549 -0.090999 -0.084941 -0.082165 -0.075724 -0.074731 -0.084779 -0.080792 -0.083366 -0.075405 -0.079606 -0.089016 -0.073478 -0.088312 -0.072738 -0.082184 -0.083438 -0.06275
-0.075451 -0.078059 -0.075264 -0.083348 -0.091066 -0.08224 -0.087413 -0.072176 -0.098686 -0.069005 -0.082296 -0.077806 -0.073054 -0.086603 -0.082293 -0.07541 -0.076987 -0.075907 -0.063868 -0.079927 -0.071975 -0.087119 -0.086892 -0.072287 -0.072701 -0.084937 -0.090135 -0.081286 -0.068355 -0.072173 -0.088672 -0.087119 -0.088277 -0.091473 -0.084317 -0.083091 -0.076471 -0.076794 -0.090961 -0.080417 -0.079095 -0.07211 -0.077069 -0.089687 -0.074482 -0.090448 -0.072443 -0.083236 -0.081895 -0.061261
