-0.252148 -0.191086 -0.238763 -0.251264 -0.233743 -0.193646 -0.216218 -0.255386 -0.263562 -0.199621 -0.254248 -0.267696 -0.224863 -0.261781 -0.259253 -0.275843 -0.251037 -0.226789 -0.255073 -0.200377 -0.243302 -0.206143 -0.262956 -0.212271 -0.242414 -0.204052 -0.255942 -0.184591 -0.201805 -0.246274 -0.262503 -0.246567 -0.315752 -0.316634 -0.22048 -0.166153 -0.275095 -0.27003 -0.239997 -0.277839 -0.235696 -0.215624 -0.191254 -0.269847 -0.345236 -0.240549 -0.318538 -0.233489 -0.20718 -0.212051
-0.200811 -0.154788 -0.21438 -0.190181 -0.167173 -0.172452 -0.186319 -0.211092 -0.19577 -0.170537 -0.193142 -0.204313 -0.169745 -0.186508 -0.203053 -0.189905 -0.186102 -0.139278 -0.207544 -0.176651 -0.198408 -0.152769 -0.213051 -0.187784 -0.192393 -0.206247 -0.150957 -0.169028 -0.142069 -0.170403 -0.210703 -0.212143 -0.216574 -0.209723 -0.181674 -0.14823 -0.193194 -0.166184 -0.168402 -0.209028 -0.203675 -0.202125 -0.131095 -0.193518 -0.233797 -0.191368 -0.223265 -0.201101 -0.159678 -0.198588
-0.191392 -0.118896 -0.171168 -0.165701 -0.16528 -0.139183 -0.165826 -0.208456 -0.162077 -0.14704 -0.16986 -0.161005 -0.131156 -0.148841 -0.180293 -0.158606 -0.14409 -0.13392 -0.161321 -0.155024 -0.166049 -0.138356 -0.198532 -0.167118 -0.164425 -0.191397 -0.13657 -0.156874 -0.125609 -0.155482 -0.15777 -0.154278 -0.179712 -0.21645 -0.184619 -0.143648 -0.188306 -0.131647 -0.150958 -0.203946 -0.201426 -0.165656 -0.121389 -0.187332 -0.196739 -0.169272 -0.159246 -0.179032 -0.128756 -0.198176
-0.160131 -0.122391 -0.158463 -0.165681 -0.142039 -0.120993 -0.159977 -0.157028 -0.130652 -0.134119 -0.154652 -0.148402 -0.116495 -0.128165 -0.156733 -0.155967 -0.134023 -0.123407 -0.154209 -0.144963 -0.148537 -0.126327 -0.198658 -0.149054 -0.140722 -0.173443 -0.132998 -0.126501 -0.118869 -0.158879 -0.136297 -0.143351 -0.166817 -0.188848 -0.152941 -0.138051 -0.145146 -0.128219 -0.151086 -0.175705 -0.161901 -0.17389 -0.112138 -0.134698 -0.165593 -0.146848 -0.179894 -0.147081 -0.122367 -0.177067
-0.135966 -0.121475 -0.141342 -0.157042 -0.146937 -0.11338 -0.144681 -0.146495 -0.122246 -0.129919 -0.155271 -0.121127 -0.113763 -0.128211 -0.140553 -0.150662 -0.135475 -0.117373 -0.139298 -0.145902 -0.145858 -0.103604 -0.191452 -0.136837 -0.13429 -0.165574 -0.112524 -0.100931 -0.118517 -0.130038 -0.128294 -0.141455 -0.156162 -0.193683 -0.16248 -0.11674 -0.139555 -0.129223 -0.162563 -0.135671 -0.155009 -0.17728 -0.106489 -0.117229 -0.153565 -0.144017 -0.159455 -0.143196 -0.120874 -0.145119
-0.133486 -0.116158 -0.129959 -0.126079 -0.124638 -0.111867 -0.142122 -0.143263 -0.118242 -0.126528 -0.148632 -0.122332 -0.110504 -0.125189 -0.137478 -0.141772 -0.132965 -0.124027 -0.140535 -0.149026 -0.131691 -0.103799 -0.181222 -0.116234 -0.134611 -0.164208 -0.108808 -0.101787 -0.110227 -0.123006 -0.120838 -0.138652 -0.156061 -0.178699 -0.164189 -0.115835 -0.122811 -0.126993 -0.147296 -0.137004 -0.152538 -0.167546 -0.103806 -0.12053 -0.141305 -0.142453 -0.152118 -0.141495 -0.121885 -0.120802
-0.114604 -0.114064 -0.105144 -0.122741 -0.122053 -0.107437 -0.135205 -0.136996 -0.119026 -0.128565 -0.15101 -0.120825 -0.105468 -0.121388 -0.137706 -0.141816 -0.121547 -0.123569 -0.139032 -0.145262 -0.129955 -0.100392 -0.156695 -0.109593 -0.130774 -0.162141 -0.110696 -0.103477 -0.107796 -0.132271 -0.124183 -0.11554 -0.120179 -0.164998 -0.15777 -0.113601 -0.116867 -0.119895 -0.137398 -0.134905 -0.154377 -0.149244 -0.098299 -0.117582 -0.1371 -0.131442 -0.147175 -0.142757 -0.12024 -0.120187
-0.11166 -0.115831 -0.116649 -0.122148 -0.124875 -0.122387 -0.122559 -0.136166 -0.112108 -0.128861 -0.142378 -0.121809 -0.099909 -0.115363 -0.136953 -0.131835 -0.116844 -0.120258 -0.132772 -0.143629 -0.130497 -0.093678 -0.154593 -0.111804 -0.118429 -0.142736 -0.102193 -0.099518 -0.110032 -0.131068 -0.118928 -0.116163 -0.097511 -0.15748 -0.165938 -0.11172 -0.11497 -0.120798 -0.132767 -0.13529 -0.151927 -0.147262 -0.098678 -0.113005 -0.136007 -0.131851 -0.143112 -0.139062 -0.11403 -0.119063
-0.114218 -0.120089 -0.11695 -0.120308 -0.119744 -0.121854 -0.133195 -0.136254 -0.111872 -0.121206 -0.149356 -0.121749 -0.107721 -0.113891 -0.134726 -0.123257 -0.126969 -0.121153 -0.134701 -0.13572 -0.133281 -0.092739 -0.150597 -0.117351 -0.116113 -0.13798 -0.097864 -0.09981 -0.110586 -0.127366 -0.122425 -0.116375 -0.090567 -0.158202 -0.148599 -0.109427 -0.11599 -0.119107 -0.124114 -0.130417 -0.151756 -0.146953 -0.085543 -0.109487 -0.129755 -0.12797 -0.142183 -0.137062 -0.109147 -0.11873
-0.111295 -0.113713 -0.116746 -0.114214 -0.123864 -0.119553 -0.124661 -0.140178 -0.104819 -0.112325 -0.143343 -0.120327 -0.107574 -0.109237 -0.111862 -0.120457 -0.127241 -0.112872 -0.132265 -0.134666 -0.134581 -0.087063 -0.134922 -0.109895 -0.106454 -0.136542 -0.100569 -0.097761 -0.112911 -0.125964 -0.104903 -0.117148 -0.086015 -0.155871 -0.145841 -0.109674 -0.114894 -0.118916 -0.123057 -0.126693 -0.151196 -0.145669 -0.085298 -0.08784 -0.130859 -0.126892 -0.143743 -0.123425 -0.104081 -0.119026
-0.11152 -0.114026 -0.115892 -0.11604 -0.121151 -0.120989 -0.124053 -0.137395 -0.105888 -0.111722 -0.144838 -0.123484 -0.098376 -0.107966 -0.110087 -0.114037 -0.121691 -0.113266 -0.126607 -0.131473 -0.128372 -0.086732 -0.132564 -0.110824 -0.11125 -0.135647 -0.098815 -0.089253 -0.110076 -0.122566 -0.105464 -0.112246 -0.088039 -0.157528 -0.147378 -0.109429 -0.11497 -0.118848 -0.123281 -0.12441 -0.151419 -0.14057 -0.085185 -0.087328 -0.134114 -0.136699 -0.141846 -0.121171 -0.105157 -0.120039
-0.109639 -0.11359 -0.114418 -0.11747 -0.120934 -0.119338 -0.122978 -0.126158 -0.095849 -0.110966 -0.144082 -0.11986 -0.102 -0.109986 -0.110014 -0.120206 -0.115808 -0.116934 -0.127399 -0.133389 -0.12584 -0.088137 -0.129223 -0.110724 -0.111231 -0.121142 -0.0988 -0.088714 -0.103117 -0.117175 -0.104681 -0.11326 -0.089555 -0.150776 -0.127411 -0.103103 -0.113532 -0.1157 -0.119971 -0.123989 -0.145323 -0.138148 -0.085876 -0.092726 -0.112498 -0.13499 -0.142654 -0.118414 -0.104368 -0.120705
-0.10797 -0.117398 -0.108707 -0.118208 -0.118739 -0.121203 -0.123757 -0.121016 -0.097606 -0.102806 -0.141304 -0.120234 -0.094733 -0.101505 -0.104992 -0.118494 -0.115005 -0.111272 -0.127247 -0.133762 -0.126498 -0.085665 -0.130501 -0.112544 -0.10612 -0.116492 -0.092081 -0.086344 -0.103736 -0.116314 -0.105934 -0.119508 -0.088041 -0.131789 -0.129562 -0.097503 -0.112995 -0.116463 -0.119018 -0.122194 -0.145502 -0.140557 -0.085125 -0.085499 -0.113332 -0.133589 -0.126089 -0.119813 -0.102119 -0.117278
-0.103798 -0.11173 -0.108225 -0.110286 -0.119752 -0.123656 -0.122163 -0.123231 -0.097605 -0.101359 -0.148769 -0.124168 -0.087385 -0.103767 -0.105657 -0.116069 -0.114087 -0.107095 -0.126287 -0.13345 -0.117905 -0.090158 -0.132485 -0.111632 -0.107596 -0.114267 -0.090524 -0.091703 -0.100601 -0.110833 -0.102153 -0.120087 -0.090581 -0.125579 -0.129342 -0.08716 -0.104007 -0.116599 -0.120834 -0.123468 -0.136061 -0.136779 -0.084511 -0.087974 -0.111489 -0.117962 -0.127989 -0.117807 -0.100902 -0.119418
-0.099046 -0.105899 -0.106214 -0.110342 -0.120792 -0.096639 -0.117976 -0.118761 -0.096529 -0.09891 -0.147761 -0.122873 -0.082186 -0.112293 -0.106868 -0.116344 -0.113003 -0.107113 -0.125305 -0.134077 -0.1133 -0.087477 -0.130915 -0.109732 -0.104425 -0.118404 -0.089398 -0.087691 -0.095725 -0.107877 -0.102189 -0.114719 -0.09051 -0.121799 -0.106105 -0.086804 -0.103546 -0.118641 -0.120987 -0.126822 -0.136136 -0.133714 -0.086141 -0.08586 -0.102785 -0.115913 -0.121553 -0.11775 -0.106019 -0.121115
-0.100327 -0.105613 -0.109435 -0.107756 -0.120327 -0.093987 -0.115295 -0.117937 -0.097293 -0.10097 -0.14627 -0.117144 -0.088527 -0.112956 -0.104656 -0.115298 -0.105149 -0.103254 -0.119023 -0.109044 -0.110738 -0.085469 -0.132501 -0.108728 -0.105771 -0.120413 -0.090183 -0.087348 -0.092269 -0.109019 -0.101177 -0.111178 -0.091467 -0.118402 -0.106941 -0.087023 -0.104357 -0.1017 -0.121441 -0.127343 -0.134728 -0.132326 -0.088051 -0.085574 -0.103603 -0.117947 -0.120582 -0.118222 -0.10522 -0.120869
-0.096947 -0.106438 -0.107589 -0.107906 -0.119984 -0.095714 -0.11531 -0.120203 -0.097537 -0.098021 -0.141139 -0.11903 -0.088083 -0.107303 -0.103564 -0.116757 -0.105053 -0.102568 -0.114194 -0.1066 -0.103854 -0.08511 -0.132183 -0.107853 -0.103966 -0.123799 -0.088001 -0.087054 -0.098185 -0.106952 -0.097474 -0.110045 -0.090984 -0.121771 -0.107877 -0.089869 -0.101255 -0.100898 -0.12051 -0.1257 -0.13903 -0.129836 -0.091109 -0.080321 -0.103953 -0.114023 -0.120996 -0.115378 -0.093654 -0.116015
-0.095458 -0.107082 -0.106562 -0.105661 -0.120606 -0.095804 -0.119452 -0.106165 -0.095654 -0.097637 -0.125401 -0.115374 -0.087024 -0.107605 -0.099008 -0.119357 -0.104317 -0.104153 -0.116107 -0.103566 -0.102598 -0.086112 -0.12683 -0.102978 -0.10438 -0.122694 -0.08919 -0.087637 -0.098564 -0.116731 -0.098415 -0.107774 -0.088794 -0.122841 -0.106914 -0.089448 -0.101684 -0.104924 -0.119723 -0.127534 -0.121471 -0.128992 -0.089864 -0.080888 -0.103378 -0.118077 -0.117969 -0.126869 -0.090649 -0.114312
-0.096071 -0.101741 -0.107258 -0.105799 -0.11905 -0.097258 -0.117821 -0.103536 -0.098304 -0.096286 -0.122016 -0.114093 -0.08803 -0.1068 -0.100689 -0.098492 -0.105028 -0.111061 -0.115319 -0.10258 -0.106246 -0.087427 -0.121128 -0.10422 -0.10384 -0.120808 -0.089305 -0.08982 -0.092694 -0.110489 -0.099732 -0.108976 -0.089032 -0.120586 -0.09997 -0.089111 -0.099987 -0.10564 -0.114995 -0.130903 -0.118059 -0.129424 -0.089686 -0.086411 -0.102184 -0.117086 -0.116552 -0.12353 -0.093668 -0.112794
-0.096864 -0.10354 -0.107129 -0.10237 -0.117789 -0.094181 -0.102923 -0.102518 -0.097697 -0.086293 -0.124321 -0.112493 -0.086861 -0.102113 -0.100956 -0.096782 -0.103277 -0.107585 -0.118625 -0.103543 -0.105588 -0.096305 -0.122175 -0.10386 -0.104185 -0.114408 -0.088578 -0.091917 -0.095443 -0.110337 -0.100654 -0.103183 -0.092138 -0.122826 -0.102317 -0.089204 -0.099739 -0.10258 -0.111544 -0.123751 -0.105192 -0.121912 -0.088362 -0.089269 -0.103076 -0.12063 -0.110273 -0.116027 -0.087612 -0.113217
-0.097249 -0.103142 -0.101093 -0.106376 -0.11936 -0.095159 -0.103843 -0.096349 -0.095224 -0.085905 -0.117204 -0.112508 -0.086448 -0.089284 -0.099134 -0.10403 -0.097892 -0.102983 -0.120369 -0.103275 -0.107171 -0.095947 -0.116681 -0.102746 -0.104906 -0.116177 -0.087632 -0.089572 -0.09368 -0.108074 -0.099588 -0.102049 -0.093022 -0.124177 -0.099744 -0.088018 -0.099068 -0.103247 -0.11103 -0.125593 -0.101715 -0.122423 -0.0883 -0.084694 -0.100325 -0.12364 -0.112478 -0.116099 -0.083653 -0.099353
-0.093133 -0.105593 -0.099516 -0.100808 -0.117762 -0.089061 -0.097111 -0.09581 -0.100839 -0.085144 -0.118639 -0.112756 -0.085169 -0.089197 -0.100535 -0.098781 -0.09786 -0.103031 -0.11952 -0.102703 -0.1058 -0.086031 -0.116089 -0.103027 -0.10245 -0.113782 -0.088331 -0.089453 -0.094908 -0.097461 -0.09892 -0.101743 -0.093811 -0.122725 -0.098204 -0.087864 -0.100556 -0.102149 -0.10943 -0.125986 -0.100394 -0.121352 -0.08507 -0.082754 -0.097664 -0.121779 -0.109309 -0.114867 -0.081512 -0.0998
-0.091342 -0.105657 -0.098384 -0.102366 -0.120054 -0.087354 -0.096279 -0.097478 -0.098474 -0.08287 -0.11687 -0.111882 -0.087394 -0.089255 -0.100075 -0.10132 -0.096581 -0.103012 -0.120216 -0.102665 -0.104279 -0.084252 -0.117246 -0.100069 -0.09271 -0.114698 -0.086204 -0.089063 -0.095957 -0.097667 -0.09548 -0.096472 -0.090541 -0.123679 -0.100315 -0.086944 -0.095425 -0.102201 -0.11048 -0.124244 -0.097597 -0.122263 -0.084299 -0.083173 -0.101536 -0.119198 -0.104907 -0.115945 -0.080333 -0.090766
-0.092469 -0.102976 -0.098364 -0.101855 -0.118273 -0.08821 -0.089965 -0.098869 -0.099735 -0.085237 -0.115388 -0.112192 -0.085851 -0.088938 -0.100463 -0.099068 -0.094828 -0.102675 -0.1245 -0.110692 -0.10374 -0.084973 -0.117908 -0.099227 -0.094603 -0.120098 -0.089286 -0.090678 -0.09433 -0.096861 -0.095189 -0.094989 -0.093201 -0.124618 -0.106823 -0.08836 -0.09631 -0.096808 -0.109576 -0.124399 -0.098633 -0.122805 -0.081799 -0.079471 -0.096618 -0.117872 -0.104655 -0.114627 -0.077225 -0.089564
-0.093188 -0.105182 -0.100336 -0.097866 -0.121878 -0.086831 -0.07989 -0.10199 -0.100854 -0.083718 -0.114377 -0.112564 -0.083518 -0.090074 -0.105786 -0.097936 -0.094255 -0.098861 -0.124189 -0.095369 -0.104135 -0.08586 -0.115787 -0.082552 -0.093016 -0.11712 -0.088981 -0.089947 -0.097789 -0.101037 -0.096393 -0.095584 -0.09454 -0.125064 -0.10669 -0.086423 -0.098598 -0.098246 -0.108224 -0.118396 -0.095765 -0.118508 -0.083765 -0.082568 -0.095844 -0.118897 -0.105438 -0.11395 -0.077703 -0.089743
-0.091066 -0.105986 -0.099922 -0.099648 -0.118724 -0.088268 -0.079654 -0.103273 -0.1003 -0.084525 -0.115282 -0.113392 -0.082686 -0.087779 -0.105357 -0.094681 -0.096653 -0.101555 -0.116226 -0.09372 -0.102672 -0.08539 -0.117337 -0.084369 -0.089326 -0.106515 -0.087821 -0.086621 -0.097368 -0.099577 -0.094983 -0.095598 -0.095957 -0.125557 -0.106605 -0.089119 -0.09902 -0.093826 -0.11139 -0.116053 -0.095276 -0.120925 -0.076439 -0.082031 -0.096169 -0.116691 -0.104415 -0.115108 -0.077523 -0.090293
-0.09245 -0.106686 -0.099469 -0.09923 -0.117792 -0.087065 -0.080716 -0.102652 -0.099289 -0.084116 -0.116795 -0.113246 -0.083417 -0.092354 -0.105456 -0.096028 -0.097313 -0.099415 -0.114096 -0.096515 -0.103181 -0.076112 -0.111434 -0.084826 -0.092548 -0.110049 -0.08793 -0.08703 -0.097417 -0.100821 -0.095588 -0.094709 -0.091022 -0.121961 -0.1088 -0.089554 -0.098776 -0.095055 -0.111999 -0.115835 -0.092772 -0.118244 -0.075617 -0.080463 -0.097001 -0.106711 -0.104079 -0.117339 -0.077059 -0.090368
-0.091329 -0.103605 -0.098179 -0.100874 -0.120574 -0.086227 -0.08035 -0.104897 -0.092638 -0.087812 -0.108837 -0.097792 -0.084241 -0.09255 -0.101196 -0.095889 -0.097515 -0.096732 -0.111377 -0.085925 -0.098138 -0.076252 -0.107528 -0.082401 -0.092982 -0.102181 -0.085132 -0.08744 -0.09389 -0.101843 -0.089259 -0.096709 -0.08845 -0.103158 -0.109447 -0.087252 -0.098703 -0.094442 -0.111574 -0.122157 -0.090124 -0.11795 -0.076869 -0.082252 -0.096342 -0.104705 -0.10305 -0.11704 -0.074527 -0.08767
-0.090291 -0.10587 -0.093191 -0.099931 -0.118217 -0.090496 -0.078899 -0.101852 -0.092405 -0.087303 -0.111301 -0.097213 -0.084121 -0.09378 -0.097582 -0.09553 -0.094909 -0.096529 -0.109961 -0.082764 -0.09926 -0.072695 -0.108324 -0.08176 -0.093929 -0.106676 -0.086479 -0.08972 -0.090191 -0.100109 -0.089356 -0.093099 -0.090218 -0.103889 -0.1084 -0.087769 -0.102822 -0.096011 -0.117783 -0.122528 -0.085132 -0.11815 -0.074554 -0.081659 -0.0955 -0.103567 -0.102513 -0.116235 -0.075507 -0.089084
-0.089873 -0.106813 -0.090901 -0.10051 -0.112691 -0.089666 -0.086865 -0.10118 -0.094128 -0.086038 -0.109693 -0.09017 -0.085111 -0.091526 -0.096516 -0.088238 -0.095109 -0.089963 -0.109565 -0.080627 -0.101806 -0.071777 -0.107406 -0.082769 -0.092524 -0.1035 -0.085131 -0.084637 -0.092269 -0.096087 -0.090662 -0.094637 -0.08902 -0.102338 -0.108977 -0.085835 -0.102709 -0.097917 -0.116168 -0.123555 -0.083406 -0.117009 -0.076237 -0.084001 -0.098218 -0.087276 -0.102724 -0.116641 -0.074421 -0.090262
-0.089146 -0.10901 -0.091088 -0.098944 -0.113546 -0.09049 -0.081851 -0.103421 -0.089067 -0.085899 -0.107032 -0.089366 -0.084942 -0.093472 -0.094618 -0.089103 -0.092281 -0.089331 -0.109729 -0.083342 -0.101262 -0.07141 -0.109582 -0.083653 -0.094288 -0.099943 -0.085558 -0.085539 -0.087744 -0.098084 -0.089358 -0.094456 -0.094399 -0.104447 -0.107431 -0.086053 -0.103754 -0.092751 -0.1169 -0.119659 -0.085109 -0.116565 -0.070413 -0.082521 -0.096278 -0.087385 -0.103336 -0.115966 -0.0737 -0.088355
-0.089506 -0.108487 -0.090857 -0.099869 -0.111623 -0.088248 -0.082708 -0.102615 -0.089021 -0.090903 -0.108462 -0.086734 -0.084296 -0.092202 -0.089273 -0.089541 -0.093209 -0.08972 -0.109428 -0.081377 -0.100885 -0.06965 -0.111063 -0.081508 -0.091733 -0.096736 -0.085116 -0.080256 -0.087261 -0.092958 -0.08969 -0.094627 -0.097209 -0.102448 -0.108065 -0.087313 -0.103236 -0.091986 -0.116409 -0.121075 -0.08481 -0.117516 -0.07132 -0.079761 -0.096553 -0.087405 -0.104713 -0.108134 -0.075252 -0.090251
-0.090747 -0.110057 -0.091586 -0.098946 -0.112573 -0.086055 -0.091256 -0.102674 -0.087536 -0.093867 -0.113419 -0.087972 -0.086281 -0.089882 -0.09318 -0.088638 -0.094089 -0.088522 -0.106486 -0.08229 -0.101933 -0.070923 -0.110675 -0.081099 -0.08633 -0.094872 -0.086115 -0.080053 -0.087648 -0.090918 -0.089105 -0.094356 -0.093785 -0.10157 -0.099185 -0.088067 -0.100782 -0.092729 -0.110801 -0.113509 -0.085401 -0.117272 -0.071144 -0.07554 -0.097355 -0.08611 -0.101901 -0.108953 -0.071996 -0.08919
-0.090092 -0.109391 -0.089859 -0.100947 -0.111546 -0.086326 -0.089623 -0.100045 -0.086983 -0.095848 -0.114577 -0.088451 -0.078926 -0.088679 -0.092443 -0.086972 -0.09287 -0.088006 -0.110578 -0.082774 -0.098608 -0.070503 -0.111525 -0.081423 -0.085824 -0.094335 -0.084773 -0.080935 -0.085248 -0.090234 -0.089789 -0.095708 -0.093122 -0.101191 -0.099227 -0.086552 -0.102294 -0.094309 -0.109681 -0.113791 -0.083965 -0.117212 -0.069561 -0.075347 -0.092087 -0.087877 -0.096392 -0.108209 -0.073606 -0.08975
-0.090414 -0.109158 -0.088273 -0.095232 -0.110519 -0.086963 -0.086183 -0.09998 -0.084184 -0.093372 -0.111797 -0.08619 -0.077247 -0.089127 -0.088914 -0.084484 -0.093065 -0.089418 -0.106134 -0.082651 -0.097391 -0.073607 -0.111481 -0.082684 -0.08796 -0.09383 -0.083862 -0.079172 -0.085131 -0.09208 -0.088364 -0.089451 -0.094966 -0.101474 -0.089988 -0.087716 -0.102708 -0.093951 -0.107624 -0.114678 -0.084593 -0.117352 -0.072287 -0.076703 -0.091624 -0.085357 -0.094593 -0.108265 -0.078362 -0.091821
-0.089633 -0.108583 -0.088408 -0.09541 -0.112105 -0.087542 -0.078545 -0.100662 -0.085504 -0.088178 -0.114044 -0.088212 -0.077517 -0.086031 -0.090567 -0.086204 -0.09466 -0.089403 -0.10657 -0.081217 -0.097167 -0.072101 -0.111604 -0.083496 -0.085817 -0.093319 -0.08643 -0.079773 -0.086879 -0.090551 -0.087747 -0.090328 -0.087532 -0.102777 -0.087275 -0.087217 -0.102533 -0.093849 -0.105343 -0.113148 -0.09099 -0.118149 -0.072593 -0.076503 -0.08827 -0.083285 -0.096381 -0.106575 -0.07885 -0.090272
-0.088905 -0.10866 -0.080366 -0.088701 -0.111436 -0.087326 -0.07804 -0.097116 -0.086291 -0.090769 -0.116614 -0.087401 -0.078985 -0.082913 -0.090982 -0.084 -0.095022 -0.087989 -0.105811 -0.080663 -0.093838 -0.074737 -0.11098 -0.079588 -0.08643 -0.091624 -0.085447 -0.082584 -0.086184 -0.090424 -0.088346 -0.089574 -0.090634 -0.09868 -0.086844 -0.089369 -0.101296 -0.095256 -0.105262 -0.114881 -0.088016 -0.117236 -0.075943 -0.074134 -0.089162 -0.08402 -0.094877 -0.105525 -0.077597 -0.087692
-0.0868 -0.10849 -0.081961 -0.089774 -0.112533 -0.089318 -0.074313 -0.093864 -0.083765 -0.087211 -0.107654 -0.086776 -0.077602 -0.083414 -0.089336 -0.08438 -0.094081 -0.089687 -0.105501 -0.081555 -0.098201 -0.07332 -0.109592 -0.077679 -0.086573 -0.09144 -0.084233 -0.079856 -0.080289 -0.088106 -0.084633 -0.091511 -0.089641 -0.09804 -0.085528 -0.086488 -0.102851 -0.093355 -0.109426 -0.115259 -0.082923 -0.118954 -0.075655 -0.075245 -0.088973 -0.084556 -0.098319 -0.102612 -0.076667 -0.088074
-0.087746 -0.108805 -0.081881 -0.083977 -0.110854 -0.090689 -0.073462 -0.092374 -0.083722 -0.086732 -0.106762 -0.085683 -0.078796 -0.081667 -0.08795 -0.085066 -0.094618 -0.089266 -0.105427 -0.080267 -0.096567 -0.073564 -0.104975 -0.079402 -0.086049 -0.09451 -0.083761 -0.079067 -0.080624 -0.090204 -0.085354 -0.090299 -0.090582 -0.097915 -0.085951 -0.087376 -0.098086 -0.09116 -0.108284 -0.112882 -0.081274 -0.115575 -0.073379 -0.076551 -0.08817 -0.08393 -0.094515 -0.103232 -0.075459 -0.086266
-0.08309 -0.107298 -0.080465 -0.0841 -0.108779 -0.089049 -0.069972 -0.091626 -0.085654 -0.085902 -0.105385 -0.087117 -0.078006 -0.080123 -0.090494 -0.086141 -0.093737 -0.087604 -0.101956 -0.082759 -0.098284 -0.072067 -0.107363 -0.080234 -0.085629 -0.094847 -0.083171 -0.077022 -0.080356 -0.092238 -0.08695 -0.089963 -0.083725 -0.096811 -0.080308 -0.086758 -0.090959 -0.091096 -0.11203 -0.112707 -0.083604 -0.116425 -0.073491 -0.075577 -0.09058 -0.083256 -0.093285 -0.102817 -0.073589 -0.083621
-0.086298 -0.108792 -0.082395 -0.084135 -0.112132 -0.087819 -0.070577 -0.089699 -0.086978 -0.086216 -0.104164 -0.086029 -0.078119 -0.081215 -0.085078 -0.086584 -0.091485 -0.088306 -0.102154 -0.081738 -0.097898 -0.071978 -0.107832 -0.077468 -0.08905 -0.094277 -0.082395 -0.078856 -0.081811 -0.092524 -0.0833 -0.086631 -0.084633 -0.088604 -0.082852 -0.084886 -0.090442 -0.089659 -0.111116 -0.110165 -0.081891 -0.118534 -0.072846 -0.074818 -0.09084 -0.078296 -0.094631 -0.082647 -0.074592 -0.089965
-0.086089 -0.106764 -0.08168 -0.080526 -0.107215 -0.085774 -0.069849 -0.089809 -0.085073 -0.085332 -0.100423 -0.087026 -0.078094 -0.08159 -0.084571 -0.082293 -0.090254 -0.084634 -0.104455 -0.080353 -0.092868 -0.072937 -0.108621 -0.079743 -0.085638 -0.097131 -0.081694 -0.07619 -0.071539 -0.090263 -0.08427 -0.087682 -0.081976 -0.091475 -0.080431 -0.08469 -0.091576 -0.088896 -0.110028 -0.107281 -0.081933 -0.119545 -0.073056 -0.075848 -0.088519 -0.077967 -0.094409 -0.081726 -0.074571 -0.090263
-0.080613 -0.108211 -0.079294 -0.079941 -0.107546 -0.085605 -0.068146 -0.091984 -0.082939 -0.085403 -0.100519 -0.087722 -0.074522 -0.079772 -0.082486 -0.081723 -0.087087 -0.088547 -0.10314 -0.083292 -0.094427 -0.073116 -0.106958 -0.07959 -0.084296 -0.093962 -0.08267 -0.076718 -0.07384 -0.089455 -0.083241 -0.088342 -0.080381 -0.08952 -0.078464 -0.087736 -0.092206 -0.089239 -0.112539 -0.108905 -0.077217 -0.11982 -0.070925 -0.073972 -0.090447 -0.079274 -0.083431 -0.079996 -0.074275 -0.09015
-0.082178 -0.108381 -0.089188 -0.081722 -0.107608 -0.086099 -0.06792 -0.090361 -0.082651 -0.087208 -0.095953 -0.086373 -0.073541 -0.078546 -0.082212 -0.083325 -0.088462 -0.087805 -0.100161 -0.079135 -0.092414 -0.071394 -0.10638 -0.076144 -0.080679 -0.09538 -0.081267 -0.078171 -0.070288 -0.089181 -0.084612 -0.088694 -0.084184 -0.088514 -0.07838 -0.087484 -0.088248 -0.087539 -0.111528 -0.105287 -0.077576 -0.117512 -0.069348 -0.075222 -0.091444 -0.079591 -0.082894 -0.077978 -0.07453 -0.091333
-0.07993 -0.107386 -0.08672 -0.082122 -0.10612 -0.087043 -0.065076 -0.091238 -0.083065 -0.087259 -0.096902 -0.085984 -0.074481 -0.081867 -0.079621 -0.083558 -0.081461 -0.087955 -0.1015 -0.07927 -0.090075 -0.072112 -0.106867 -0.078088 -0.074241 -0.095266 -0.08217 -0.078237 -0.0701 -0.088333 -0.083304 -0.088763 -0.082573 -0.079781 -0.077935 -0.083905 -0.089923 -0.093548 -0.11165 -0.103827 -0.079202 -0.116211 -0.069243 -0.074986 -0.090147 -0.073519 -0.083788 -0.078346 -0.074595 -0.091526
-0.080105 -0.103891 -0.081262 -0.08165 -0.10548 -0.087128 -0.065205 -0.092489 -0.07991 -0.082069 -0.09697 -0.088389 -0.072259 -0.079219 -0.077458 -0.085338 -0.082004 -0.087864 -0.101536 -0.080387 -0.088676 -0.072098 -0.104346 -0.078461 -0.073956 -0.090908 -0.079215 -0.078538 -0.067176 -0.086659 -0.084717 -0.088216 -0.083429 -0.081503 -0.077358 -0.083111 -0.086099 -0.091109 -0.107701 -0.102793 -0.077884 -0.11292 -0.070291 -0.075852 -0.087865 -0.072683 -0.084794 -0.079057 -0.075949 -0.090373
-0.080994 -0.09852 -0.077636 -0.083146 -0.099942 -0.087701 -0.063473 -0.09404 -0.07798 -0.084136 -0.093502 -0.085585 -0.075583 -0.079199 -0.080254 -0.08621 -0.081043 -0.088027 -0.099049 -0.078066 -0.087425 -0.070897 -0.102452 -0.080306 -0.073624 -0.092847 -0.081064 -0.077542 -0.067358 -0.086052 -0.084094 -0.090077 -0.084459 -0.08328 -0.079379 -0.081045 -0.084143 -0.090212 -0.107245 -0.104352 -0.078351 -0.113523 -0.070145 -0.07319 -0.086733 -0.072568 -0.084802 -0.080382 -0.075301 -0.087005
-0.079508 -0.094506 -0.079393 -0.082344 -0.100379 -0.085373 -0.06474 -0.094376 -0.084586 -0.082182 -0.093365 -0.0907 -0.078792 -0.082553 -0.077534 -0.08309 -0.080515 -0.08598 -0.099726 -0.076036 -0.087742 -0.070818 -0.100532 -0.077279 -0.073947 -0.09187 -0.081325 -0.078866 -0.068193 -0.086589 -0.08391 -0.086068 -0.083997 -0.084159 -0.081895 -0.081124 -0.086633 -0.090004 -0.107704 -0.101658 -0.075884 -0.113577 -0.069355 -0.075657 -0.09188 -0.073295 -0.086815 -0.077761 -0.074232 -0.090008
-0.079033 -0.096904 -0.077435 -0.082812 -0.098716 -0.079938 -0.064355 -0.095484 -0.08482 -0.083525 -0.092074 -0.085878 -0.079338 -0.080525 -0.081458 -0.083011 -0.080518 -0.086738 -0.099722 -0.07736 -0.085014 -0.071593 -0.101219 -0.076721 -0.074344 -0.092973 -0.079586 -0.079306 -0.068717 -0.084851 -0.083938 -0.087794 -0.080537 -0.082032 -0.080708 -0.081406 -0.089119 -0.08918 -0.107258 -0.100922 -0.077051 -0.113864 -0.071857 -0.072871 -0.089044 -0.073126 -0.084143 -0.077034 -0.067281 -0.085044
-0.081178 -0.097671 -0.077635 -0.082419 -0.102455 -0.082088 -0.064975 -0.092651 -0.084009 -0.082053 -0.092308 -0.083637 -0.077456 -0.073247 -0.080424 -0.082378 -0.079414 -0.088014 -0.1024 -0.075861 -0.085917 -0.071304 -0.102615 -0.07514 -0.065546 -0.092194 -0.080631 -0.081827 -0.068032 -0.086032 -0.081802 -0.086982 -0.080885 -0.080935 -0.080995 -0.083964 -0.08593 -0.089955 -0.104138 -0.102638 -0.076003 -0.114753 -0.070324 -0.073233 -0.088568 -0.072127 -0.089554 -0.076631 -0.070573 -0.083631
