-0.194349 -0.230593 -0.191001 -0.21094 -0.211748 -0.198728 -0.211869 -0.2482 -0.220347 -0.175746 -0.235872 -0.203125 -0.212119 -0.209551 -0.217984 -0.242513 -0.228977 -0.265638 -0.214854 -0.153766 -0.202669 -0.24002 -0.175566 -0.231829 -0.209781 -0.267292 -0.240956 -0.201145 -0.242482 -0.216065 -0.193699 -0.220708 -0.233914 -0.227578 -0.244346 -0.234459 -0.155207 -0.230148 -0.240728 -0.25511 -0.19047 -0.161361 -0.23869 -0.222815 -0.24021 -0.218904 -0.15857 -0.246955 -0.192022 -0.225779
-0.193469 -0.210783 -0.16993 -0.139289 -0.158407 -0.170263 -0.193521 -0.213318 -0.177654 -0.140696 -0.196852 -0.180243 -0.183308 -0.199416 -0.170449 -0.210602 -0.1394 -0.235018 -0.165936 -0.160574 -0.207694 -0.174825 -0.133105 -0.181606 -0.151528 -0.207911 -0.20391 -0.192772 -0.138983 -0.158998 -0.175466 -0.152709 -0.170828 -0.178962 -0.199607 -0.192721 -0.141684 -0.188232 -0.167263 -0.180581 -0.160075 -0.151411 -0.205189 -0.190368 -0.199428 -0.154132 -0.141918 -0.186813 -0.17879 -0.188659
-0.179406 -0.188312 -0.12787 -0.115529 -0.15074 -0.153756 -0.164185 -0.211008 -0.168902 -0.127149 -0.179897 -0.163246 -0.153391 -0.16424 -0.15811 -0.157026 -0.160383 -0.224769 -0.131125 -0.170112 -0.180158 -0.148003 -0.122953 -0.182659 -0.130772 -0.185164 -0.148954 -0.18651 -0.126858 -0.146858 -0.151366 -0.15236 -0.144869 -0.129736 -0.191033 -0.168237 -0.160299 -0.189308 -0.147701 -0.145388 -0.140655 -0.154425 -0.173995 -0.188603 -0.18306 -0.132097 -0.115587 -0.142798 -0.172261 -0.164512
-0.158286 -0.166975 -0.113323 -0.127025 -0.134928 -0.145577 -0.16175 -0.20242 -0.163135 -0.111198 -0.161449 -0.170939 -0.133716 -0.147748 -0.152579 -0.157457 -0.139192 -0.215811 -0.124733 -0.193273 -0.159514 -0.131463 -0.119258 -0.161381 -0.120353 -0.174363 -0.135243 -0.152708 -0.126629 -0.138902 -0.141755 -0.150857 -0.145123 -0.12277 -0.165715 -0.142623 -0.150536 -0.155816 -0.147068 -0.154695 -0.134483 -0.134327 -0.18244 -0.178198 -0.13381 -0.131993 -0.11265 -0.133897 -0.143097 -0.140487
-0.157956 -0.14713 -0.111257 -0.12047 -0.128588 -0.132567 -0.134478 -0.212064 -0.159992 -0.109863 -0.162313 -0.170216 -0.13744 -0.144183 -0.142925 -0.153058 -0.124291 -0.215786 -0.110542 -0.139149 -0.149327 -0.130422 -0.127998 -0.153854 -0.116233 -0.171094 -0.112944 -0.153882 -0.129784 -0.13195 -0.130415 -0.138885 -0.133577 -0.121881 -0.163615 -0.138617 -0.149256 -0.158611 -0.137269 -0.138348 -0.126753 -0.12035 -0.179832 -0.17746 -0.120583 -0.125046 -0.116934 -0.120829 -0.138808 -0.117706
-0.137087 -0.159648 -0.107904 -0.11884 -0.122749 -0.134415 -0.126738 -0.218788 -0.155538 -0.110256 -0.154377 -0.164095 -0.129352 -0.140242 -0.1488 -0.127633 -0.125091 -0.190848 -0.114373 -0.13345 -0.139126 -0.131687 -0.119259 -0.14375 -0.111229 -0.170849 -0.111044 -0.151028 -0.13394 -0.132614 -0.131106 -0.129447 -0.130961 -0.123081 -0.159104 -0.134713 -0.133793 -0.140674 -0.118703 -0.131348 -0.127795 -0.106633 -0.176814 -0.157357 -0.127616 -0.124384 -0.108898 -0.116818 -0.132836 -0.116126
-0.128065 -0.140057 -0.122617 -0.118824 -0.104204 -0.122767 -0.112308 -0.234366 -0.142542 -0.105002 -0.154692 -0.161046 -0.132551 -0.116508 -0.138384 -0.129257 -0.110614 -0.18721 -0.113291 -0.134204 -0.147885 -0.117826 -0.101621 -0.14187 -0.113967 -0.168482 -0.092002 -0.137046 -0.120244 -0.125417 -0.132791 -0.15884 -0.134725 -0.112392 -0.155257 -0.125403 -0.122756 -0.141861 -0.121443 -0.119689 -0.120933 -0.101857 -0.166175 -0.141053 -0.133989 -0.121517 -0.1079 -0.125979 -0.125708 -0.106387
-0.128717 -0.134525 -0.117322 -0.11568 -0.104061 -0.129757 -0.11781 -0.207436 -0.156666 -0.106398 -0.143519 -0.159276 -0.13564 -0.114561 -0.135862 -0.122792 -0.106983 -0.172362 -0.108739 -0.118026 -0.140591 -0.118959 -0.112701 -0.127256 -0.111041 -0.163414 -0.098116 -0.130405 -0.11884 -0.106226 -0.124058 -0.130159 -0.134074 -0.1125 -0.156825 -0.118048 -0.13166 -0.139724 -0.110396 -0.116794 -0.102446 -0.104391 -0.164151 -0.14011 -0.124378 -0.123433 -0.101935 -0.11497 -0.116605 -0.104594
-0.128029 -0.131821 -0.112041 -0.111718 -0.108457 -0.130658 -0.111677 -0.203102 -0.157492 -0.096202 -0.143181 -0.156206 -0.124948 -0.116243 -0.137645 -0.121265 -0.096576 -0.142696 -0.109531 -0.130522 -0.12448 -0.10927 -0.107109 -0.126383 -0.106964 -0.1611 -0.116866 -0.136312 -0.108433 -0.106473 -0.122271 -0.130624 -0.133285 -0.114534 -0.155388 -0.12183 -0.116029 -0.139676 -0.112366 -0.106736 -0.102746 -0.103003 -0.15565 -0.144749 -0.121797 -0.108265 -0.104487 -0.115335 -0.106702 -0.100698
-0.121198 -0.106906 -0.10011 -0.103347 -0.105788 -0.121706 -0.11706 -0.188192 -0.15261 -0.097103 -0.113574 -0.144821 -0.126585 -0.127484 -0.137024 -0.123297 -0.095004 -0.14121 -0.104027 -0.13092 -0.122239 -0.111407 -0.121593 -0.122634 -0.110067 -0.162549 -0.093491 -0.127973 -0.110696 -0.098542 -0.120896 -0.122942 -0.12972 -0.116347 -0.153242 -0.116724 -0.107999 -0.139662 -0.113933 -0.093863 -0.098289 -0.099337 -0.1557 -0.129922 -0.125616 -0.10843 -0.097428 -0.110826 -0.10719 -0.102533
-0.113199 -0.114593 -0.099724 -0.096903 -0.101511 -0.122362 -0.103939 -0.186356 -0.141128 -0.095496 -0.11476 -0.138449 -0.127877 -0.126062 -0.137082 -0.132046 -0.095286 -0.121541 -0.104702 -0.129796 -0.117186 -0.108638 -0.106411 -0.120826 -0.115028 -0.132437 -0.094437 -0.125354 -0.106737 -0.096913 -0.118316 -0.139284 -0.128485 -0.138089 -0.146394 -0.116863 -0.111056 -0.120007 -0.116347 -0.093951 -0.097668 -0.098739 -0.131402 -0.138716 -0.119302 -0.108121 -0.095572 -0.107013 -0.106239 -0.099544
-0.109141 -0.103668 -0.099865 -0.094798 -0.104651 -0.113642 -0.100345 -0.182219 -0.143579 -0.091336 -0.112951 -0.139461 -0.120166 -0.128072 -0.135051 -0.129135 -0.096224 -0.121638 -0.108488 -0.130322 -0.122423 -0.111885 -0.095337 -0.11947 -0.105975 -0.132853 -0.093032 -0.125088 -0.101205 -0.0918 -0.122291 -0.114321 -0.132165 -0.108959 -0.147733 -0.114988 -0.108065 -0.118346 -0.116575 -0.09276 -0.097018 -0.09356 -0.128584 -0.134637 -0.123274 -0.108601 -0.09897 -0.103622 -0.105585 -0.098579
-0.105771 -0.09676 -0.09777 -0.095357 -0.102936 -0.117881 -0.095303 -0.170924 -0.141449 -0.089626 -0.110515 -0.140472 -0.118452 -0.11476 -0.125865 -0.12879 -0.096634 -0.123632 -0.10904 -0.130081 -0.121861 -0.111777 -0.102637 -0.123596 -0.09985 -0.130834 -0.094496 -0.117818 -0.103006 -0.090092 -0.118128 -0.113531 -0.129913 -0.130063 -0.152426 -0.11144 -0.10673 -0.116874 -0.111422 -0.091726 -0.09799 -0.093073 -0.127708 -0.133836 -0.116914 -0.105723 -0.095144 -0.114134 -0.101961 -0.102794
-0.109274 -0.102119 -0.094115 -0.09678 -0.099235 -0.140124 -0.095079 -0.171599 -0.131789 -0.095067 -0.10655 -0.138341 -0.120767 -0.129016 -0.123081 -0.129836 -0.096521 -0.11844 -0.111048 -0.112011 -0.110579 -0.104619 -0.102151 -0.119491 -0.09787 -0.131242 -0.094988 -0.122817 -0.104479 -0.091052 -0.116947 -0.113184 -0.129695 -0.128852 -0.149252 -0.107429 -0.106357 -0.117472 -0.115653 -0.091877 -0.094757 -0.095936 -0.128549 -0.127283 -0.115074 -0.103243 -0.092867 -0.107284 -0.10303 -0.099118
-0.106218 -0.08989 -0.09564 -0.095747 -0.1004 -0.11245 -0.09393 -0.15698 -0.133806 -0.09411 -0.103063 -0.139457 -0.118496 -0.117906 -0.129061 -0.134602 -0.094327 -0.121781 -0.124289 -0.110937 -0.111533 -0.098076 -0.101621 -0.11283 -0.097875 -0.131005 -0.095095 -0.109117 -0.099374 -0.088315 -0.118661 -0.114984 -0.127257 -0.095271 -0.148363 -0.106362 -0.105014 -0.117302 -0.109943 -0.089579 -0.097182 -0.0934 -0.126922 -0.128487 -0.121488 -0.103815 -0.093377 -0.109786 -0.106175 -0.100883
-0.111033 -0.100942 -0.101683 -0.093251 -0.102402 -0.111788 -0.088505 -0.154286 -0.131853 -0.091387 -0.098712 -0.136955 -0.119136 -0.117226 -0.125603 -0.130039 -0.093137 -0.12142 -0.122478 -0.113363 -0.103123 -0.102823 -0.099598 -0.109274 -0.097628 -0.130181 -0.094142 -0.115868 -0.098655 -0.089746 -0.115376 -0.114557 -0.128152 -0.092968 -0.143719 -0.098665 -0.100913 -0.117424 -0.108938 -0.085977 -0.098138 -0.094519 -0.124561 -0.124931 -0.121473 -0.103892 -0.092153 -0.099677 -0.094863 -0.100644
-0.109777 -0.100634 -0.104434 -0.088137 -0.098286 -0.112821 -0.088521 -0.151895 -0.117855 -0.089752 -0.09689 -0.108078 -0.122824 -0.113521 -0.12147 -0.127339 -0.094289 -0.116497 -0.11277 -0.105692 -0.10031 -0.094412 -0.099213 -0.096239 -0.098205 -0.12848 -0.087643 -0.115842 -0.099225 -0.087127 -0.115875 -0.116363 -0.12686 -0.093352 -0.143025 -0.095103 -0.099763 -0.115237 -0.112184 -0.087759 -0.106082 -0.09376 -0.126095 -0.124049 -0.121833 -0.099535 -0.10295 -0.101209 -0.095702 -0.099512
-0.108963 -0.098603 -0.101636 -0.08846 -0.100504 -0.111884 -0.092827 -0.10275 -0.117748 -0.088186 -0.08821 -0.109789 -0.123256 -0.126253 -0.125416 -0.128786 -0.094313 -0.103658 -0.115152 -0.108096 -0.100758 -0.094366 -0.091325 -0.096606 -0.100534 -0.128182 -0.088797 -0.115962 -0.099934 -0.088616 -0.116079 -0.110434 -0.1105 -0.087543 -0.137012 -0.095376 -0.082197 -0.111872 -0.106366 -0.08857 -0.10671 -0.094178 -0.133939 -0.12604 -0.123218 -0.102054 -0.091337 -0.100892 -0.098291 -0.101926
-0.096796 -0.096281 -0.09639 -0.088087 -0.097755 -0.109831 -0.090209 -0.100058 -0.115124 -0.091653 -0.09285 -0.10785 -0.121687 -0.109365 -0.124413 -0.124714 -0.092366 -0.099261 -0.107049 -0.109693 -0.098913 -0.094159 -0.093989 -0.09846 -0.099778 -0.128802 -0.084811 -0.099462 -0.089905 -0.088774 -0.116008 -0.112395 -0.10654 -0.087203 -0.13628 -0.097088 -0.098134 -0.110595 -0.098525 -0.087193 -0.107183 -0.093503 -0.133266 -0.123762 -0.115389 -0.097611 -0.091755 -0.099268 -0.090764 -0.099818
-0.102715 -0.097614 -0.0976 -0.086344 -0.094215 -0.112244 -0.092396 -0.100027 -0.112338 -0.095719 -0.091963 -0.109062 -0.116886 -0.109865 -0.122588 -0.12553 -0.093475 -0.114027 -0.105757 -0.095657 -0.094288 -0.090916 -0.096851 -0.099547 -0.098161 -0.120162 -0.086291 -0.104139 -0.088599 -0.089625 -0.115601 -0.111375 -0.10388 -0.086695 -0.136649 -0.097359 -0.088524 -0.113771 -0.101301 -0.089421 -0.12095 -0.096059 -0.125246 -0.124354 -0.116326 -0.098823 -0.090918 -0.094431 -0.093798 -0.100254
-0.102022 -0.09811 -0.098187 -0.087202 -0.089359 -0.105826 -0.092581 -0.101066 -0.112133 -0.093836 -0.091562 -0.109672 -0.115238 -0.120741 -0.11698 -0.13253 -0.093505 -0.113844 -0.106118 -0.095704 -0.094574 -0.096443 -0.094177 -0.096845 -0.100072 -0.110644 -0.085511 -0.096669 -0.089689 -0.090288 -0.119705 -0.115174 -0.104292 -0.091081 -0.134518 -0.094057 -0.086242 -0.110097 -0.102612 -0.088153 -0.123778 -0.091394 -0.130709 -0.125605 -0.114976 -0.097424 -0.088029 -0.096936 -0.083001 -0.098408
-0.104922 -0.093578 -0.099108 -0.086518 -0.088414 -0.097957 -0.09328 -0.099558 -0.113558 -0.092538 -0.095152 -0.107612 -0.114982 -0.121464 -0.115962 -0.128572 -0.093692 -0.099253 -0.102378 -0.095302 -0.096034 -0.096606 -0.095091 -0.098292 -0.09615 -0.108721 -0.085664 -0.10158 -0.089589 -0.090182 -0.116902 -0.109572 -0.105654 -0.090819 -0.115792 -0.095843 -0.088304 -0.093863 -0.103683 -0.091306 -0.104081 -0.087738 -0.111587 -0.126367 -0.116241 -0.09868 -0.088384 -0.093129 -0.083266 -0.097422
-0.101294 -0.09531 -0.097739 -0.085157 -0.087714 -0.097944 -0.093845 -0.100915 -0.114533 -0.09139 -0.09233 -0.108123 -0.11223 -0.105766 -0.11329 -0.125356 -0.10175 -0.092135 -0.103212 -0.093855 -0.097497 -0.097231 -0.095654 -0.098364 -0.095389 -0.110273 -0.087961 -0.100471 -0.088093 -0.095134 -0.114145 -0.110553 -0.107117 -0.090451 -0.113222 -0.097131 -0.0893 -0.108075 -0.103164 -0.088723 -0.105048 -0.090274 -0.116468 -0.124541 -0.109751 -0.098589 -0.089364 -0.096394 -0.082269 -0.09323
-0.102012 -0.092527 -0.102191 -0.085021 -0.089344 -0.09899 -0.094284 -0.102063 -0.111275 -0.093558 -0.093963 -0.103548 -0.110458 -0.11125 -0.11347 -0.12614 -0.094484 -0.089691 -0.099654 -0.092912 -0.098071 -0.09537 -0.094122 -0.095925 -0.095755 -0.110329 -0.087232 -0.097402 -0.089712 -0.093113 -0.117131 -0.114256 -0.104117 -0.092969 -0.113839 -0.092319 -0.085147 -0.094628 -0.10079 -0.088954 -0.10568 -0.088089 -0.106889 -0.126172 -0.110025 -0.099561 -0.091365 -0.098403 -0.084229 -0.096855
-0.102219 -0.090996 -0.103653 -0.081639 -0.089158 -0.102369 -0.092413 -0.099422 -0.111249 -0.09481 -0.090559 -0.104503 -0.111576 -0.108122 -0.112639 -0.112305 -0.094455 -0.094127 -0.100316 -0.094987 -0.096504 -0.101018 -0.092316 -0.097725 -0.096507 -0.111612 -0.087418 -0.097576 -0.086837 -0.090438 -0.112811 -0.114697 -0.104665 -0.098091 -0.113166 -0.090495 -0.085441 -0.093086 -0.100509 -0.09482 -0.106614 -0.089672 -0.107449 -0.125652 -0.105092 -0.09973 -0.091559 -0.099554 -0.086827 -0.09641
-0.096678 -0.086144 -0.103278 -0.079885 -0.08615 -0.099837 -0.094212 -0.097539 -0.107485 -0.09466 -0.089127 -0.10394 -0.107998 -0.107361 -0.111662 -0.112232 -0.094773 -0.087969 -0.094952 -0.094257 -0.09218 -0.100016 -0.09189 -0.098276 -0.096032 -0.107283 -0.08842 -0.09887 -0.092202 -0.090626 -0.113466 -0.110223 -0.103493 -0.094367 -0.106733 -0.090255 -0.092995 -0.094459 -0.099935 -0.092415 -0.102995 -0.088711 -0.102358 -0.124524 -0.102648 -0.104077 -0.093706 -0.098276 -0.082806 -0.094219
-0.097203 -0.091983 -0.102243 -0.078801 -0.089857 -0.096685 -0.094705 -0.098739 -0.10971 -0.093084 -0.089172 -0.104339 -0.103771 -0.108925 -0.108954 -0.109229 -0.092944 -0.088931 -0.094678 -0.092368 -0.092751 -0.100282 -0.091738 -0.098208 -0.099129 -0.10862 -0.090609 -0.097333 -0.092799 -0.091478 -0.113428 -0.115264 -0.104405 -0.095341 -0.102016 -0.095574 -0.091718 -0.090091 -0.100539 -0.093045 -0.101775 -0.087293 -0.101522 -0.125133 -0.102354 -0.103668 -0.095916 -0.097069 -0.08214 -0.093264
-0.097542 -0.087569 -0.102873 -0.079019 -0.088978 -0.098179 -0.091919 -0.092886 -0.10417 -0.091458 -0.085333 -0.104215 -0.098176 -0.109363 -0.110571 -0.104401 -0.094214 -0.08924 -0.098853 -0.091694 -0.091741 -0.098266 -0.092021 -0.099313 -0.099259 -0.107295 -0.080723 -0.098625 -0.092766 -0.091911 -0.112872 -0.112793 -0.104061 -0.096609 -0.102264 -0.093508 -0.093164 -0.091809 -0.099141 -0.087671 -0.101942 -0.087566 -0.100766 -0.125121 -0.096866 -0.103213 -0.093642 -0.095869 -0.082427 -0.094635
-0.097297 -0.086599 -0.10318 -0.078788 -0.087146 -0.097619 -0.093053 -0.094368 -0.108162 -0.094457 -0.090203 -0.102727 -0.101146 -0.108979 -0.109114 -0.108976 -0.093874 -0.087636 -0.099421 -0.093436 -0.092368 -0.092933 -0.095266 -0.097978 -0.09632 -0.106041 -0.082072 -0.103415 -0.093637 -0.090838 -0.114085 -0.113359 -0.102274 -0.091033 -0.098176 -0.091559 -0.086956 -0.089329 -0.099314 -0.094585 -0.10218 -0.087811 -0.103318 -0.124401 -0.096745 -0.098359 -0.092199 -0.095033 -0.087442 -0.096314
-0.097606 -0.088862 -0.102271 -0.079129 -0.085719 -0.09732 -0.094217 -0.092955 -0.107526 -0.088384 -0.091301 -0.102381 -0.103174 -0.093268 -0.109733 -0.109252 -0.095104 -0.084188 -0.092955 -0.094711 -0.091564 -0.094878 -0.094055 -0.098351 -0.10129 -0.109911 -0.083463 -0.106076 -0.093021 -0.088262 -0.113085 -0.110834 -0.101917 -0.091345 -0.105248 -0.092937 -0.091315 -0.088937 -0.099493 -0.092263 -0.093856 -0.091147 -0.101842 -0.112772 -0.093742 -0.09704 -0.094075 -0.095801 -0.084678 -0.096665
-0.098908 -0.08613 -0.101181 -0.076207 -0.087185 -0.099186 -0.094531 -0.091546 -0.108135 -0.089303 -0.088885 -0.102601 -0.103779 -0.098029 -0.111019 -0.104974 -0.093638 -0.084382 -0.095413 -0.092933 -0.088865 -0.091313 -0.093766 -0.099998 -0.100616 -0.107561 -0.082555 -0.104094 -0.093955 -0.084509 -0.103748 -0.110796 -0.102216 -0.08847 -0.101556 -0.089652 -0.093106 -0.090724 -0.098037 -0.089238 -0.091077 -0.089715 -0.096152 -0.112979 -0.094223 -0.094526 -0.09253 -0.093691 -0.087512 -0.095443
-0.096516 -0.086004 -0.102255 -0.078256 -0.089308 -0.098634 -0.093611 -0.091988 -0.110245 -0.090596 -0.085666 -0.102298 -0.104043 -0.095024 -0.109708 -0.104368 -0.094783 -0.087581 -0.092826 -0.094209 -0.088631 -0.092415 -0.092417 -0.099693 -0.104526 -0.106444 -0.08212 -0.09687 -0.093208 -0.081683 -0.108831 -0.111394 -0.103341 -0.088506 -0.10218 -0.087886 -0.090902 -0.093411 -0.095295 -0.08535 -0.094184 -0.093365 -0.097734 -0.113124 -0.094836 -0.095783 -0.089214 -0.095033 -0.080456 -0.096741
-0.094046 -0.093053 -0.100688 -0.078342 -0.087284 -0.097321 -0.094026 -0.09144 -0.101116 -0.089767 -0.086796 -0.102563 -0.100765 -0.094731 -0.108132 -0.103402 -0.094528 -0.085632 -0.090991 -0.089279 -0.086525 -0.096062 -0.092327 -0.095933 -0.101109 -0.104017 -0.081539 -0.098691 -0.091739 -0.08261 -0.110651 -0.110442 -0.100088 -0.09047 -0.103134 -0.086757 -0.085697 -0.094045 -0.096579 -0.090854 -0.093248 -0.091064 -0.097782 -0.112923 -0.093097 -0.098007 -0.088329 -0.087254 -0.080232 -0.095479
-0.092827 -0.090243 -0.098679 -0.077925 -0.088094 -0.097371 -0.094639 -0.090558 -0.102413 -0.087103 -0.087272 -0.10236 -0.102387 -0.095694 -0.111247 -0.104555 -0.094016 -0.082259 -0.094047 -0.090707 -0.089536 -0.102934 -0.096231 -0.097415 -0.098613 -0.104372 -0.07967 -0.100491 -0.090877 -0.082511 -0.105005 -0.110745 -0.100921 -0.088569 -0.100917 -0.092147 -0.084598 -0.091436 -0.095075 -0.090203 -0.091103 -0.091933 -0.096578 -0.113341 -0.092127 -0.094868 -0.088429 -0.085598 -0.082838 -0.09721
-0.094369 -0.089439 -0.099939 -0.075897 -0.086119 -0.097516 -0.095231 -0.091112 -0.101865 -0.083845 -0.08596 -0.104956 -0.099508 -0.096638 -0.104805 -0.102281 -0.096286 -0.080738 -0.091327 -0.089835 -0.086376 -0.096281 -0.095794 -0.096942 -0.116529 -0.103169 -0.081972 -0.104157 -0.090812 -0.085001 -0.1076 -0.11162 -0.100236 -0.084536 -0.102728 -0.092921 -0.084147 -0.090486 -0.096098 -0.090668 -0.092109 -0.090397 -0.096178 -0.112733 -0.093641 -0.089328 -0.087517 -0.08692 -0.08185 -0.095343
-0.09378 -0.08911 -0.100982 -0.076514 -0.087125 -0.10164 -0.092816 -0.091557 -0.100527 -0.083371 -0.083253 -0.102923 -0.102132 -0.096894 -0.098258 -0.103869 -0.092855 -0.079442 -0.092916 -0.088245 -0.087671 -0.095511 -0.095237 -0.094333 -0.118177 -0.102148 -0.081714 -0.10486 -0.086619 -0.080759 -0.105189 -0.109135 -0.100671 -0.087708 -0.100993 -0.09106 -0.086197 -0.08944 -0.0928 -0.091353 -0.088546 -0.087819 -0.097741 -0.113122 -0.091485 -0.08775 -0.088695 -0.091282 -0.080525 -0.094998
-0.092743 -0.087071 -0.100409 -0.076852 -0.087844 -0.101661 -0.09375 -0.089713 -0.103425 -0.087761 -0.084922 -0.102192 -0.102981 -0.097149 -0.097612 -0.100273 -0.101459 -0.079467 -0.092302 -0.088135 -0.088339 -0.095093 -0.091901 -0.095653 -0.116412 -0.103975 -0.08323 -0.102439 -0.08587 -0.077113 -0.106781 -0.106652 -0.100154 -0.091694 -0.09851 -0.091518 -0.086963 -0.092217 -0.09594 -0.089448 -0.089943 -0.089409 -0.09067 -0.11522 -0.090334 -0.089818 -0.08788 -0.09309 -0.07734 -0.095108
-0.092646 -0.085595 -0.100236 -0.077459 -0.084762 -0.099946 -0.092611 -0.090044 -0.10329 -0.088537 -0.086743 -0.100722 -0.10235 -0.095828 -0.09794 -0.102613 -0.096631 -0.079937 -0.090352 -0.086631 -0.089338 -0.097628 -0.090959 -0.095519 -0.098602 -0.10534 -0.080099 -0.108601 -0.0856 -0.078244 -0.104242 -0.105624 -0.101492 -0.090072 -0.096868 -0.091074 -0.083146 -0.091507 -0.095163 -0.090547 -0.085856 -0.0874 -0.090686 -0.117376 -0.09242 -0.085681 -0.089633 -0.095027 -0.079913 -0.093131
-0.091797 -0.086227 -0.099123 -0.077195 -0.084401 -0.102404 -0.093961 -0.092209 -0.100201 -0.088235 -0.087008 -0.100157 -0.103449 -0.095497 -0.096167 -0.098543 -0.096389 -0.078617 -0.091843 -0.087769 -0.08963 -0.095387 -0.091396 -0.095989 -0.097627 -0.104498 -0.078166 -0.108078 -0.087473 -0.079317 -0.104416 -0.106187 -0.100429 -0.087329 -0.100109 -0.090459 -0.083635 -0.090214 -0.095866 -0.090439 -0.085244 -0.086098 -0.089592 -0.114129 -0.090536 -0.084078 -0.090604 -0.096262 -0.080832 -0.095005
-0.094196 -0.08523 -0.099817 -0.077247 -0.083956 -0.099653 -0.087683 -0.093301 -0.094689 -0.085168 -0.08736 -0.099633 -0.101115 -0.091788 -0.09898 -0.096241 -0.097668 -0.080207 -0.093202 -0.087091 -0.090373 -0.092277 -0.092445 -0.097123 -0.08387 -0.097805 -0.076842 -0.10576 -0.086624 -0.078814 -0.10173 -0.10293 -0.101402 -0.089857 -0.099115 -0.090946 -0.081668 -0.090013 -0.094604 -0.090787 -0.086073 -0.085422 -0.088064 -0.111843 -0.09242 -0.08313 -0.086199 -0.096438 -0.080758 -0.094212
-0.093116 -0.084409 -0.101415 -0.0785 -0.083087 -0.098522 -0.087506 -0.089799 -0.09697 -0.085174 -0.086358 -0.098731 -0.095619 -0.091174 -0.096879 -0.098675 -0.097457 -0.082082 -0.096363 -0.085104 -0.087491 -0.096932 -0.084342 -0.094909 -0.084763 -0.094681 -0.07937 -0.100769 -0.086916 -0.076373 -0.103655 -0.103808 -0.102544 -0.091526 -0.100944 -0.086324 -0.082999 -0.090276 -0.094447 -0.091379 -0.088648 -0.082161 -0.089058 -0.112244 -0.093468 -0.085279 -0.085552 -0.09253 -0.079233 -0.095354
-0.089845 -0.087955 -0.099993 -0.074546 -0.082824 -0.096963 -0.085465 -0.090851 -0.096175 -0.0853 -0.085951 -0.099781 -0.098528 -0.093914 -0.096473 -0.098552 -0.097224 -0.081766 -0.085735 -0.0855 -0.090323 -0.09885 -0.08187 -0.089573 -0.083297 -0.0938 -0.077205 -0.102156 -0.08577 -0.079028 -0.10175 -0.105104 -0.100037 -0.089898 -0.100511 -0.086562 -0.083003 -0.084088 -0.095022 -0.091074 -0.08625 -0.083872 -0.091687 -0.111917 -0.089118 -0.08526 -0.086509 -0.097325 -0.07779 -0.090995
-0.089742 -0.085619 -0.101378 -0.073483 -0.083966 -0.100757 -0.083814 -0.088818 -0.093609 -0.086483 -0.085291 -0.098775 -0.097527 -0.09347 -0.096583 -0.097707 -0.099653 -0.078471 -0.084515 -0.085458 -0.089454 -0.098201 -0.084779 -0.088368 -0.084576 -0.092698 -0.078198 -0.096949 -0.087462 -0.079703 -0.1034 -0.104114 -0.09757 -0.089043 -0.103305 -0.088362 -0.081764 -0.088857 -0.092437 -0.091588 -0.086605 -0.083549 -0.091496 -0.113047 -0.090884 -0.085924 -0.084455 -0.096059 -0.080388 -0.084529
-0.089793 -0.087003 -0.104336 -0.075876 -0.08156 -0.099849 -0.086443 -0.0899 -0.097639 -0.08508 -0.08425 -0.101658 -0.098445 -0.091782 -0.095879 -0.097178 -0.097355 -0.080619 -0.087026 -0.084854 -0.081368 -0.094858 -0.084331 -0.086892 -0.082437 -0.090034 -0.078357 -0.09766 -0.088863 -0.077359 -0.10473 -0.105702 -0.099666 -0.08596 -0.098588 -0.089868 -0.080118 -0.09088 -0.104086 -0.090069 -0.087721 -0.084897 -0.092034 -0.111196 -0.089637 -0.088229 -0.08602 -0.094899 -0.082558 -0.084942
-0.087301 -0.088147 -0.103507 -0.075261 -0.084629 -0.099455 -0.085841 -0.090235 -0.094884 -0.08301 -0.086173 -0.098341 -0.098781 -0.089211 -0.09531 -0.098201 -0.099057 -0.081491 -0.081103 -0.085011 -0.083338 -0.098329 -0.086013 -0.087511 -0.086456 -0.089261 -0.077717 -0.09949 -0.088107 -0.077914 -0.095897 -0.102123 -0.096119 -0.088443 -0.101938 -0.08493 -0.081599 -0.086027 -0.099709 -0.088928 -0.085752 -0.083429 -0.090029 -0.113484 -0.092975 -0.090375 -0.083841 -0.097037 -0.082976 -0.082008
-0.082929 -0.088379 -0.100945 -0.074561 -0.083369 -0.095431 -0.087488 -0.090768 -0.09591 -0.083103 -0.08396 -0.098004 -0.100539 -0.090256 -0.098765 -0.096546 -0.09914 -0.082611 -0.081336 -0.084146 -0.080496 -0.097877 -0.085029 -0.087587 -0.089445 -0.08927 -0.075085 -0.098343 -0.088487 -0.078319 -0.097745 -0.100341 -0.096508 -0.084477 -0.09813 -0.089467 -0.077688 -0.082601 -0.098323 -0.089339 -0.08104 -0.082757 -0.091631 -0.112057 -0.089703 -0.086465 -0.082356 -0.096373 -0.086237 -0.083709
-0.084203 -0.083953 -0.101059 -0.072966 -0.081207 -0.095276 -0.08537 -0.091763 -0.097334 -0.08382 -0.08341 -0.098764 -0.10171 -0.089897 -0.096851 -0.098039 -0.097567 -0.080606 -0.087594 -0.084562 -0.079438 -0.091078 -0.085408 -0.082706 -0.088611 -0.089067 -0.075861 -0.098292 -0.085076 -0.078083 -0.096881 -0.105144 -0.097345 -0.083688 -0.093461 -0.088803 -0.077698 -0.081379 -0.094918 -0.088591 -0.081785 -0.08155 -0.092069 -0.115002 -0.084571 -0.088059 -0.080951 -0.096949 -0.087018 -0.084638
-0.083633 -0.08444 -0.100815 -0.072571 -0.080971 -0.094008 -0.086383 -0.092078 -0.10069 -0.080296 -0.084384 -0.09655 -0.099461 -0.090962 -0.095615 -0.099556 -0.097299 -0.075673 -0.082952 -0.084406 -0.08148 -0.097602 -0.086406 -0.081092 -0.08899 -0.088667 -0.075881 -0.097688 -0.081291 -0.077345 -0.097565 -0.103858 -0.096195 -0.085489 -0.093119 -0.088998 -0.080501 -0.076584 -0.102373 -0.08933 -0.081984 -0.080185 -0.091392 -0.116366 -0.083194 -0.087267 -0.080482 -0.094603 -0.08775 -0.082668
-0.080338 -0.083941 -0.101366 -0.072139 -0.08237 -0.092186 -0.086847 -0.092652 -0.101976 -0.078963 -0.08225 -0.100379 -0.099105 -0.090522 -0.092865 -0.098976 -0.093255 -0.077859 -0.081124 -0.082678 -0.082614 -0.09791 -0.086924 -0.08153 -0.088671 -0.088307 -0.082972 -0.093146 -0.078033 -0.075627 -0.098206 -0.091412 -0.097724 -0.084383 -0.093104 -0.086082 -0.078203 -0.077952 -0.098465 -0.088735 -0.081319 -0.080483 -0.091848 -0.115818 -0.086317 -0.088773 -0.082239 -0.089914 -0.08205 -0.079531
-0.081901 -0.081204 -0.101114 -0.071682 -0.081743 -0.09196 -0.089502 -0.089986 -0.098546 -0.082328 -0.082346 -0.09933 -0.096924 -0.090004 -0.091217 -0.099929 -0.093919 -0.077431 -0.086546 -0.083915 -0.082457 -0.090222 -0.089282 -0.082428 -0.088692 -0.089516 -0.075106 -0.098504 -0.084015 -0.077472 -0.096041 -0.091215 -0.095274 -0.089391 -0.094355 -0.089361 -0.078805 -0.075834 -0.0965 -0.089015 -0.080879 -0.079664 -0.09199 -0.115178 -0.082554 -0.087776 -0.081597 -0.090052 -0.083625 -0.083438
