-0.165797 -0.169533 -0.116111 -0.114736 -0.153502 -0.145364 -0.134686 -0.161315 -0.180746 -0.193943 -0.137048 -0.156241 -0.128679 -0.117428 -0.211677 -0.167005 -0.146681 -0.157413 -0.142764 -0.121657 -0.152597 -0.131497 -0.149199 -0.119913 -0.137035 -0.126829 -0.129392 -0.214685 -0.161252 -0.137936 -0.137397 -0.159175 -0.118829 -0.190368 -0.146642 -0.132612 -0.167997 -0.129462 -0.14376 -0.1535 -0.140196 -0.126623 -0.140207 -0.151908 -0.132129 -0.165743 -0.189122 -0.166373 -0.117201 -0.15592
-0.179767 -0.140714 -0.189177 -0.144349 -0.126261 -0.175759 -0.109716 -0.166538 -0.160618 -0.118153 -0.173552 -0.169558 -0.164546 -0.158485 -0.167313 -0.177737 -0.198351 -0.153748 -0.145419 -0.110982 -0.176394 -0.144122 -0.183938 -0.153466 -0.165474 -0.145053 -0.172454 -0.146096 -0.156848 -0.121514 -0.150982 -0.17086 -0.178261 -0.16252 -0.129319 -0.162695 -0.134143 -0.127669 -0.14262 -0.178742 -0.148089 -0.151859 -0.143949 -0.16862 -0.116948 -0.195847 -0.139258 -0.182948 -0.143496 -0.162546
-0.162424 -0.151618 -0.138901 -0.179647 -0.123772 -0.175219 -0.105769 -0.169056 -0.15889 -0.12275 -0.157941 -0.135647 -0.172963 -0.124748 -0.138711 -0.163066 -0.158987 -0.148182 -0.123527 -0.111832 -0.147581 -0.136357 -0.121473 -0.14887 -0.134339 -0.162129 -0.147829 -0.117695 -0.164518 -0.127133 -0.139112 -0.161203 -0.150084 -0.140619 -0.145023 -0.133789 -0.146964 -0.1685 -0.146267 -0.143253 -0.128895 -0.136213 -0.172719 -0.180899 -0.136682 -0.175792 -0.137613 -0.153231 -0.154039 -0.170383
-0.189907 -0.128923 -0.113289 -0.152386 -0.117732 -0.175996 -0.121997 -0.150533 -0.138937 -0.126863 -0.14347 -0.131521 -0.180443 -0.109898 -0.133752 -0.154814 -0.152792 -0.122428 -0.11209 -0.102925 -0.132196 -0.134074 -0.134204 -0.126788 -0.121493 -0.15049 -0.147526 -0.131978 -0.169906 -0.117922 -0.135985 -0.123358 -0.146027 -0.142212 -0.163597 -0.146739 -0.118548 -0.150323 -0.122338 -0.121306 -0.141131 -0.15503 -0.137218 -0.156393 -0.143317 -0.146249 -0.116197 -0.1293 -0.13591 -0.151386
-0.174826 -0.128943 -0.098078 -0.147504 -0.118836 -0.159603 -0.092312 -0.150921 -0.145759 -0.12137 -0.113428 -0.120872 -0.182069 -0.121167 -0.135349 -0.167812 -0.132414 -0.1363 -0.109788 -0.088096 -0.113323 -0.136586 -0.1373 -0.137329 -0.112935 -0.134443 -0.148752 -0.117814 -0.12835 -0.12299 -0.116328 -0.112574 -0.1411 -0.139059 -0.116489 -0.135985 -0.137274 -0.12732 -0.134758 -0.1179 -0.148468 -0.127584 -0.110563 -0.142054 -0.125606 -0.144832 -0.136027 -0.12741 -0.140219 -0.140315
-0.166424 -0.139534 -0.114361 -0.121174 -0.113762 -0.155728 -0.090029 -0.1344 -0.145905 -0.121535 -0.114718 -0.121353 -0.155312 -0.117355 -0.139008 -0.151719 -0.128964 -0.124187 -0.103773 -0.094617 -0.120137 -0.125917 -0.12901 -0.145101 -0.106682 -0.158618 -0.135384 -0.123829 -0.129815 -0.125895 -0.116546 -0.10399 -0.140542 -0.112436 -0.124453 -0.132759 -0.120382 -0.128703 -0.125073 -0.120323 -0.117251 -0.147461 -0.117932 -0.143867 -0.12265 -0.143517 -0.116057 -0.097511 -0.131159 -0.145945
-0.202809 -0.124061 -0.101334 -0.129708 -0.108078 -0.156828 -0.093914 -0.131986 -0.128606 -0.123095 -0.116237 -0.115503 -0.134823 -0.120285 -0.13659 -0.124541 -0.119147 -0.124485 -0.111128 -0.089539 -0.110403 -0.114451 -0.127358 -0.13805 -0.116623 -0.134192 -0.107901 -0.120087 -0.117586 -0.11576 -0.125136 -0.091525 -0.133896 -0.115897 -0.127254 -0.147079 -0.102972 -0.127774 -0.105222 -0.113688 -0.13596 -0.122625 -0.138816 -0.117954 -0.119959 -0.140679 -0.101177 -0.123376 -0.129037 -0.142761
-0.140578 -0.117137 -0.101775 -0.13449 -0.107051 -0.140432 -0.104162 -0.130984 -0.118591 -0.113347 -0.103563 -0.104509 -0.145166 -0.11962 -0.126852 -0.112316 -0.106825 -0.113232 -0.117311 -0.085269 -0.109542 -0.111669 -0.119261 -0.123769 -0.110044 -0.127512 -0.110388 -0.113461 -0.115382 -0.109978 -0.11234 -0.093133 -0.121096 -0.103757 -0.120277 -0.129987 -0.103207 -0.127706 -0.110779 -0.112208 -0.123306 -0.123263 -0.125224 -0.120023 -0.120345 -0.114066 -0.102185 -0.119292 -0.132889 -0.149333
-0.132762 -0.129386 -0.098884 -0.128064 -0.105612 -0.126721 -0.10487 -0.139124 -0.121493 -0.113811 -0.100012 -0.106791 -0.123434 -0.118599 -0.127348 -0.110453 -0.105036 -0.112329 -0.113836 -0.10709 -0.109269 -0.116306 -0.130885 -0.117924 -0.107393 -0.132556 -0.109503 -0.096738 -0.118749 -0.113508 -0.105043 -0.090562 -0.133709 -0.113178 -0.110529 -0.12502 -0.110804 -0.122143 -0.108474 -0.108278 -0.101356 -0.12955 -0.127289 -0.112209 -0.114242 -0.11154 -0.093949 -0.113915 -0.112595 -0.146568
-0.133968 -0.128112 -0.094068 -0.127924 -0.105736 -0.11972 -0.094292 -0.099754 -0.115885 -0.100014 -0.114727 -0.101379 -0.122601 -0.117843 -0.117291 -0.100538 -0.103644 -0.107496 -0.109998 -0.084697 -0.109033 -0.113066 -0.122509 -0.110635 -0.101905 -0.141564 -0.107003 -0.106272 -0.116897 -0.113373 -0.10456 -0.093769 -0.122867 -0.107761 -0.106747 -0.118738 -0.105445 -0.123486 -0.104822 -0.109911 -0.100226 -0.126603 -0.131956 -0.105062 -0.1152 -0.116086 -0.092104 -0.116655 -0.108605 -0.112982
-0.140687 -0.116922 -0.093038 -0.120127 -0.104376 -0.119771 -0.078919 -0.096604 -0.113828 -0.107402 -0.110432 -0.109009 -0.127285 -0.119556 -0.122648 -0.119036 -0.111677 -0.10794 -0.100692 -0.086358 -0.103579 -0.109068 -0.119521 -0.100813 -0.096786 -0.124412 -0.089948 -0.096955 -0.120706 -0.108367 -0.094204 -0.093773 -0.116485 -0.108789 -0.098661 -0.118202 -0.105212 -0.143875 -0.102047 -0.11225 -0.108527 -0.122249 -0.12313 -0.108294 -0.117158 -0.109143 -0.095288 -0.106479 -0.103108 -0.113527
-0.140342 -0.112216 -0.088828 -0.09692 -0.093747 -0.138 -0.088872 -0.097912 -0.112781 -0.097931 -0.107997 -0.106427 -0.12588 -0.115564 -0.130115 -0.117942 -0.114256 -0.110455 -0.097813 -0.084714 -0.103938 -0.106695 -0.116082 -0.093137 -0.093172 -0.115802 -0.090736 -0.108948 -0.112369 -0.102097 -0.082075 -0.093519 -0.116799 -0.095293 -0.09565 -0.108426 -0.11185 -0.148608 -0.103449 -0.105825 -0.108851 -0.122141 -0.125322 -0.103212 -0.126565 -0.106719 -0.090107 -0.122952 -0.097868 -0.103256
-0.128718 -0.111302 -0.094745 -0.100365 -0.091872 -0.104837 -0.083902 -0.096457 -0.113778 -0.099047 -0.10529 -0.102761 -0.117136 -0.113283 -0.120998 -0.113004 -0.118956 -0.108692 -0.093495 -0.072695 -0.103325 -0.10616 -0.117816 -0.117083 -0.095668 -0.115304 -0.0903 -0.101937 -0.115914 -0.098429 -0.08671 -0.092638 -0.107017 -0.094208 -0.10936 -0.107188 -0.105659 -0.128282 -0.098909 -0.11008 -0.107552 -0.118369 -0.127945 -0.100798 -0.1197 -0.108755 -0.099146 -0.1091 -0.100918 -0.106654
-0.12545 -0.120435 -0.093004 -0.095085 -0.093289 -0.124577 -0.08465 -0.101999 -0.107675 -0.100522 -0.110755 -0.101438 -0.118355 -0.10014 -0.120294 -0.115931 -0.10203 -0.11035 -0.089358 -0.083069 -0.096413 -0.102305 -0.114143 -0.108222 -0.093588 -0.117619 -0.085095 -0.096149 -0.115466 -0.102141 -0.086071 -0.093188 -0.108979 -0.097464 -0.094728 -0.11035 -0.098371 -0.120968 -0.102009 -0.107582 -0.104642 -0.115281 -0.109439 -0.102969 -0.1096 -0.110574 -0.089239 -0.10855 -0.093104 -0.107808
-0.11201 -0.094603 -0.095882 -0.092268 -0.090201 -0.125751 -0.084983 -0.095072 -0.099705 -0.104538 -0.113651 -0.117116 -0.119593 -0.102712 -0.114622 -0.109396 -0.101724 -0.107081 -0.087956 -0.085666 -0.096484 -0.108078 -0.117779 -0.092678 -0.093524 -0.119721 -0.0903 -0.097684 -0.118312 -0.106467 -0.083019 -0.084616 -0.102265 -0.095422 -0.093855 -0.110827 -0.105983 -0.122264 -0.106929 -0.106138 -0.096363 -0.116017 -0.11142 -0.099755 -0.109248 -0.107861 -0.087144 -0.101164 -0.092793 -0.118137
-0.111401 -0.089302 -0.090242 -0.088762 -0.093916 -0.11786 -0.087763 -0.091669 -0.099253 -0.102859 -0.110544 -0.105908 -0.118893 -0.097955 -0.114954 -0.094467 -0.108593 -0.102085 -0.088866 -0.081739 -0.095087 -0.105534 -0.112047 -0.093978 -0.092112 -0.109258 -0.089831 -0.096509 -0.119625 -0.104552 -0.08595 -0.084909 -0.105745 -0.096385 -0.092307 -0.111425 -0.094928 -0.09554 -0.097911 -0.106286 -0.098699 -0.116538 -0.116619 -0.102025 -0.108965 -0.108203 -0.096529 -0.095799 -0.092691 -0.104161
-0.113783 -0.094549 -0.085648 -0.089724 -0.089577 -0.120363 -0.08343 -0.093293 -0.102318 -0.099119 -0.099927 -0.101797 -0.117669 -0.094887 -0.116079 -0.095791 -0.112487 -0.107418 -0.085889 -0.078649 -0.09039 -0.107015 -0.11221 -0.09347 -0.095966 -0.106156 -0.091234 -0.097993 -0.121178 -0.111221 -0.091814 -0.087233 -0.09687 -0.097538 -0.093775 -0.111384 -0.086446 -0.104238 -0.094916 -0.098737 -0.083968 -0.120414 -0.108962 -0.104106 -0.092954 -0.108423 -0.092618 -0.097168 -0.099685 -0.105781
-0.114506 -0.088117 -0.084177 -0.092666 -0.090184 -0.103923 -0.087756 -0.101719 -0.095478 -0.124189 -0.105874 -0.098314 -0.123227 -0.094384 -0.115317 -0.104427 -0.10973 -0.098907 -0.08574 -0.079723 -0.090285 -0.103584 -0.10665 -0.099982 -0.105515 -0.106719 -0.098785 -0.097261 -0.112504 -0.104967 -0.088715 -0.088136 -0.101507 -0.100428 -0.090744 -0.106681 -0.087958 -0.099265 -0.093981 -0.104422 -0.078369 -0.095585 -0.110424 -0.092722 -0.092047 -0.106691 -0.096124 -0.093988 -0.09484 -0.105742
-0.111526 -0.08532 -0.089186 -0.089351 -0.089842 -0.095794 -0.089494 -0.092873 -0.097172 -0.121591 -0.106452 -0.099328 -0.118145 -0.098484 -0.11863 -0.120852 -0.115397 -0.101377 -0.084218 -0.070819 -0.092311 -0.099391 -0.110038 -0.096863 -0.093232 -0.103687 -0.108238 -0.094672 -0.120527 -0.10495 -0.084983 -0.089153 -0.101152 -0.099358 -0.093419 -0.102037 -0.092155 -0.098133 -0.092463 -0.101273 -0.078345 -0.090496 -0.120428 -0.095843 -0.079194 -0.108608 -0.088897 -0.093438 -0.093284 -0.119658
-0.103504 -0.085854 -0.082405 -0.08606 -0.093564 -0.100989 -0.088698 -0.093312 -0.097207 -0.087661 -0.104596 -0.100495 -0.119077 -0.098059 -0.114765 -0.109725 -0.105975 -0.102298 -0.077251 -0.077343 -0.092856 -0.093813 -0.111103 -0.094148 -0.091751 -0.09853 -0.104104 -0.091533 -0.116292 -0.107573 -0.093738 -0.087569 -0.09903 -0.106737 -0.096144 -0.102126 -0.090561 -0.09969 -0.090747 -0.101762 -0.077931 -0.080934 -0.119286 -0.088392 -0.078852 -0.108811 -0.08909 -0.095999 -0.092071 -0.097984
-0.106059 -0.08368 -0.082496 -0.088056 -0.093705 -0.104768 -0.087825 -0.092089 -0.097144 -0.089491 -0.100645 -0.097783 -0.117875 -0.099236 -0.109584 -0.111425 -0.103354 -0.100789 -0.077617 -0.079439 -0.092394 -0.095099 -0.104678 -0.102281 -0.093627 -0.097004 -0.085459 -0.087148 -0.110782 -0.102635 -0.093067 -0.083035 -0.098403 -0.110443 -0.093271 -0.103171 -0.085201 -0.093853 -0.089232 -0.101989 -0.076943 -0.082234 -0.102985 -0.089694 -0.08159 -0.107905 -0.08307 -0.099074 -0.091592 -0.096369
-0.105308 -0.083275 -0.084389 -0.085353 -0.092074 -0.098743 -0.083033 -0.091383 -0.09373 -0.088756 -0.095304 -0.095496 -0.114015 -0.104936 -0.11136 -0.110257 -0.105479 -0.095776 -0.084171 -0.080578 -0.091094 -0.090691 -0.104676 -0.09947 -0.090686 -0.095294 -0.081604 -0.09088 -0.10897 -0.101999 -0.076804 -0.08174 -0.099463 -0.106132 -0.094462 -0.104019 -0.089446 -0.090051 -0.091963 -0.09769 -0.079418 -0.087721 -0.108374 -0.090652 -0.087148 -0.106975 -0.081985 -0.100013 -0.08754 -0.098111
-0.101753 -0.085654 -0.099573 -0.084332 -0.090621 -0.10089 -0.083021 -0.081812 -0.101298 -0.087866 -0.09556 -0.08765 -0.110985 -0.100937 -0.107011 -0.105364 -0.092839 -0.098869 -0.074813 -0.073651 -0.092362 -0.091668 -0.090755 -0.099461 -0.087054 -0.097645 -0.084803 -0.092586 -0.107964 -0.102217 -0.074876 -0.086226 -0.091918 -0.105068 -0.094026 -0.104765 -0.088808 -0.091735 -0.093715 -0.099511 -0.08136 -0.086058 -0.11102 -0.090531 -0.079386 -0.099169 -0.085552 -0.103126 -0.090956 -0.090187
-0.105419 -0.08169 -0.084604 -0.085504 -0.090023 -0.096864 -0.085154 -0.085683 -0.096814 -0.084209 -0.094085 -0.085926 -0.110027 -0.087391 -0.10404 -0.103458 -0.091838 -0.095068 -0.073793 -0.075433 -0.09733 -0.091371 -0.090877 -0.100415 -0.085532 -0.096549 -0.085631 -0.098183 -0.105708 -0.108675 -0.075435 -0.088534 -0.106535 -0.103439 -0.097386 -0.110828 -0.088056 -0.087219 -0.095632 -0.09568 -0.081756 -0.085245 -0.096825 -0.086585 -0.076262 -0.099068 -0.087229 -0.098348 -0.089612 -0.09421
-0.097946 -0.076919 -0.092301 -0.086323 -0.089552 -0.096147 -0.08742 -0.08253 -0.089922 -0.088169 -0.093774 -0.089799 -0.110164 -0.087863 -0.103033 -0.100403 -0.09376 -0.095906 -0.074272 -0.073844 -0.101459 -0.095871 -0.096984 -0.096858 -0.089215 -0.096048 -0.092187 -0.093821 -0.103145 -0.109885 -0.072309 -0.079266 -0.102531 -0.10759 -0.118218 -0.111665 -0.085995 -0.092967 -0.091889 -0.098793 -0.082764 -0.083396 -0.095198 -0.089215 -0.091218 -0.101627 -0.087693 -0.091509 -0.085568 -0.097333
-0.100597 -0.078657 -0.089263 -0.085252 -0.086946 -0.095519 -0.078539 -0.08583 -0.08818 -0.084476 -0.095093 -0.092402 -0.108899 -0.08325 -0.103667 -0.100538 -0.092752 -0.092746 -0.077463 -0.075097 -0.098183 -0.091452 -0.094625 -0.097007 -0.085852 -0.101249 -0.087316 -0.096698 -0.106806 -0.103806 -0.074443 -0.08183 -0.103995 -0.104462 -0.091694 -0.11015 -0.0873 -0.093566 -0.09587 -0.09633 -0.085881 -0.091821 -0.095074 -0.088576 -0.083089 -0.099821 -0.087196 -0.101582 -0.085608 -0.091951
-0.101483 -0.079485 -0.091048 -0.085056 -0.09366 -0.095097 -0.083157 -0.086284 -0.086706 -0.082744 -0.094255 -0.091814 -0.10981 -0.080361 -0.100367 -0.101142 -0.088108 -0.094162 -0.077517 -0.073442 -0.094311 -0.080468 -0.091129 -0.103616 -0.08853 -0.10329 -0.085048 -0.091696 -0.103721 -0.104634 -0.072853 -0.082102 -0.101055 -0.113811 -0.089366 -0.106009 -0.08682 -0.087008 -0.091866 -0.092716 -0.08293 -0.08287 -0.102219 -0.091932 -0.081328 -0.099666 -0.087879 -0.093966 -0.082034 -0.094779
-0.09657 -0.076773 -0.084247 -0.087753 -0.095966 -0.097946 -0.081629 -0.08424 -0.091808 -0.085078 -0.096806 -0.090562 -0.113206 -0.083065 -0.098517 -0.097406 -0.089596 -0.092922 -0.076609 -0.072195 -0.09374 -0.088244 -0.093131 -0.097325 -0.09262 -0.095335 -0.084286 -0.089882 -0.105005 -0.099101 -0.070638 -0.08152 -0.099895 -0.107319 -0.085835 -0.106665 -0.094499 -0.082601 -0.090194 -0.093719 -0.077221 -0.085871 -0.101656 -0.09187 -0.08014 -0.099917 -0.090264 -0.093339 -0.08467 -0.093812
-0.093478 -0.07973 -0.084588 -0.086176 -0.093117 -0.093914 -0.078039 -0.083052 -0.093877 -0.092057 -0.089868 -0.088851 -0.113208 -0.082719 -0.097175 -0.098442 -0.08563 -0.089601 -0.079503 -0.072223 -0.094364 -0.085589 -0.094785 -0.097309 -0.089214 -0.094496 -0.084324 -0.091845 -0.10712 -0.097031 -0.072768 -0.084397 -0.103666 -0.103801 -0.081253 -0.104 -0.085658 -0.078102 -0.094525 -0.092745 -0.083968 -0.083896 -0.097245 -0.106961 -0.079346 -0.097116 -0.091554 -0.092909 -0.084935 -0.095018
-0.093113 -0.075098 -0.080621 -0.083395 -0.085397 -0.095348 -0.07886 -0.086076 -0.093509 -0.092164 -0.089457 -0.089405 -0.116107 -0.083598 -0.093021 -0.097387 -0.093733 -0.084519 -0.078586 -0.073309 -0.094342 -0.084465 -0.090337 -0.099251 -0.090145 -0.090014 -0.081143 -0.094048 -0.106324 -0.097743 -0.07227 -0.082212 -0.097554 -0.106474 -0.082988 -0.102881 -0.086086 -0.07878 -0.088224 -0.09253 -0.081129 -0.081629 -0.094243 -0.09776 -0.081421 -0.092114 -0.08 -0.092476 -0.080746 -0.107981
-0.091377 -0.078765 -0.090298 -0.088513 -0.086248 -0.09244 -0.082007 -0.088899 -0.095362 -0.084884 -0.090639 -0.085812 -0.114438 -0.082072 -0.092283 -0.095747 -0.100724 -0.082226 -0.084227 -0.069958 -0.087764 -0.090731 -0.090556 -0.095395 -0.092977 -0.094373 -0.082703 -0.094134 -0.105192 -0.090874 -0.074577 -0.079447 -0.097617 -0.10137 -0.083317 -0.102528 -0.086986 -0.077574 -0.092608 -0.08969 -0.080584 -0.083018 -0.098237 -0.096309 -0.079534 -0.091414 -0.082705 -0.09157 -0.080085 -0.112673
-0.095786 -0.080205 -0.090596 -0.085812 -0.07587 -0.093076 -0.081811 -0.07438 -0.095525 -0.086609 -0.088507 -0.086449 -0.114262 -0.083728 -0.092719 -0.092718 -0.097771 -0.089386 -0.084364 -0.070681 -0.085337 -0.085294 -0.082484 -0.095189 -0.084365 -0.091877 -0.083694 -0.10155 -0.105203 -0.089147 -0.072234 -0.088933 -0.102594 -0.10035 -0.083244 -0.09847 -0.082184 -0.073171 -0.090669 -0.08671 -0.077316 -0.085438 -0.098257 -0.093166 -0.083305 -0.089792 -0.082747 -0.085986 -0.078684 -0.109429
-0.092006 -0.081649 -0.092305 -0.086374 -0.07927 -0.090691 -0.07778 -0.06998 -0.097545 -0.084595 -0.085978 -0.085328 -0.122601 -0.079849 -0.090594 -0.094315 -0.090097 -0.08602 -0.078342 -0.066105 -0.084925 -0.083098 -0.084716 -0.09859 -0.087625 -0.093739 -0.083782 -0.097349 -0.1047 -0.092787 -0.071513 -0.08788 -0.099141 -0.09848 -0.088331 -0.102538 -0.086874 -0.072217 -0.096607 -0.087701 -0.078733 -0.084511 -0.098946 -0.091418 -0.082084 -0.092571 -0.082075 -0.087658 -0.079153 -0.105305
-0.091182 -0.08236 -0.0833 -0.08256 -0.070596 -0.088764 -0.074756 -0.071597 -0.094688 -0.080579 -0.085427 -0.084159 -0.111578 -0.082455 -0.090869 -0.090355 -0.091811 -0.081271 -0.077009 -0.063866 -0.084027 -0.087718 -0.085505 -0.092909 -0.083391 -0.091076 -0.084972 -0.091941 -0.099402 -0.091292 -0.070194 -0.079919 -0.102222 -0.095721 -0.087212 -0.097161 -0.084896 -0.079632 -0.097884 -0.086397 -0.075505 -0.078322 -0.099609 -0.082108 -0.083486 -0.091895 -0.077016 -0.086831 -0.078214 -0.088216
-0.09234 -0.082555 -0.081863 -0.08245 -0.070426 -0.091225 -0.072851 -0.070389 -0.094957 -0.083126 -0.083416 -0.083259 -0.109297 -0.081984 -0.086693 -0.088594 -0.087428 -0.078988 -0.075866 -0.062191 -0.08182 -0.086677 -0.086063 -0.090781 -0.081642 -0.08886 -0.085255 -0.088888 -0.087004 -0.084559 -0.069173 -0.07921 -0.099564 -0.103841 -0.087062 -0.08256 -0.086573 -0.081044 -0.097689 -0.088292 -0.078906 -0.080931 -0.10446 -0.083525 -0.07834 -0.094133 -0.082824 -0.089515 -0.077418 -0.087103
-0.089852 -0.08032 -0.086724 -0.083305 -0.072881 -0.091339 -0.074076 -0.066521 -0.102866 -0.080815 -0.084257 -0.085074 -0.103779 -0.083366 -0.091422 -0.090326 -0.083817 -0.078595 -0.073383 -0.067073 -0.084327 -0.087549 -0.08688 -0.089941 -0.080261 -0.086575 -0.080801 -0.087443 -0.080438 -0.084358 -0.0677 -0.077193 -0.099701 -0.104002 -0.088932 -0.097053 -0.08318 -0.082655 -0.092012 -0.084798 -0.075531 -0.08024 -0.092409 -0.082447 -0.085066 -0.092697 -0.080246 -0.087554 -0.079102 -0.091313
-0.090531 -0.08343 -0.081947 -0.080707 -0.068315 -0.091186 -0.07614 -0.068446 -0.10044 -0.080977 -0.083788 -0.083594 -0.106161 -0.083295 -0.093197 -0.088849 -0.080638 -0.078371 -0.078075 -0.065632 -0.084266 -0.09084 -0.089055 -0.090568 -0.081404 -0.084778 -0.083805 -0.091161 -0.081211 -0.084359 -0.066608 -0.074312 -0.084089 -0.096983 -0.092309 -0.100531 -0.080203 -0.086406 -0.093837 -0.087508 -0.075482 -0.079756 -0.091306 -0.082738 -0.087201 -0.094576 -0.077602 -0.093737 -0.077473 -0.08993
-0.089737 -0.086738 -0.083332 -0.082237 -0.063767 -0.089576 -0.071112 -0.067779 -0.102071 -0.080897 -0.083641 -0.084683 -0.107 -0.084539 -0.093317 -0.091912 -0.079478 -0.078902 -0.076837 -0.064365 -0.083368 -0.090409 -0.086997 -0.090625 -0.087602 -0.083363 -0.082716 -0.089069 -0.086743 -0.084414 -0.070755 -0.077677 -0.078898 -0.095722 -0.091395 -0.101158 -0.081424 -0.081846 -0.08963 -0.086254 -0.075144 -0.081536 -0.091203 -0.078484 -0.077642 -0.089835 -0.078768 -0.088142 -0.077938 -0.093401
-0.090035 -0.085078 -0.080113 -0.078281 -0.066222 -0.090702 -0.072233 -0.071307 -0.097022 -0.079492 -0.083517 -0.086096 -0.102466 -0.082896 -0.091536 -0.092142 -0.079963 -0.07701 -0.077531 -0.066998 -0.081684 -0.083501 -0.081081 -0.084058 -0.085334 -0.088024 -0.08255 -0.08655 -0.078009 -0.085388 -0.067261 -0.076001 -0.083377 -0.097606 -0.091796 -0.102951 -0.077878 -0.083993 -0.091231 -0.082491 -0.077028 -0.081233 -0.094525 -0.079779 -0.084333 -0.089595 -0.0781 -0.088592 -0.079034 -0.089264
-0.09013 -0.084183 -0.081054 -0.080181 -0.065383 -0.089038 -0.072245 -0.0669 -0.103227 -0.080814 -0.086886 -0.083107 -0.101225 -0.083597 -0.092408 -0.09205 -0.08146 -0.077668 -0.079291 -0.06945 -0.082103 -0.081833 -0.090352 -0.08601 -0.082188 -0.090189 -0.080426 -0.086397 -0.078111 -0.084752 -0.069864 -0.075191 -0.079775 -0.095563 -0.090638 -0.100772 -0.08306 -0.081408 -0.091462 -0.08135 -0.074448 -0.076919 -0.093973 -0.083218 -0.082798 -0.090815 -0.078535 -0.08492 -0.078842 -0.089645
-0.09088 -0.085611 -0.082009 -0.078629 -0.066322 -0.089121 -0.07156 -0.071211 -0.101306 -0.077961 -0.087968 -0.087446 -0.101012 -0.083818 -0.091337 -0.093621 -0.081059 -0.08031 -0.077049 -0.070056 -0.076223 -0.074801 -0.083515 -0.082287 -0.078397 -0.086328 -0.071984 -0.085452 -0.081003 -0.083527 -0.067687 -0.074759 -0.081701 -0.095098 -0.090441 -0.084048 -0.07853 -0.083913 -0.089898 -0.079701 -0.071006 -0.075869 -0.094633 -0.084586 -0.082879 -0.089976 -0.078546 -0.086729 -0.094165 -0.089804
-0.089987 -0.077926 -0.082716 -0.081013 -0.065211 -0.079791 -0.070712 -0.070264 -0.099937 -0.081228 -0.082673 -0.087267 -0.100484 -0.083248 -0.091653 -0.092257 -0.077732 -0.081714 -0.079739 -0.068403 -0.076544 -0.076391 -0.08492 -0.08401 -0.078 -0.085262 -0.07145 -0.086844 -0.079367 -0.082382 -0.067728 -0.073885 -0.081902 -0.088933 -0.086366 -0.084462 -0.076598 -0.084714 -0.090259 -0.081247 -0.072405 -0.075523 -0.09053 -0.082007 -0.082898 -0.092787 -0.076109 -0.086214 -0.075017 -0.090355
-0.094146 -0.078583 -0.085161 -0.080255 -0.067352 -0.079877 -0.071915 -0.066432 -0.09549 -0.07925 -0.085677 -0.085018 -0.10181 -0.084409 -0.095105 -0.093085 -0.075889 -0.081754 -0.079957 -0.066108 -0.078516 -0.077206 -0.077695 -0.07746 -0.079931 -0.082952 -0.07336 -0.085305 -0.079342 -0.085716 -0.068748 -0.073941 -0.082274 -0.093098 -0.088925 -0.085078 -0.080061 -0.079376 -0.093957 -0.079331 -0.073355 -0.075974 -0.093248 -0.081842 -0.08154 -0.091348 -0.074512 -0.086975 -0.07461 -0.09018
-0.090978 -0.078508 -0.082566 -0.079507 -0.06954 -0.084089 -0.072222 -0.069591 -0.092935 -0.078071 -0.08827 -0.085003 -0.102136 -0.084852 -0.089241 -0.093006 -0.075428 -0.084246 -0.077274 -0.069743 -0.079518 -0.074766 -0.080474 -0.078239 -0.080196 -0.08326 -0.076226 -0.086234 -0.078156 -0.087331 -0.069481 -0.074944 -0.081497 -0.091328 -0.084571 -0.082539 -0.078783 -0.077189 -0.096879 -0.082595 -0.075393 -0.076948 -0.093014 -0.075752 -0.082058 -0.109196 -0.074878 -0.085001 -0.076218 -0.087232
-0.092371 -0.078833 -0.084205 -0.080755 -0.071246 -0.08043 -0.07369 -0.068712 -0.095368 -0.077956 -0.084715 -0.084086 -0.098012 -0.082064 -0.091906 -0.092742 -0.072876 -0.083967 -0.075956 -0.06792 -0.076643 -0.073763 -0.080124 -0.079407 -0.076061 -0.082463 -0.073722 -0.081205 -0.07557 -0.084383 -0.069737 -0.069538 -0.082693 -0.089824 -0.08563 -0.08084 -0.077011 -0.077058 -0.095545 -0.080537 -0.075556 -0.076149 -0.085999 -0.078545 -0.084734 -0.08747 -0.077759 -0.086789 -0.073477 -0.089864
-0.089563 -0.082823 -0.081264 -0.076403 -0.06845 -0.079975 -0.071062 -0.069273 -0.093298 -0.076594 -0.087987 -0.085248 -0.096386 -0.080468 -0.091337 -0.089308 -0.076289 -0.081945 -0.07347 -0.069273 -0.079295 -0.071059 -0.089863 -0.076905 -0.078273 -0.083224 -0.075969 -0.088679 -0.075634 -0.085207 -0.06682 -0.072136 -0.085486 -0.088747 -0.086908 -0.083436 -0.072597 -0.079212 -0.090594 -0.080727 -0.076501 -0.076235 -0.09423 -0.075578 -0.08439 -0.08686 -0.076551 -0.08758 -0.071599 -0.088088
-0.091102 -0.079663 -0.08215 -0.079231 -0.067048 -0.078361 -0.072046 -0.071113 -0.09047 -0.076866 -0.083388 -0.082933 -0.094436 -0.080664 -0.085037 -0.089738 -0.074618 -0.07821 -0.073633 -0.069022 -0.078173 -0.071593 -0.087956 -0.079493 -0.075322 -0.084818 -0.080185 -0.083545 -0.076711 -0.085945 -0.066212 -0.074153 -0.089281 -0.088497 -0.085012 -0.081846 -0.076555 -0.077445 -0.091381 -0.084482 -0.075731 -0.07573 -0.096086 -0.076769 -0.084938 -0.085963 -0.078529 -0.088765 -0.072997 -0.089426
-0.093198 -0.0786 -0.084682 -0.078881 -0.067902 -0.076789 -0.074751 -0.070674 -0.091084 -0.078513 -0.0807 -0.083338 -0.09425 -0.079635 -0.090756 -0.088713 -0.077698 -0.082352 -0.072554 -0.068874 -0.077105 -0.072978 -0.085449 -0.077497 -0.076073 -0.081712 -0.075707 -0.084187 -0.076088 -0.087479 -0.067843 -0.073572 -0.081224 -0.090783 -0.083659 -0.084701 -0.07713 -0.077685 -0.092354 -0.08258 -0.075352 -0.078399 -0.09548 -0.075973 -0.084551 -0.085754 -0.076258 -0.082204 -0.071076 -0.084788
-0.094411 -0.077084 -0.082375 -0.077187 -0.065452 -0.077583 -0.07467 -0.070739 -0.091318 -0.07746 -0.080223 -0.085876 -0.095574 -0.080238 -0.088938 -0.089525 -0.076593 -0.080545 -0.071407 -0.067346 -0.07464 -0.072139 -0.086974 -0.080194 -0.075027 -0.084417 -0.076981 -0.086174 -0.075362 -0.088025 -0.067152 -0.070891 -0.083216 -0.086225 -0.081714 -0.075064 -0.077704 -0.078099 -0.090883 -0.085358 -0.078332 -0.076835 -0.087975 -0.074242 -0.085692 -0.086 -0.077203 -0.085947 -0.073031 -0.084249
-0.091319 -0.077446 -0.085656 -0.077162 -0.066575 -0.075628 -0.071579 -0.068084 -0.08672 -0.076031 -0.078006 -0.082887 -0.095567 -0.079708 -0.088093 -0.088904 -0.074679 -0.079734 -0.073931 -0.069494 -0.075205 -0.070761 -0.088179 -0.078139 -0.074268 -0.084708 -0.075818 -0.08407 -0.075081 -0.088528 -0.065102 -0.071101 -0.079328 -0.087054 -0.083527 -0.075602 -0.077479 -0.078971 -0.097514 -0.077643 -0.074904 -0.073676 -0.085613 -0.073682 -0.084056 -0.088431 -0.071542 -0.085662 -0.074663 -0.083619
