0.1 0.3 0.5 0.7
0.00146918300440364 0.0027615104908746 0.00513161405315132 0.00653874683035031
0.00140161408714961 0.00467207319321853 0.00748767881581588 0.0191036875910337
0.00181035217900039 0.004804523493124 0.0139935419491066 0.0258852589871503
0.00195471130353131 0.00603111005437136 0.0135363457311063 0.0282813625708213
0.00203805200195309 0.00785200439047445 0.0168508713497303 0.034396495869064
0.00216341145313232 0.00748632244903954 0.0197716775243294 0.0384680016425546
0.00221450862789794 0.00893076835020783 0.021447274055068 0.0428173581805412
0.00222244879991006 0.00869818727532447 0.0251390057088384 0.0509634563729963
0.00216403663293723 0.0103328048525987 0.0217783838118163 0.0572292996803695
0.00223639844566088 0.0102693069188086 0.0265661731237427 0.0560084920498218
0.00259518447954734 0.0113258667965043 0.0287697639972806 0.0580944317326265
0.00280185013604634 0.0132555706000375 0.029895968978038 0.0556359837138725
0.00281933384073613 0.0132401700023481 0.0293562948039064 0.0496424347386381
0.00252150879457057 0.014804692140943 0.0297439436262141 0.0584667565265372
0.00231532056650975 0.0153714055164881 0.027035074134265 0.05296433535431
0.00248774704824844 0.0145206737097612 0.0338575527619381 0.0595267161109313
0.00279893012196959 0.0139657108647053 0.0327153675650665 0.0567759634059025
0.0029336144008431 0.0157186048630498 0.0303593209289191 0.0575594336885472
0.00314751788513491 0.0134304672400478 0.0353421255261878 0.062415605615545
0.00293713815888527 0.0137029462205864 0.0321313263694674 0.0613093193281052
0.00267615308267558 0.014088571479152 0.0316958902173292 0.0544048886385011
0.00246591314543536 0.0146591234675872 0.0339098390778124 0.0468214497403424
0.00253190830139127 0.0142607855795361 0.0313014813819475 0.045094337527197
0.00274120588471263 0.0141361529442525 0.0250427023868227 0.0503634721232649
0.00322309306095918 0.0146352811925382 0.0282886956573662 0.0511266101187514
0.00364100752767003 0.0150090335954591 0.0293744986710796 0.0507905954244271
0.00330129113187307 0.0140939839684715 0.0303311439697058 0.0527799606366699
0.00324977129712711 0.0139984685991486 0.0311585535476072 0.0555609243875783
0.00351070247040808 0.0121624530928168 0.0350677378084984 0.0587054559746569
0.00372106722626053 0.0142185298587077 0.0364572286904167 0.0553236828447128
0.00359616473820823 0.013629859973232 0.0321698897315199 0.0536709617538912
0.00343084803418907 0.0122924412346424 0.0325330254175862 0.0579262679146158
0.00348904393619471 0.0142308710904768 0.0361313878316276 0.0525928861315357
0.00346190244280932 0.013248097611538 0.0362995106631845 0.0606847574691919
0.00349901955823966 0.0150997595875671 0.032537338312193 0.06382346474453
0.00417279711533311 0.0158330469827358 0.0329743583639501 0.0577231509402444
0.00443683844362753 0.0134776791917967 0.0347824988209145 0.0654664159515878
0.00457245212538043 0.0153953530887307 0.0381937788615599 0.0667070725886959
0.00475986277843827 0.0143880473996268 0.0360493232988426 0.0717641683594595
0.0045716828737431 0.0142913898794276 0.0352835559109781 0.0718137666885589
0.00484616355555268 0.0151084503510386 0.032289094693022 0.0755549960004801
0.00500007441372528 0.0153534204792295 0.0335415143038669 0.0666647532601928
0.00455031373141242 0.0166345708315667 0.0311442454325639 0.0719914542730011
0.00448797593368875 0.0159035674220631 0.0323953851893362 0.0684100770536379
0.00435297014974742 0.0173759559377155 0.0368646554844364 0.0728063773526356
0.00435124920949197 0.0171380857408436 0.0350771909363442 0.0659647884384765
0.00477774769776657 0.0152652015267716 0.0366450469040797 0.0682568480829618
0.00425882316876599 0.015764189454553 0.0338462850580185 0.0745891927478575
0.00396432561836213 0.0157568839568356 0.0322728880114266 0.0809760170851373
0.00393664349757341 0.0150447447567481 0.0338289896166416 0.0792473225812389
0.00338580380024031 0.0153697201922984 0.0297332053899307 0.0766066391377143
0.00377805152135599 0.014176815771264 0.0336679405173706 0.0812608266536094
0.00389501618673421 0.0139676655933708 0.0337310870838187 0.0920628311509913
0.00391216767040209 0.0167905269000692 0.03783725718739 0.106819636880072
0.00390140041523896 0.0171287340716267 0.0398895440001617 0.0989353880506812
0.00383633435419039 0.0172518758625223 0.0434128692161914 0.100482813538382
0.00360740523058609 0.0158342647822534 0.0457995461985265 0.101935501933457
0.00390819118896021 0.0152907995618177 0.0445314630636769 0.0956847607314654
0.00385379216858709 0.0148504599785749 0.0404809281971832 0.102142846602604
0.00413973152332316 0.0154729448891797 0.0391678171847572 0.101737751866689
0.00381594980821442 0.0145056970729142 0.0442389011740341 0.108289443725658
0.00367814333143752 0.0139695561301326 0.0469279192177581 0.105766654370275
0.0033864389509866 0.0155260125115056 0.045836862955379 0.111688502594577
0.0037696369544066 0.015175028977821 0.0498695918278927 0.116623152671142
0.0043454452776127 0.0153102753434506 0.0531170475810802 0.121425702994277
0.00359663440593146 0.0148820240338597 0.0515513629444082 0.11469667121937
0.00400648708544854 0.0175289042695392 0.0521744182916815 0.113951456225688
0.00419969101285734 0.0169697358759179 0.055441487329376 0.123065005977606
0.00404046400212283 0.0164009671120637 0.0516306351636964 0.110367605751559
0.00383439960202759 0.0147032012032223 0.0529511598774049 0.103124352691794
0.00351171312941914 0.0159379461497756 0.0549471391530166 0.102477470294273
0.00373443861903497 0.0189097443320851 0.0511928359796365 0.102700701689632
0.0038320055533089 0.0162777061732404 0.0575538156176367 0.103313617629222
0.00362826547642299 0.0149784325267327 0.0507268780050987 0.0918059020912229
0.00356823166045047 0.0130424409525595 0.0553930634293447 0.0913421923423876
0.0033330201183129 0.0125898912074668 0.0594674430967142 0.0917890131854424
0.00351536687469818 0.0162225704537276 0.055194006671193 0.084636496647202
0.00364683114572675 0.0170647499038761 0.0589364053668737 0.088811639441075
0.00393759642133668 0.0176014969412809 0.0638982756990901 0.0893606953962721
0.00401263112776492 0.0173631500289592 0.0604860967696724 0.0963626203790337
0.00407425837085297 0.0167488480661097 0.0669131845427662 0.0866579766851997
0.00456448895670972 0.0162159338892795 0.0675594721663205 0.0886525092493134
0.00478905722058471 0.0153868100522461 0.0676509509402895 0.0806447410577011
0.004803238847573 0.015694078738238 0.07176639607317 0.0881784403708405
0.00490140139082997 0.0165399061319269 0.0707929802907774 0.081764376971852
0.00452692655449905 0.0157429136347943 0.0580587989926903 0.068833783887092
0.00408318133253841 0.0139038026722228 0.0572283562419276 0.0659809430447643
0.00413618557692932 0.0148204644784253 0.0635416243568591 0.0686226172642599
0.00441482426824118 0.0126323623213424 0.068323965646932 0.0717256134997149
0.0042562010151654 0.0146247594525203 0.0612320888837482 0.0729017338990272
0.00431676424458778 0.0132407275908259 0.053170880711882 0.0804770852017975
0.0043214164291012 0.0170637262478271 0.0558506939566837 0.079673201054606
0.00413467799289006 0.0170061767588418 0.0559724102214687 0.0798448143985333
0.00392281251105352 0.0180271900220593 0.0565200420183005 0.0760955406511501
0.00423126013137526 0.0193311378058771 0.0575105131584643 0.0638505045756635
0.00423878321734237 0.0174767250279691 0.0577115729390845 0.0610584949008873
0.00442013883725845 0.0170881589882282 0.0599485063315547 0.0680780160488913
0.00424285726194868 0.0192709092759448 0.0619280876810333 0.0627703893506556
0.00394032874934567 0.0227688269848272 0.0631323891422234 0.0716028474033106
0.00380720203297769 0.0216319769026093 0.0631459943881345 0.0608905973250643
0.00394431976387916 0.0208762082486708 0.0581762836294782 0.0627566167731807
0.00389748379785949 0.0225396666031345 0.0605442626860497 0.0699794047667122
0.00387854993725985 0.0225748103636206 0.054690544779546 0.067695199073728
0.00394048959013889 0.0217279290750973 0.0521178455353452 0.0635767013314854
0.00427813184651556 0.0185230935522172 0.0549658765815295 0.0668748163166281
0.00411367780275052 0.0199355878414676 0.0537820975408275 0.0622171455756828
0.00404298668565395 0.0216193110730034 0.0513004605192779 0.063690932420313
0.00462430702778586 0.0200255762847471 0.0501108730510709 0.0583233503228306
0.00453313695581254 0.0209132115885632 0.0510494684657067 0.0652221679970569
0.00452678800148214 0.0200305520394009 0.0496918454943751 0.0584014266955677
0.00465249101594224 0.020070822656311 0.053674957549436 0.0527332274639356
0.00458827774971955 0.0218861190715667 0.0547297659023093 0.0612304091459164
0.00496467862660506 0.0243444448343836 0.0522491948742241 0.0595724505113296
0.00438043801530532 0.0250637834063473 0.0477039888014388 0.0468908262048871
0.004645221935946 0.0251265336919564 0.0477251590386285 0.0576183549905516
0.00443319143998975 0.0251759761845246 0.0466142240862092 0.0580771073496206
0.0041923144099559 0.0259827659900451 0.0422976723061513 0.0535786136697131
0.00397809587514984 0.0258566446792619 0.0390090531160388 0.0574283727878674
0.0040217506513065 0.0256296159348968 0.0442156922988705 0.0551669906230148
0.0038726110738704 0.0259258275963618 0.0461480520848487 0.0601746243962289
0.00414198175818866 0.0248849863174827 0.0468923822987151 0.0615503537140347
0.00385764673507696 0.0249748320624529 0.0414254145709442 0.0598511545912662
0.00372308978100572 0.0264053008680171 0.0434224562243398 0.0533665590812723
0.00380185309599585 0.0251873233933387 0.0404572319959614 0.0599111403880997
0.00412904172389372 0.0239915764541318 0.0458919000809242 0.0586594752929831
0.00378266604632603 0.0246069873943387 0.0482184348645642 0.0576196095718258
0.00332054238608946 0.0259774609791145 0.0434213597060169 0.0548115548806641
0.00329523289101134 0.028611752078961 0.0355046385538277 0.0522097322281905
0.00354098135063855 0.028417412548835 0.0363570131563923 0.046397877491494
0.00299134275495638 0.0264135206265807 0.0397780191008687 0.0547182417400398
0.0031928757861022 0.0287164365515071 0.0457790089167895 0.054727920381629
0.00308223054603549 0.027120301862609 0.044676586512951 0.057803298601352
0.00325610656779065 0.0247501486409067 0.0392725461431895 0.0526913292048384
0.00364097367946602 0.0269366671448415 0.0380134831290776 0.0551846204198814
0.00371772490798137 0.026123211612451 0.0318090167534116 0.0556014336050209
0.00395479876459291 0.0229515962758054 0.0374453697039317 0.0629804892750128
0.0037532694933569 0.0217431427295633 0.0360296744597323 0.056510892784363
0.0034935687595849 0.0241605186876513 0.0449755691740527 0.064886701244344
0.00397641803232059 0.0225515641578496 0.0410221299442048 0.0645688949652447
0.00408414878647486 0.0260150977432716 0.0338414988137895 0.0576071536057403
0.0046099371182951 0.0246981214775024 0.0353384233341686 0.0585937992980986
0.00459956498148079 0.0245896915000072 0.0373114282588031 0.057351700501356
0.00442687801870031 0.0257929075700779 0.0368233989479183 0.0602996826725801
0.00416121487535564 0.0254724557778003 0.0377232407275293 0.0593651077767378
0.00416452287688323 0.0254822849125178 0.0366142794059666 0.0493163530643501
0.00442220767898888 0.0239725426696573 0.0342551543165004 0.0626044781764995
0.00431593876281601 0.0255262496844437 0.0411030285478583 0.0720257387062299
0.0042173108394899 0.023728643144994 0.0411073885358952 0.0693164000349238
0.00499680789716519 0.0257729715154891 0.0407082509484216 0.0557524352331027
0.00469994808065855 0.0240500558028292 0.0397863069928761 0.0568275908555174
0.00484972193755797 0.0270730942953197 0.0355420819115597 0.064555796444251
0.00464463223756888 0.0279764505103737 0.0351286565969815 0.0595161662432035
0.0046372389001992 0.0255551002855722 0.0374378915602574 0.0584788999913357
0.00451607341310069 0.0240656659019755 0.0339267871056069 0.0662927243953985
0.0042469664803552 0.0264769762754147 0.0324424080978145 0.0642121474748741
0.00414741290660491 0.0233687027299983 0.0370708073285737 0.0546974135985413
0.00401489137546984 0.021472532190909 0.0344561003690436 0.0597580671159095
0.00400955272139646 0.024451921257729 0.0376257350278615 0.0549061663627092
0.00403710819441049 0.0261615756941182 0.0406654959160858 0.0502130283413846
0.00447255123938905 0.0252702696360559 0.0384742442233216 0.0489669768976847
0.00443032885684542 0.0229626507299627 0.0399777391373369 0.0514894452216286
0.00453182160628118 0.0213102755439577 0.0365456165524929 0.0660346453160436
0.00423687288126373 0.0209638752636145 0.0386381692249451 0.0614774018719403
0.00431198662264492 0.0238023527510323 0.0342318945791371 0.0538683365094529
0.0043954036541393 0.0233533007088368 0.0363885724312467 0.0617185894862225
0.00460018423712955 0.021877748893178 0.0319671248398576 0.0694403108307703
0.00470911481520566 0.0251381820320567 0.0313722173813267 0.0605408951450803
0.00388313563989669 0.0234059670766591 0.0373080282234273 0.0541177154699007
0.00354936841255223 0.0242630964433227 0.0354059971678754 0.0548421785992166
0.00335778996997491 0.0244144344370265 0.0349674005745378 0.0646827034403027
0.00352810203154786 0.0228166667052955 0.0413728242397512 0.0601955488525502
0.00350154213724554 0.0220500974085365 0.0402473040043101 0.0640840786869299
0.00409120688545024 0.0205087228412368 0.0316493903231725 0.0606410356509585
0.0040828561606343 0.0201914303953357 0.0254742809251954 0.0609556392182016
0.00374273048873351 0.0226702021371051 0.0302174707587038 0.0563165708320964
0.00402420018886012 0.0225309720750667 0.0335150926498311 0.0497282322787985
0.00386291880816257 0.0191176203020048 0.0327031408941652 0.0569666998038924
0.00405110609136936 0.0185123055300506 0.0282241925804648 0.0485180698631437
0.00406263419148342 0.0187459414479648 0.0281489234878495 0.0516631750156332
0.00395013542675002 0.0180962653838046 0.0325920958822096 0.0566822349529953
0.00378614994888289 0.0185606213783435 0.0365270828262079 0.073515305336677
0.00386917096764109 0.0192061611073481 0.0331863134591974 0.0548128873649637
0.00411659824098748 0.0217465982950064 0.0342351899614739 0.0513631656282717
0.0041832380977018 0.019542486617186 0.0314127233886243 0.0608318088768418
0.00421588317841971 0.0211104174697738 0.0305950795852807 0.0531051878167991
0.0039956056300609 0.0211417715411543 0.0313266892674874 0.0529107776539943
0.00440472253976221 0.0182280143019445 0.0293541668329185 0.0600549441263803
0.00457810944077436 0.0177516297220885 0.0276523995959086 0.0634372743221037
0.00486317229923912 0.0200366181687501 0.0321695614859851 0.0555167968342427
0.00484643302221524 0.019665697344405 0.0310231426269102 0.0609949513563598
0.00458254780047018 0.0200094877800696 0.0299007470581924 0.0668407995144843
0.00423821701315309 0.0179875797493989 0.029793580666558 0.065631276645194
0.00395459996863964 0.0181558765545113 0.0297406231705389 0.0650897310087908
0.00390176371965739 0.0220888204396864 0.033452190869923 0.0544106145851647
0.00403453449780018 0.0205675763419267 0.0345614133909148 0.0510904012247019
0.00437497364385962 0.0189562948309229 0.0282651768109866 0.0608043844217092
0.0045165152464559 0.0186981688245041 0.0304228799763307 0.0538724505720713
0.00424568277604657 0.0212030810046911 0.0304331540500606 0.060613198111175
0.00402287153351263 0.0188448805852058 0.0369694445597241 0.0572147488839151
0.00352887685835718 0.0175363645490979 0.0361314848918346 0.0520729211530457
0.00361956551504815 0.0168540438544227 0.0343321403473882 0.0512427665705126
0.00380538667082204 0.0203107712183777 0.0346074173987763 0.0566486845359749
0.00350794993214627 0.0212509067185151 0.035141421609652 0.0525351904536388
0.00373857188243322 0.0197100608147486 0.0269629478806527 0.0574083569294034
0.00421618131720938 0.0188861113164118 0.0264717132000929 0.0555175618342804
0.0040933080619159 0.0188724894235708 0.0288877509860131 0.0548941139950111
0.00412536806731929 0.0195122018585943 0.0254109951446083 0.0612717519696727
0.00390637580695929 0.0186803581708894 0.0275865957480715 0.0606643746962592
0.00401516955891721 0.0161959373943173 0.0297133063971719 0.0689047447300342
0.00354171181672989 0.0150797792834908 0.0269721011926917 0.0698967863732294
0.0036256320588561 0.0159603425409147 0.0291860991426375 0.0630127209684311
0.00350120955831786 0.014451945398708 0.03273995656183 0.0563511683871763
0.00390449938349592 0.0143950220794084 0.0279573019272628 0.0558797941226472
0.00390224102999837 0.0162945476577281 0.0314384382531686 0.0629084592972384
0.00392788903931153 0.0166281948638207 0.0328625155150836 0.0555385515651614
0.00440726017360109 0.0160060214693856 0.0358013520270429 0.0558851287455435
0.00442655242498326 0.0156324524529433 0.0353321669635477 0.0519170442001256
0.00458631347785292 0.0143855841246292 0.035133788697936 0.0489900410117177
0.00481958068319448 0.0164770079722114 0.0312706603293882 0.0622168119508558
0.00459467211988747 0.0161092631529399 0.0358036184349329 0.0613354884475712
0.00434273103118081 0.0155469916479533 0.0341921193385762 0.048802525201178
0.00422868329420616 0.0146488580373819 0.0345498351592802 0.0521692237921381
0.00434461941968589 0.0150228308834163 0.0333907098669732 0.0561635004638137
0.00444318130541544 0.0131454297488705 0.0318668090207446 0.0618536421842815
0.00450619098616488 0.0146025517822973 0.0300918908193153 0.0599337125635967
0.00389146325102087 0.0172612849873791 0.0340282505514363 0.0695155526215646
0.0042020565016336 0.0170368321473547 0.0325655547196594 0.0739994664842837
0.00466498292877987 0.0157992819040018 0.0292705114758544 0.0675871107955948
0.00481687269473617 0.0156637821593197 0.0288079594063198 0.0625334395437551
0.00475600455972759 0.0174099699048418 0.0380605356143348 0.0653514299934705
0.00431823178117794 0.017554679696452 0.0352225963383895 0.0658515730166371
0.00430710588352577 0.0181949623575387 0.0333592331992816 0.0592164745629404
0.00366121110680098 0.0185381564109123 0.0312309676602951 0.05991350459373
0.00356499426071842 0.0142256217130997 0.033885134858299 0.0561779828519255
0.00344066868378923 0.0162270357042199 0.0353580640368407 0.0430125058701187
0.00359388063231612 0.0168517607736386 0.0305078403291824 0.0535918761830441
0.00384859918882982 0.0146962326257959 0.0292277813782963 0.0504357451305034
0.00408854885100883 0.0154615715599037 0.0354329374686625 0.0485000270674432
0.00409659674972189 0.0139329251891833 0.0313052270109076 0.0544468674972543
0.00423663717803001 0.0153394449914586 0.0296832006793926 0.0664637686562746
0.00454286886057211 0.0136927370366574 0.0270835168587756 0.0561397437729371
0.00468601060555536 0.0153342969276667 0.0312323991714201 0.0589188756360678
0.00466272015580562 0.0155658392055699 0.0274714772937846 0.0649286344679745
0.00416996520647128 0.0160681651732163 0.0296664938498158 0.05754559924564
0.00348139283755862 0.0181669807389364 0.0285113552455331 0.062706274005911
0.00377455155339649 0.0195472925944933 0.0293151137182174 0.0587188199788294
0.0037195439063058 0.0186972514332141 0.0269316103879015 0.051338890535371
0.00385502818891931 0.0190672811134155 0.0287575352015683 0.0486003219995829
0.0042939989686807 0.016544112444411 0.0316582273034022 0.0583913574579481
0.00409486785078398 0.0148231475736097 0.0305467921125447 0.0532325427233435
0.00434959943437817 0.0163055547553708 0.0265176457702998 0.0476038982907556
0.00446745255966178 0.0148288361944799 0.0289058433489165 0.0535349524926611
0.0045207923297952 0.0157373589095626 0.0302733210864218 0.0568868201873201
0.00431804584622626 0.0156381371067647 0.0305111623669953 0.0593459077885572
0.00409732768584033 0.0137159721328832 0.0321694886677697 0.0560745455961306
0.0042905419371639 0.0148921357030433 0.0337619675312316 0.0561734874077634
0.00393315567864852 0.01452556016503 0.0363227946594549 0.0688703623978264
0.0041595273966582 0.0152737743034305 0.0309716539840278 0.0603154478922785
0.00396038897776788 0.0178690737527716 0.0304549906564064 0.0483049050457587
0.00407998347627046 0.0150253942857525 0.0302686675657253 0.0516557817423095
0.00419608555337109 0.0175780299315798 0.0254376089748272 0.0617601412670907
0.0040174688736612 0.0195431429547143 0.0277364898291195 0.0570501789226412
0.00414077112161841 0.0172356599598859 0.0311827315347484 0.0572247508971706
0.00397414891511136 0.0174910446083335 0.0366950104580811 0.0598302279728764
0.00444127448509237 0.0171871794860457 0.0334917581573014 0.0556234226367161
0.00491057545517356 0.0163911645467971 0.0353656036827444 0.0594398236550992
0.00503340953647809 0.0147063388782179 0.0343577321310309 0.0536315756066714
0.00476652149945668 0.0139284565750478 0.0316947532391264 0.0590015575279245
0.00505277961531293 0.0150144072623574 0.0304912200824981 0.0624068114483944
0.00483012570120829 0.0156560832613139 0.0279183412364149 0.060184696556722
0.0049007806955003 0.0153548623016359 0.0304203660198073 0.0558859032740002
0.00479618554908636 0.0145788648420238 0.0303774574350659 0.0554585843213644
0.00409038809735493 0.0138009667358229 0.0300294515052302 0.0553826766260806
0.00399818625733619 0.0144538307477156 0.0285471816691898 0.048663610377575
0.00400886672904777 0.0137096296814844 0.0316959677871097 0.0647874605736972
0.00426595891904754 0.0143238046546261 0.0323215936231397 0.0622075752090654
0.0038891199309581 0.0145344710073669 0.031834440494283 0.0588199302083077
0.00394533563116351 0.0168455486497168 0.0324062423304994 0.0713724766759359
0.00451463955266281 0.0181979055366371 0.033103605977955 0.0731786655836274
0.00441850623155103 0.0173911215375301 0.0290720686747818 0.0735622532330324
0.00392253192767718 0.017075335257776 0.0327856648715618 0.0778855998342601
0.00465655067197671 0.0177688644996499 0.0290225826440039 0.071342707674725
0.00455141750855063 0.0171691399028149 0.0304532120806993 0.070001870468183
0.00409254982589808 0.0168183626148149 0.0325185690748805 0.0680834203526163
0.00424083434719864 0.0123130449016263 0.0297494163984915 0.0665690907371098
0.00389686731361144 0.0148611982497881 0.0307993929414245 0.0650757929482208
0.00398264459545879 0.0136939676242989 0.0323853482103545 0.058465800391117
0.00362347664794479 0.0156838486709344 0.0265071063946953 0.0654861272871985
0.00388642617586495 0.0141984400929431 0.0291222961380906 0.0667552148026138
0.00411858461125449 0.0140822990731333 0.0314362750289343 0.061353962589378
0.00417293383193269 0.0159575810693711 0.0373985692113383 0.0535266618776375
0.00402017027646572 0.016100952560074 0.0364233180686487 0.0580236656223143
0.00373896579106587 0.0146580862311233 0.0313018496288977 0.0597207344781082
0.00383241216307595 0.0161841335237144 0.0358443103572103 0.0478905711497038
0.00429071690898892 0.0188446328137529 0.0318892602338536 0.0570137233189332
0.00414085915550143 0.0140923401962096 0.0312551223387223 0.0571501069109336
0.00421467954480714 0.0155920408652543 0.0308730418130927 0.0586885519752789
0.00401025430858467 0.0149261979212385 0.0325463433122213 0.0605576876185599
0.00444773055890872 0.0160544841573891 0.0340043686843995 0.0564616721298312
0.00408170595061402 0.0149819047054121 0.0305223805930276 0.0622907225189732
0.00399624171536733 0.0156343582702581 0.0331271634860279 0.0581415807083448
0.00417661664500172 0.01287647696642 0.0360677901697755 0.0550302885615647
0.00417728580152845 0.0150285941365091 0.0346264241616344 0.055583344115623
0.00408053495508392 0.0132923232637343 0.034380482481329 0.0557888429703078
0.00376865506055369 0.0125262228137291 0.0349938072942576 0.0551237614006071
0.00384412768404916 0.013265590692626 0.0342616400617836 0.0546612732413637
0.00428484192237116 0.0144755085755503 0.0296222417278626 0.0460010559985164
0.00436814432742138 0.0141055977986099 0.0278812362697746 0.0529766321985419
0.00378710540729557 0.0154100385233408 0.0335144242854669 0.0533235630714175
0.00371353994026452 0.0153955333770515 0.0348801596301525 0.0615575428346421
0.00366049718446632 0.0141265779541628 0.0344886860881184 0.0613437575543862
0.00369008896171776 0.0116424080259093 0.0300791888135185 0.0556504879191069
0.00367929819419347 0.0114549731040815 0.0324761285108272 0.0584208505333143
0.00388049626020959 0.0105994926667484 0.0333889495574043 0.0621750284404093
0.00339846501907488 0.0154243505819846 0.0334803301627168 0.0603654448973564
0.00312322645139884 0.0151132597169584 0.0317417585376151 0.0660534954660037
0.00329438012713948 0.0155884344866924 0.0283192978073693 0.0550952861929539
0.00354992326899294 0.0159387051980718 0.0317533752105219 0.0466571665834562
0.00337049264491444 0.0160287073182825 0.0353285146752345 0.0617038263160294
0.00392406819344228 0.0170300866061569 0.0332297968718846 0.0536345663787241
0.00408648378604724 0.0178807440436093 0.0331679745243209 0.0520707617709868
0.00407865696685346 0.0146565189035175 0.0346364987598782 0.0437948620088909
0.00380824267416576 0.0132891327745403 0.0387427549675279 0.0497141909457406
0.00421430664325652 0.0148860831885454 0.033813806117277 0.0541164444962221
0.00414774803793651 0.0130208196852944 0.031072223557786 0.0583500096714811
0.00420263233293184 0.0161565581381278 0.0354095631430837 0.0563360594476606
0.00390764266465239 0.0144017712632847 0.0301388237973677 0.0546048821352776
0.00360152218941679 0.0150887282296011 0.0342424555572267 0.0619562488615104
0.00354174260323522 0.0162056883103275 0.0321891629278373 0.0571216367018918
0.00382938706752782 0.0158853912291957 0.0311106579809018 0.0604277019528798
0.00404337285400723 0.015627405997673 0.0303700461008803 0.0564720807851701
0.00423621722213245 0.0171643118717052 0.0327038165691201 0.054904019795161
0.00384064149415907 0.0166888424239842 0.027157675313102 0.0556750776286168
0.00430727701622761 0.0170092203667219 0.0307760442537318 0.0519195543962936
0.00428112220666221 0.018108832707946 0.031114958058908 0.0524552314003725
0.00426500004867655 0.0163188556531339 0.032695794106615 0.06727124404262
0.00449036288903983 0.0181959870355314 0.0329277649830838 0.068760499230522
0.00419860927950761 0.0184740313932639 0.0366267621856849 0.0641005602345842
0.00355399854704742 0.0154115836954611 0.0359725852863235 0.0666568264636976
0.00414980063118597 0.0129130212168806 0.0330753115833988 0.0454165616504859
0.00400888289792189 0.0149851862166775 0.0312739825432712 0.0522971749310141
0.00397560504208693 0.0144786691981419 0.035898937996712 0.0549633572758202
0.00384163332069102 0.0149187505242998 0.0350220675206088 0.0526616118835121
0.00447726090838523 0.0160213122796497 0.0343147955690113 0.0560506301985513
0.00467005941608918 0.0154435854997147 0.0336381506168689 0.0521066669704478
0.0044748963584504 0.0151740498140096 0.0358772199007991 0.0480369677614711
0.00426622691728893 0.0139830936085778 0.0273239825191853 0.0559437040870019
0.00483798744502708 0.0136612848828156 0.0273929723285298 0.0563577063237108
0.00525113732964545 0.0117825049573428 0.0288393408385646 0.0453856501066565
0.00457920841974991 0.0141828029567642 0.033279480908441 0.0587227139523459
0.00503450312625558 0.0137975761265214 0.033354725263147 0.0517744933705477
0.0049408802672144 0.0139319854320295 0.0269131835511295 0.052122889237818
0.00477711525492272 0.0150942665376614 0.0315925965825931 0.0395470732861477
0.00452487676015088 0.0156333746148883 0.0302215981456917 0.05617678488093
0.00469595891452085 0.0146848548886278 0.030289960454685 0.0559350144045775
0.00462827917073238 0.0121412031852111 0.0315541792971115 0.0661915233314118
0.00410967437775501 0.0119741442563085 0.0298990192974902 0.0556791915832742
0.00417184975577473 0.0125753786423284 0.0320759728365152 0.0605605869371736
0.00411781948521613 0.0131304693115936 0.0352143699600413 0.0581991752747523
0.00411056858637436 0.0138931394687627 0.0378802637658447 0.0567313177393098
0.00422275522171781 0.0142566397295151 0.0352402597262883 0.0566453201864045
0.00399577298990829 0.0138816389653904 0.0365858987589308 0.0551127802651359
0.00407309023693152 0.0145909956272925 0.0299089087109335 0.0566483595548712
0.0041009861851612 0.0150776135398973 0.0337974533246125 0.0613725081393058
0.00391487831907181 0.0141465974954485 0.0309896654392081 0.0492930486177455
0.00442147582786625 0.0123079792714988 0.0320924788938078 0.0608380266471531
0.00491370319243696 0.0141519323982227 0.0312092516891662 0.055594469770144
0.00499935301104204 0.0153390429364296 0.024595742884757 0.0473211683133109
0.00515162921019888 0.0139850397855937 0.026337673622911 0.0573421514581352
0.00528306078135053 0.0142620580754822 0.0263892116947993 0.0512326387784372
0.00537378439851089 0.0134279419598109 0.0305376162462633 0.0559538196795581
0.00480404919882858 0.0132391848646477 0.0307080103122982 0.0579453918803955
0.00470658984959244 0.013729984898362 0.032315614417834 0.058051483704831
0.00418901002277356 0.0133781934921443 0.0369384346035739 0.0494153374078635
0.00432966878342143 0.0135542076314187 0.0354832708262754 0.0513644921296149
0.00417115525936091 0.014350400543387 0.0359923729211558 0.0549395963473106
0.00441800794808841 0.0147511697599093 0.0294406433035781 0.0549026569038853
0.00457236433384988 0.0140818120604723 0.0310189469925484 0.0509056070841469
0.00406621571305026 0.0158006394589865 0.0316194279273509 0.0549965657237187
0.00408680381105428 0.0156832781089928 0.0283920160483736 0.0550708774006164
0.00409691737307547 0.0164441632140403 0.0288549414455105 0.0626378956609742
0.00402413160993724 0.0166503101011743 0.0336604213162348 0.0590702505337341
0.00373027953089941 0.0152745089029944 0.0329510069943992 0.0557961486460994
0.00380446906855139 0.0156862108470042 0.031502755438957 0.0636029040782368
0.00362752906213686 0.0162545192881708 0.0325486472707969 0.0685074247729287
0.00402924340607271 0.0162545417299846 0.0354188536390033 0.0623874885308743
0.00387394499824309 0.0154569425691917 0.0305921566228815 0.063700167917251
0.00394205708000838 0.0151228822403858 0.0285711450210982 0.0631519871088672
0.00411042234261521 0.014828398533835 0.0269132476903014 0.0536473994153972
0.00417887681327916 0.0134866184281855 0.0280689209862969 0.0614242110132364
0.00392100594559485 0.0150332616996784 0.0276622273238009 0.0605514323204856
0.00421629609984018 0.0134945986635691 0.0283563992669813 0.0643454975285957
0.00398650265637913 0.0172333344177728 0.0287537178976911 0.0542384841081539
0.00375682141771106 0.0163584599454249 0.0336788658809689 0.0599583407650643
0.00389110376488648 0.0149464465685111 0.0300582031290734 0.0574386294059626
0.00369384662532984 0.0164568936467973 0.0311266910712227 0.0442795046001403
0.00373897698816546 0.0146826307312595 0.0337387596572393 0.0555869609066774
0.00373991314968761 0.0151233574489045 0.0353251905641482 0.0555596852631407
0.00398211563872675 0.0156608219317043 0.0330974421301105 0.055579181235201
0.00365494663521999 0.0151817961820612 0.0328488279735567 0.0612881879815947
0.00398957667288285 0.0137763431836081 0.033456921562288 0.0580735562535268
0.00436282186455928 0.0120400980924569 0.0364150250882735 0.0634957531988699
0.00447580744354704 0.0128045831826483 0.0283360672788401 0.0737619448497833
0.00473536012272498 0.0128793350567153 0.0321252769449274 0.0661615671237419
0.00492885655710793 0.0119267756263925 0.0283362387011633 0.0578511117195816
0.00462301219544856 0.0136815807200558 0.0298179537754462 0.0593325396366684
0.00490871155100654 0.0148458808281934 0.029854580774286 0.0597275988666435
0.00477477301894696 0.015365274071634 0.0289286168262098 0.0565683138863991
0.00477232111755738 0.0146259875829986 0.0286643755575517 0.0638154379006287
0.00498035379737287 0.013276173184396 0.0280419013107371 0.05350424431877
0.00490751908228559 0.0136560884201553 0.0338528705577936 0.0599458080802572
0.00481591908679942 0.0157247143438278 0.033674961443066 0.0562489818310652
0.00451762709511074 0.0153197801662622 0.0271670822865438 0.0535204622870599
0.0043359398073097 0.0132177630500932 0.0295866686283428 0.0492074008432082
0.00503454204957726 0.0155364536260508 0.0335102753539795 0.0540726681580415
0.00479389777172235 0.0147817282413509 0.0331613170187808 0.0569250982018452
0.00502170898569236 0.0165242659944602 0.0375383751420801 0.05540139566963
0.00475522893915969 0.0144988910594826 0.0297069344574219 0.059989881461043
0.00425494418584097 0.0157978344493396 0.0343804240489112 0.058734384144638
0.00430250068242307 0.0146116943413701 0.0327406402463446 0.0553469487398545
0.00441723039655383 0.0115970567292359 0.0314641829073178 0.0501299245377608
0.00422594431678544 0.0117281105684672 0.0295725712258012 0.0623923159338779
0.00368936505807605 0.0136086394383805 0.0375864646404993 0.0567645114651049
0.00347699295613907 0.0146194755694989 0.035510160722701 0.0496116934479703
0.00376649915301555 0.0167520296544809 0.0341127206163429 0.0481752598456508
0.00337171163369286 0.0154496764297758 0.0399255313938963 0.0534271954128601
0.00363570852837537 0.0148912086064846 0.0367018917788318 0.0464995954732767
0.00394289533264357 0.0132303739067346 0.0304931127918641 0.0517797824709736
0.0042818272582443 0.0120663330343296 0.0330626532570279 0.0593179770994004
0.00424337240597091 0.0139739904283216 0.0280658258053456 0.0509366475758695
0.00467623234567902 0.0144875847283179 0.030815925431719 0.0595290604977881
0.00427790878958237 0.0123425678735872 0.0350497447780788 0.0564269928019173
0.00370877704582477 0.0141797870363936 0.0339266855105562 0.0705547859968255
0.00367906726369376 0.0138416642636879 0.0334142472851638 0.0726569903319783
0.00361182225601089 0.0132926873596479 0.0310979243519428 0.0715554594997427
0.00369631553548122 0.0132529482824004 0.0373681625749966 0.0568339936285511
0.00390169568629229 0.0125325176745266 0.0378297117443464 0.0595783573259188
0.0042829218972432 0.012487815086147 0.033655012695033 0.0552402593431257
0.00432789903562968 0.0121549252740517 0.0335408689955198 0.0583765254614486
0.00396614583443947 0.0135211069513293 0.0282987927591642 0.0620545432048938
0.00396668324389207 0.0120247143331684 0.0252729249310023 0.057435288923452
0.00381460881341089 0.014363686678086 0.0266733970645254 0.0598679398236115
0.00328512198290863 0.0155114695260019 0.0281524312911739 0.0550168157888482
0.00362106359685425 0.0155088025640209 0.0304625170047227 0.0653045152633145
0.00394026647320607 0.0149961973797297 0.0301170327657691 0.0612515177497391
0.00386438705332775 0.0136311204997503 0.031827081638709 0.0531153912013479
0.00455719822825764 0.0135390562389025 0.0301314118055497 0.0608105803912913
0.00471532162435518 0.011396560033305 0.0308358157559348 0.0591542848629146
0.00453926406708579 0.013738694849038 0.0348798318042001 0.0538027309464562
0.0043972603884358 0.0126259148418965 0.0354459673501715 0.0623182434200657
0.00423920194432798 0.014199381489977 0.0327503343941224 0.0628612160836342
0.00380206341217059 0.0167353062143608 0.0317884809201864 0.0643059246916872
0.00393970549202783 0.0162349714552532 0.0375539633197679 0.0566374816820533
0.00390348819560318 0.0165550670324929 0.034453032777113 0.0635124174668043
0.00394336224118417 0.0146552807358762 0.0306634565989598 0.0630496222631491
0.00384006390977309 0.0134198264010774 0.0300138219642773 0.0536948966095923
0.00382994904142025 0.0138819852705505 0.0333960633660461 0.0548997916522676
0.0035644095110517 0.0146482759756539 0.0328873766566212 0.0529655858784448
0.00401828693342642 0.012219165490155 0.0324733224441994 0.0559288903027921
0.00418250124894409 0.0142247827891878 0.0387990608598609 0.061048595544509
0.00431597407012259 0.0149710026944902 0.0376793428387638 0.0547815903708331
0.00436556745174011 0.012886512834701 0.040910179664358 0.0568588657966867
0.00423786727345965 0.0150081085074499 0.041412965719506 0.0501177273973072
0.00423818404081005 0.0150730471603033 0.0351446240288158 0.0629872368229944
0.00400865640385717 0.0160935379915404 0.0272480360520237 0.0633418443235732
0.0040919545775698 0.0157194966968006 0.0302965541361819 0.0670780191391432
0.00419652094075583 0.0172443373852014 0.0330902862595025 0.0651182960274571
0.00434515750396687 0.0152714136970453 0.0383515906906948 0.055822929691611
0.00429245006380682 0.0166137637236595 0.032740745422284 0.0558594610416613
0.0043381156144503 0.017613191490119 0.0320775475717875 0.0634772688704254
0.00417562318587179 0.0153437342976045 0.0285502880450411 0.0625181965800369
0.00427062450443292 0.0159885672934624 0.0285577111255559 0.049705962629904
0.00401549331551026 0.0162574657174873 0.0284805776647909 0.0583928726062499
0.00472754693693741 0.0123138624728318 0.0310377821529823 0.0617576112902941
0.00443951575362543 0.0130723417008922 0.0283136593738362 0.0633841679028155
0.00421199564807933 0.0146315519158912 0.0315304355570813 0.0636268532891636
0.00448645762207148 0.0155757215335979 0.0291013378044329 0.0591555957402377
0.00432149451548489 0.014793077855456 0.0318056098108668 0.0638464679625908
0.00455805610269104 0.0163514323924962 0.0303454006947 0.0580526208822917
0.00457679982810546 0.0160373335671529 0.0295578854654599 0.0454695083054589
0.00414943047395021 0.0151117919507983 0.0324092995071175 0.0516290702630788
0.00413740127482973 0.0165552395907924 0.0366199607455818 0.0591976021618303
0.0041287719689782 0.0154519746666135 0.0406198308299049 0.0545280583002689
0.00451809501980386 0.0136387520531819 0.0348009504413722 0.0622811558046641
0.00497656780951137 0.0130724645842287 0.0352626223508593 0.049564066439203
0.00451867051160027 0.0135046879034339 0.038335950709747 0.0561026822159508
0.00429473448519732 0.0139139332174684 0.035197574742759 0.0542938952973037
0.00396797219922722 0.0125555291782995 0.0291634503653649 0.0465469982392427
0.0039745950714593 0.0136743643733036 0.0306893065768349 0.0449561059030898
0.00431090671586555 0.0125036614836658 0.0317077687177248 0.0550281055420194
0.00440267119237286 0.0126308483040152 0.0326459445377944 0.0502691534263529
0.00466040346436108 0.0144844042111642 0.0306073733046763 0.0550302868700023
0.00453481908426934 0.0138636583752677 0.0288175625289829 0.0628687795821813
0.00476157286567581 0.0133613124507249 0.0304483291964538 0.0522322959307764
0.00458764404542518 0.015098966538912 0.0325271469567496 0.0599479300847255
0.004280014698333 0.0151232214236273 0.0318306813373018 0.0559696045226075
0.00436521125694384 0.0151271489477983 0.0356811564671867 0.0524353927294424
0.00416314367870741 0.0150561849546854 0.040917718661665 0.0615000846122367
0.00412256164902609 0.0166156123930817 0.0379527120804683 0.0663201098748408
0.00438692603511156 0.0162973728203087 0.0368796546417174 0.0644401768129732
0.00433073162649513 0.0152394097385959 0.0307803772255828 0.0587731513079372
0.00413723530391885 0.0156284904903212 0.0332107980108151 0.0549829950974304
0.00463529689507726 0.0141859810334303 0.0317977446408806 0.051949936456421
0.00426240554996346 0.0126097748382665 0.0272805495609991 0.0487603144333621
0.00490768962355838 0.013441169468532 0.0287347238567852 0.0465061434434174
0.00481984779798389 0.0150735939935241 0.0324862043130588 0.0560573445589693
0.0046520532348756 0.0157971053648227 0.033526901939729 0.058608212693896
0.00470400008976161 0.0162426503350646 0.0282567107457112 0.0581628782283942
0.00405423942913083 0.0159092111322882 0.0291984250720103 0.0577595855884423
0.00420386190977746 0.0163932134188577 0.0333857441713312 0.0544950880538658
0.00417093269039573 0.016258493249285 0.0279769850033336 0.045954125247991
0.00416085169041383 0.0146882842002905 0.030457031658539 0.055417604120431
0.0040988507434341 0.0140852406094793 0.030013394165272 0.0577419722996467
0.00417443246960964 0.016373676903852 0.0322292995770719 0.0597811512421166
0.00460277997969962 0.0161843122072848 0.0291356439103688 0.0618811523879527
0.00466510210792402 0.0152040322823313 0.0314016709504393 0.0578250560191084
0.00454281270043705 0.0143117908490098 0.0325184426517172 0.055829700825872
0.00441909632255649 0.0147135575591452 0.0322873420783925 0.0654751946418198
0.00480824470968923 0.0131108371039355 0.028630202721939 0.0628927527012418
0.0046633409990341 0.0138770362955533 0.034724277578285 0.0631433738052342
0.00486318669694508 0.0151461620668416 0.0331251457340713 0.0576575405629865
0.00521803192090677 0.0145520356478757 0.0297747573145346 0.0507754597711358
0.00469753332340722 0.0139706127997591 0.0307800195824312 0.048528425426036
0.00443052395869236 0.0159360367811137 0.031574129316559 0.0531781667433595
0.00446371091095451 0.0144548559482745 0.0271877814670659 0.0540365868316032
0.00405353472489265 0.0144161962772796 0.029503540017618 0.0614605690828758
0.0039600301772831 0.0148548904117963 0.0331243117870525 0.0590680044206732
0.00416013019688654 0.0151671533159237 0.036431026057716 0.0582257324666826
0.00386039789318717 0.0158854474473405 0.0296781743424683 0.0663643387023339
0.00336648843851326 0.0170407570470182 0.0371048445338851 0.065411671271617
0.00358905667982426 0.0157879710442808 0.0316169221390309 0.0684704957232106
0.00356655146084716 0.0150442435061394 0.02781386146693 0.0665527230151333
0.00358443574457799 0.0157096223012522 0.0325444793859121 0.067488248198556
0.00383276247811099 0.01483802356869 0.0339408222389137 0.0710469617528267
0.00397308206833821 0.0153114111335969 0.0333345022412803 0.059296560347015
0.00446089333032771 0.0143243100725135 0.0333875839627309 0.0607534959748936
0.00409000468859914 0.0155821103201951 0.0337050176105639 0.0571971510750627
0.00422092543818503 0.0151808260872181 0.0363863826341684 0.0616113313854471
0.00438129855832165 0.013354054116839 0.0345184624334151 0.0613665600977501
0.00451262358447288 0.014364402352058 0.0362485705536551 0.0647642724951181
0.00478309902142254 0.0145648309921132 0.0369942878461761 0.0622596507984038
0.00480083868156816 0.01446048080931 0.0384437512820694 0.0573904425605244
0.00463186253716017 0.0154557853347994 0.0374327508062173 0.056006073375076
0.0048690941984272 0.0146823813246166 0.0377417679487527 0.0555161123649742
0.00483069793094186 0.0149982904425083 0.0318093276945779 0.0527913543329353
0.00496907093688125 0.0144969333607813 0.0306917736386482 0.0667572926851515
0.00464158000501568 0.0139538531026434 0.0318720855683365 0.0541827140615118
0.00455225774184527 0.0134401505141968 0.0336184799393831 0.0523722919573851
0.00469867165261061 0.0143416458539147 0.0314936607569746 0.0608424362815794
0.00477314251816678 0.0141430246945646 0.029096445657422 0.0632575726548134
0.00436453526539861 0.0131838739760278 0.030543136464671 0.0609329922500658
0.00397225363711057 0.0146535191030838 0.0322117902595066 0.0596766837215336
0.00414104755729096 0.0157243437045393 0.0290290006875489 0.0628147609025716
0.00448788327818304 0.015277735877227 0.0286784629577802 0.0612664500829939
0.00442893901853275 0.0146088623462254 0.0302457292695866 0.0603490133495734
0.00430952187570282 0.0162734543499945 0.0336906973031402 0.0544912614883627
0.00404700071915375 0.0164039160079076 0.0329913244422599 0.0635984283969982
0.00402580867598641 0.015700252749206 0.0340543508681486 0.0663512953669966
0.00406510818487518 0.015146546563232 0.0321214082236538 0.079949491346257
0.00397774701718037 0.0160193088695912 0.0344230823646444 0.0662216758970646
0.00444319105298328 0.0143248019975781 0.0308409615006317 0.0602393069139066
0.00430761899353505 0.0167313341095543 0.0307629767708629 0.0544260470675861
0.00388089364782024 0.0167976442034037 0.0288918232304785 0.0599605630891507
0.00374426183844112 0.0168857449156128 0.0279702645753532 0.0652459639598856
0.00402258080999339 0.0147333963930275 0.0288667726539634 0.0629457027500944
0.00412958799260095 0.0143318775255482 0.0282583236965564 0.0565757800205895
0.00445085358022905 0.0130534104401312 0.0241525885235535 0.0616653363394856
0.00521824719614968 0.0133949937979608 0.0229545197038909 0.0640642972254891
0.00497530560659499 0.0151487736334061 0.024460623663948 0.0564556592773088
0.00435034365065456 0.014493333115184 0.0299483607305628 0.055597281283787
0.00417763113518038 0.0149110065280126 0.0329997910640116 0.0560774212314623
0.00436344004722763 0.0168794936025157 0.0262744450424377 0.0671074237338476
0.00392088171032398 0.0167091100139709 0.029196713737654 0.0686680646687774
0.00394369433673662 0.0175017081117667 0.0286520048332231 0.0568250205883147
0.00409516061683095 0.0178959227567519 0.0314637814331605 0.0576262968466017
0.00391764829324608 0.0175281662028124 0.0285435861284295 0.0621445199211882
0.00408131003732704 0.0159677785933985 0.0299325624709231 0.0658686074247678
0.00418120220600321 0.0164309405574563 0.0311342801487566 0.0703769113671286
0.00391144599017818 0.0137444460679327 0.0359824672063834 0.0638647193600543
0.00420524871581023 0.0126678852791422 0.031998502257515 0.0714927258157197
0.00410558582355427 0.0148441295985761 0.0343767912210802 0.0750615623994768
0.00411622739267766 0.0128303285634763 0.0339432404882502 0.0611533056156438
0.00384289769818874 0.0130852110272854 0.0361057222247115 0.0504777678332649
0.00454157205508743 0.0133418820525897 0.0329331745592877 0.0464141032709486
0.00477529467219628 0.0154235768221136 0.0295201493840205 0.046213118195753
0.00468737945038078 0.0141561968267075 0.0318064695262904 0.0500176897723894
0.0049241161493172 0.0156513486926104 0.0304460305036852 0.0505433227461549
0.00447335912567414 0.0148498732917359 0.0292975262942577 0.0566356393560334
0.00480175525909073 0.0140970887016776 0.0302663443961377 0.0693458618203678
0.00454150348990706 0.0148435392218076 0.0339360602995899 0.0492264027363828
0.00470620194235985 0.0133740585158489 0.0344385076594265 0.0538361530337325
0.00458483009774599 0.0126233075541085 0.0352960273414308 0.0626555891170076
0.00476475210748534 0.0142190711895002 0.0342592646874607 0.0608764953489801
0.00523754548524167 0.0136442365637085 0.0353234972181566 0.0621709517677698
0.00585136168392916 0.0167858404956725 0.0322872680692113 0.0586097217873261
0.00548773445130184 0.0173899912658321 0.0294510038633584 0.053097362493302
0.00565234641097169 0.0179374561971965 0.0338488776551238 0.0587436247333151
0.00515851382984513 0.0155207518880582 0.0331579146353451 0.0651691254021728
0.00499176815125194 0.0179325345249242 0.0330382192307867 0.0684065394750018
0.00503380445409076 0.0159054876981072 0.0340951846638844 0.063502603419151
0.00464250607828601 0.0156135485550062 0.0346160177719488 0.0565083836169161
0.00414550663930691 0.0156144824343405 0.0343641792383418 0.0564956238155763
0.00475174443606925 0.0149949093675532 0.0323635418547196 0.0685235908910373
0.00443504824377952 0.0161414457010486 0.0291131445522336 0.0755157178646467
0.00469318218743075 0.0161945844905949 0.0333998057315197 0.0643355835224695
0.00459651080814731 0.0173523908206793 0.0305893473719956 0.057487804245527
0.00424032915634117 0.0160616885255978 0.0269153832017241 0.0513801460067287
0.00430394878456059 0.0195911834208491 0.0326510574979415 0.0550953187475109
0.00476164241839601 0.0149295507374995 0.0356421356421302 0.0546036137446253
0.00475139096427137 0.0123443277766644 0.0369385688052172 0.0568496653302103
0.00477635053023295 0.0136125866083872 0.0429637936446301 0.0541033888688533
0.00427133116773007 0.0137887930678598 0.0396925563793842 0.0643096877560714
0.00391535171367896 0.0156016181750974 0.0418039229172921 0.05979667885023
0.00433624930022511 0.0149269081758337 0.0345725478958983 0.0568700955807566
0.00430852402288654 0.0161314879687559 0.0383227383132348 0.059292510111184
0.00451783257282449 0.0159843981102467 0.0345815417905013 0.0695373872787987
0.00456661966238641 0.0146378427455365 0.0383960342790972 0.0687054095092758
0.00422324543513835 0.0147488912661799 0.0334800922011845 0.064389468194192
0.00408049973114606 0.0147826238424423 0.0321854294909741 0.06269458939293
0.00443393584868084 0.0161883116436135 0.0292871962566972 0.0634284008136405
0.00442684353432522 0.0122307454623696 0.0299319573463221 0.0608093856178086
0.00429757124335837 0.0124418228982768 0.0345762901822825 0.0547577415279809
0.00419158988181607 0.0139209466149146 0.0352512007876257 0.0531115149162965
0.00410016763077694 0.0143972793002774 0.0297131919449323 0.0499491892366351
0.00366168356764301 0.015392191188526 0.0268562236453845 0.0499728002818003
