0.1 0.3
0.844558836016674 1.16362446446474
0.944487908590213 1.54176626884787
1.03851848350445 1.88951231521727
1.1298011071331 2.19872942858476
1.2180880689209 2.45941834275293
1.3030509160195 2.70289524191859
1.38626946220074 2.90725605819108
1.46621340813585 3.09276268205766
1.54009134300018 3.23084650161553
1.61152191991595 3.3539592632458
1.68063702848902 3.45684371356898
1.74593779093398 3.53117941389968
1.8045206299146 3.6193816202053
1.86226039505805 3.7078337704653
1.92133360253179 3.75933374678521
1.97689893150027 3.81058935280007
2.02748881957834 3.8526159047379
2.07548344958056 3.90221897593161
2.12126089284163 3.95296579764879
2.16350806421165 3.95885492416839
2.20720535136337 3.98763894404662
2.24461575284761 4.02521406834445
2.2799957885392 4.02871032002388
2.31048487285148 4.05881714032919
2.3426516048947 4.05752226459216
2.37040877873387 4.09614444357224
2.39702655151851 4.10524113503738
2.42613643214962 4.14322568843079
2.44890242495848 4.17190705670813
2.47524020388354 4.17485327274031
2.49595048247201 4.21606912269688
2.51734906965134 4.2510126524033
2.53695412262566 4.25556262904489
2.55688193777376 4.2711701994041
2.5744627810101 4.2910653576026
2.59198271801592 4.32042546304988
2.60030790687968 4.35200871681208
2.60843136390317 4.38913653400602
2.61987421110435 4.39514416457296
2.6298014495269 4.41350959209784
2.63300742589682 4.43048681204445
2.63279939123787 4.48770879965399
2.64048792836663 4.50486867150275
2.64293101463245 4.54072398216682
2.65078250565273 4.56766089914195
2.65606687387299 4.5727249009125
2.6667080730632 4.61515013324786
2.67014177733989 4.62664856487015
2.67666065278436 4.66046878463443
2.67765682245923 4.67050215084202
2.68533932385495 4.66288616157205
2.68628882773506 4.73053957190959
2.69592899094131 4.73789077500514
2.70076946547197 4.74347563857743
2.6971060911647 4.77405260511867
2.7048175938942 4.84668713880391
2.70579740861266 4.8474757109986
2.7076052377469 4.84716927086682
2.70932188873654 4.80915386100872
2.70911958616977 4.82371797288347
2.71373028924353 4.83896006377924
2.7133696830707 4.86885863290938
2.71550331150298 4.88994458579803
2.72134558026889 4.8947750416233
2.72770181083796 4.93482236168922
2.72237465039005 4.9570108450899
2.7299744081684 4.94490582788119
2.72812752980083 4.96230726537872
2.72898966307296 4.98825746273067
2.72782801159481 4.99910830880402
2.72616014949614 5.02810840960215
2.73072093853825 5.0375833813627
2.73584872077587 5.05943286680356
2.73785221739504 5.07310717212677
2.73477356530123 5.10901780657076
2.7346269197108 5.09708942733087
2.73800742401559 5.10951240207898
2.74153426255202 5.10752794472771
2.73997224537274 5.12735192730476
2.74560333863897 5.17948162713362
2.7400678238977 5.17810117702624
2.74470274111754 5.20707774602094
2.75033887123394 5.19244673864762
2.75011362432636 5.20609522862233
2.74908819819541 5.22899151174078
2.75249668510692 5.24730879686392
2.75084733313934 5.24515141911604
2.75325216011697 5.26435471154162
2.74753514962988 5.24331329747875
2.75207608939823 5.25056335760566
2.75286466341591 5.28308306616625
2.75673657056304 5.30390823718852
2.7615933171489 5.26435149942342
2.76370189805834 5.26345713320893
2.75796067313016 5.2897904262202
2.76504150223246 5.305863796856
2.7700049784751 5.32639636787108
2.76923805484385 5.33436697189387
2.77005941254835 5.34266221833068
2.77033365869745 5.34255464287553
2.77528902913211 5.33549603261158
2.77821405624838 5.3065927656816
2.78234648415426 5.33606397655755
2.78663064498747 5.33760010893894
2.79103326582769 5.32691391350626
2.78725153279218 5.32884793886391
2.78035468729114 5.33496870027984
2.77995943146627 5.32444000628535
2.78216181899725 5.30421995390556
2.78271986668838 5.34425667837593
2.78499976225995 5.39263987220086
2.78935511040701 5.37123840207845
2.790641097233 5.37525424697962
2.78977864650784 5.38451314759681
2.78957123119711 5.36291212256139
2.79032305802059 5.31965800799984
2.78998990013822 5.32565221717073
2.78995725480264 5.32206810507305
2.78744158996178 5.35434546024482
2.79103963453867 5.35405596676786
2.79164480976009 5.35193457757374
2.79153001803079 5.3585568643632
2.8010487030884 5.33909165749795
2.79976059267053 5.31810749779387
2.80199235767427 5.29993498285469
2.81000002645489 5.31542341231319
2.81236832219882 5.29726178547458
2.81448761365092 5.27273675930051
2.81544288625327 5.25729368188326
2.80498232302208 5.23691116334653
2.80346591808676 5.23750201317019
2.80792195813512 5.2069838508329
2.80546336512609 5.20645707869508
2.81171880890875 5.21191979258135
2.81532117338194 5.19612355235092
2.81944699247122 5.18809588438163
2.81938609880298 5.16481520673705
2.81952465501348 5.14301476340134
2.82425139835981 5.14592318261736
2.82804427670893 5.1493341131141
2.8337544744557 5.15561640899399
2.83107245200995 5.1246736148341
2.83801369393921 5.10310361674637
2.83477326475175 5.10468147291408
2.84151519396334 5.10281971197199
2.84316060788183 5.10603252114917
2.8435148957059 5.08870866807476
2.84257551208975 5.05658823098368
2.84512469268298 5.06589319865633
2.85040850144579 5.04242710179575
2.84828697477706 5.00627298104699
2.84057765932791 4.99081920781572
2.84348552133286 4.97247725056386
2.83519013970009 4.97099926293042
2.83753807191987 4.97148616467598
2.84132556274652 4.93957827525965
2.84176227705431 4.90470447592612
2.84756203765529 4.92903747645574
2.85254806346818 4.9266343786832
2.85293358212958 4.91318722507463
2.85244961206161 4.91175219756857
2.85406183835865 4.87863917438086
2.84851315083686 4.82658901458367
2.84595317330409 4.82685950125034
2.8502092594307 4.81211175515176
2.85324956318512 4.81139550587913
2.85116726606718 4.80563069878624
2.85042513588514 4.78192163167182
2.85205897136158 4.77216979980374
2.85300805059293 4.73754004024321
2.8593662076436 4.73806797395392
2.86330029259763 4.72593203984969
2.86344009313063 4.69631074305396
2.8662193137876 4.66927304786659
2.86287630909236 4.70092435389368
2.86851466464167 4.68899159003387
2.86847238548124 4.69086173576446
2.87094382938352 4.70828945551683
2.87737375755082 4.69230470566502
2.88180115547646 4.63891019746882
2.880541425756 4.63460337142869
2.88018874147518 4.59772747310714
2.88037618741344 4.60716796030202
2.87327127340802 4.60541097379204
2.8750356383033 4.57960838790164
2.87987207989801 4.55069809201032
2.88090697049407 4.53245963861399
2.88664172881532 4.50124472682953
2.88567222098187 4.51243874978482
2.88768466878986 4.4998510168106
2.89156226996912 4.51249287304459
2.88645970700147 4.48136145513628
2.88695756372949 4.47087876247666
2.88792040156179 4.4501435285687
2.88872584792859 4.45322028746529
2.89302630613527 4.4461556323148
2.89334152837942 4.45930245682819
2.89383143196142 4.42669150932627
2.89159219331131 4.44225690668964
2.88884734578437 4.45696383986761
2.88603267345856 4.44541521042832
2.89056217151494 4.43484942952845
2.88669452331977 4.41425470838349
2.88292072255513 4.36760632995355
2.88941951895964 4.36169889784939
2.89349440688892 4.35819937980492
2.88939605968858 4.36584063247038
2.89460837630746 4.34239408885148
2.89163003051716 4.32956087616861
2.89013329337633 4.29591214737569
2.88983515121197 4.29229842752396
2.89877934289171 4.29707490244932
2.89880692493617 4.30672851420359
2.89636959591599 4.31204828736387
2.90001133953579 4.28007929248071
2.90274389710852 4.31596440852703
2.90148347950869 4.28969454051275
2.89872086596876 4.2580094393298
2.89812316703586 4.22851539415677
2.9006321115789 4.22960278978004
2.90737604259056 4.21753574244337
2.90881796410644 4.20643975200862
2.90458764227607 4.21298811571274
2.89871278658533 4.2180907662846
2.89837877858579 4.20704400235385
2.89223704260773 4.15673118365552
2.89168986563593 4.12549622044763
2.89206031392486 4.12903420653546
2.89048466116475 4.15842520227353
2.89383363653816 4.13844226592818
2.89251438794619 4.1596838200779
2.89272927940494 4.15668444672107
2.89597080875626 4.14757152708872
2.89711957097837 4.1246206152344
2.8961175151192 4.13974167350395
2.89705471311121 4.12179473147139
2.89630650500866 4.07852580005952
2.89801937959843 4.0953605478833
2.89956902173631 4.12606485367643
2.90690805245938 4.15729844952744
2.91032293095263 4.15287399520455
2.90974107286689 4.14703039490223
2.91718104643524 4.10204662473658
2.92037590408921 4.10174348779822
2.91999945151276 4.09067287698677
2.92217868709919 4.04840793452698
2.92337437453459 4.04910672549461
2.92425235320832 4.0741539725333
2.92609315149368 4.05330511886763
2.92604544753614 4.06508797955851
2.92453569326403 4.08093185947289
2.92006462949258 4.09491184226487
2.91497880845892 4.11025980778724
2.91609545324148 4.12827660732897
2.9174848541771 4.15134618091429
2.92157923785029 4.15978758513934
2.91261730268544 4.12971253846351
2.91160184930657 4.15545887912253
2.91168239067637 4.15416424842796
2.90776247926144 4.15155530605267
2.9101294743413 4.14407087082072
2.91343355508933 4.11282687575792
2.91435541062025 4.10541083918523
2.91442611418095 4.10416006590075
2.91907286670212 4.12478678151837
2.9235767927256 4.1087270858219
2.92212929368052 4.10879133463818
2.92428410978872 4.07379199114523
2.92508999616099 4.06340588367919
2.92643896573804 4.08456727760611
2.93091733252681 4.0635225723708
2.92973837527077 4.06207355574051
2.92791884784063 4.03661551899108
2.92855529229203 4.06200402755797
2.92821237196893 4.07076851269623
2.93005785637791 4.05828607954545
2.92771311364322 4.03646723365172
2.9243585220573 4.06763635372198
2.92908352185417 4.09366725688434
2.9287456428384 4.0820220542011
2.92557399843148 4.0845990635519
2.93344432193255 4.04925077702467
2.92965885899497 4.08191037427224
2.92385135923302 4.04523254202276
2.92519779113876 4.04020467778671
2.92536967456427 4.03636809888548
2.92716107613248 4.04513092128262
2.92736219324195 4.01613854768597
2.93295085951953 4.03145565642654
2.93534971593348 3.97596867169569
2.93315361025098 3.97126994581445
2.93931890048969 3.95595893187824
2.94293837234899 3.9596553710945
2.94008222422238 3.98488690085472
2.9396622514413 3.97376940417927
2.94356371796606 3.98488335692888
2.94541063412763 3.98798622988119
2.93638351818911 3.9549352516176
2.92843044205247 3.95554897635235
2.92894192523982 3.96743259077712
2.93087325866049 3.9498145776714
2.93035954325485 3.97853661094213
2.92191832396809 3.9686651970525
2.92268782029006 3.97747011119262
2.92911489775575 3.99550083827501
2.93199016690162 3.97352573880539
2.93204598540889 3.98974878525602
2.93803630703142 4.03323844903628
2.94130119629187 4.00550018880898
2.93884634390207 4.02024572589441
2.93428614800922 4.00904928975242
2.93992026630795 4.00983381377228
2.93538676922094 4.01688878054653
2.93809683260287 4.01620403518647
2.94105931359655 4.04448274140152
2.94152427831638 4.05703966775254
2.94134584266072 4.04541237827203
2.93958273430525 4.07745833446018
2.93577482071041 4.05306361081362
2.93171592482546 4.03309915139291
2.93244053151538 4.01848434046249
2.93251788770877 4.02405665777293
2.93309949356935 3.99187114678059
2.92822048692838 3.9823678167021
2.9299059524011 4.00458268085944
2.92941426384287 3.98869927092367
2.93158394241364 3.99642031828971
2.93096505008907 4.0037700587224
2.92820430233004 4.01718823882516
2.92774720092755 4.04430502214666
2.93164300155002 4.03054959803421
2.937328404202 4.01949626474185
2.93744641375858 4.01857111556886
2.94173966999271 4.00770574734677
2.94287226874528 4.0339883045974
2.94626436873021 4.03066576945117
2.94445968272231 4.05007716168087
2.94026718383346 4.03848162570336
2.93648658567911 4.04202429090959
2.93100741832413 4.0386429534021
2.93048581182466 4.0634538087201
2.93166480910816 4.05292284880711
2.9308264241478 4.04599558389443
2.93408724368835 4.01671014812101
2.93476705121074 4.03270730019149
2.93073147241262 4.03282034426366
2.93520907562654 3.99901769818166
2.93129023694434 3.96564121061258
2.93775139408987 3.97015769108674
2.93488161172294 3.97694433921716
2.93213745611815 3.97344651816577
2.93704560837619 4.01368970366481
2.93932168183807 4.00003584262569
2.94241640333804 4.02342868555216
2.94506073117188 3.99766326761099
2.94314215245205 3.98908140932755
2.93843248091009 3.97328379840047
2.93642499071999 3.98708165892816
2.93397499406543 4.00594064045542
2.93342251708017 4.00602082885948
2.93065432884215 3.96849626080008
2.93456076458652 3.97046800669681
2.94245880933379 3.95278507936588
2.94379229158766 3.96011539850978
2.94375909687865 3.9696919174524
2.94237804425326 3.9998908946188
2.94604484343536 3.98041483919697
2.94407332658956 3.9834453166185
2.94288468154629 4.00533445198558
2.94370639711955 3.98958268830057
2.94252034510665 4.02639428238496
2.93853215274333 4.01390986817631
2.93713701066062 4.02831068869374
2.9333003856311 4.01210801242278
2.92987283010743 3.99742378857729
2.93370798730878 4.00512019531194
2.93428510774733 4.0240106383864
2.93763822852479 4.02998487179881
2.93517702474932 4.02077656466792
2.93715844334639 4.04836799208193
2.93874178845032 4.05995175584664
2.93887881871589 4.03655561782347
2.93318176170499 3.98987177196945
2.93329121997686 3.99101217445863
2.92945805874825 3.97369601987786
2.92531143922692 3.97532241657149
2.93029758822245 4.00308031531762
2.93208516831867 4.00383757007386
2.93789485857307 4.01985379502339
2.93380412093385 4.0236025611878
2.92878264292613 4.03297380327322
2.9238169997805 4.00757817138718
2.92397332548288 3.99516409965593
2.91952939013386 3.95312576030607
2.92602490649366 3.98258944638244
2.92291807762507 3.99539309694963
2.92181869509043 4.00063363265106
2.91685807778529 4.05358958673324
2.91661565230777 4.06135803072076
2.9233048828607 4.04994901190506
2.92436487926468 4.00938215399843
2.92063140203625 4.01190393064097
2.92281084019517 3.9983632381244
2.92072789013269 4.00670872592175
2.9164651830112 3.99736213912062
2.91570249229572 4.00202124907167
2.91890911402396 3.99496749323335
2.92268686721662 3.97969822150902
2.92429037355872 3.99696776131756
2.92252859381334 3.95477503945301
2.91932696988072 3.97302122929997
2.92520096309277 4.00384399768599
2.92495744536353 4.01654169516714
2.92184408376488 3.98482043898857
2.92612367652449 3.98227216637287
2.92367241605129 3.98216987699583
2.92095702982769 3.98133649256164
2.92391718361905 3.97304738679284
2.91308556758782 3.9923964279256
2.92094299499517 3.99925069414245
2.92181747761636 3.98710861567731
2.91964156564728 3.98693298955348
2.91754039169168 3.96590344556078
2.92107323125246 3.9699991585599
2.92063983852191 3.94055791253846
2.91889618402126 3.98135613933386
2.91542776910671 3.9839218862644
2.91330173064669 3.97466349331007
2.92063162197292 3.93916266072582
2.91648835059776 3.94344452958426
2.90877710530814 3.95357732502255
2.91556354125996 3.98674187657116
2.91231319241709 4.00616418796304
2.91666412070752 4.00790061604702
2.91766344202428 3.98706793045349
2.92013952243703 3.97971068102735
2.91632785817126 3.98271022524801
2.91920435425194 3.99898698071781
2.91577771288192 4.00013086119114
2.90676087365474 4.0108632753173
2.91118850365796 3.99370933540886
2.91144725533357 3.96968590141041
2.90547390399902 4.00764513150886
2.90782605349734 4.01785479837075
2.90723670358433 4.02671850190756
2.91412539396829 4.03910446798439
2.91315315896644 4.03147608198469
2.91797401658444 4.0440890550413
2.91533276111969 4.02629878927986
2.9124561018382 4.00835102181111
2.91112517436997 4.02043526210257
2.91094195254324 4.00627690621824
2.90698365196205 3.98044439103611
2.90855112197514 3.98326311698954
2.90451909136647 3.98932764036104
2.90790210359346 3.9607914212607
2.91105163635649 3.98973387063002
2.90925576494415 3.9838013403948
2.91108803085287 3.98439683046999
2.91046571986786 3.96614229154224
2.90698352754799 3.96986354205647
2.90530500236737 3.98810006781242
2.90398004406478 3.96195441718496
2.90530299037053 3.96202491146463
2.90784716010369 3.95474839077218
2.90758691624907 3.95789829494308
2.90285111119309 3.9778356162692
2.9015663614458 3.98138230552462
2.90381551083694 3.97387375916959
2.90264399341392 3.97027956934853
2.90116580957375 3.99696373172799
2.90548603038071 3.98201298430564
2.90126327494879 3.9597947687379
2.90074105831432 3.94253864751059
2.89844987893417 3.94128177572369
2.89772998798468 3.93803321901745
2.89683164566755 3.9292611858367
2.89749694213571 3.93762811604618
2.89906021309834 3.96410398947789
2.89382595857187 3.97600706709831
2.90078847258296 3.97388294761958
2.90693095415816 4.00487846863808
2.90736752669568 3.99493747766757
2.91085823008773 4.02369355761682
2.90652759790454 4.02152399962061
2.89696303213539 4.02131717976346
2.90299162975482 4.01049529090389
2.90435601210076 4.04339144975393
2.90276224346663 4.04705069279607
2.89948161301717 3.99955948754121
2.89630085823888 3.98857648261379
2.89978653957998 4.01856124350426
2.90065224631083 4.04757450527477
2.89608471613318 4.02415620725431
2.89579783486137 4.03212511603802
2.89470261569551 4.01577085846587
2.89403023283336 4.01090895683692
2.89257737513765 4.04450977347232
2.90008857228314 4.02817212835221
2.89666988011138 4.03427373833525
2.89495545853782 4.01328132251796
2.89289503643191 3.97949522414962
2.88739853530812 3.97712534243786
2.88179316988456 4.00391884999885
2.88421932272182 4.03697031968645
2.88807595155063 4.00073646471056
2.88503687024781 3.99331107736748
2.87608373455353 4.02256144987361
2.86883329793424 4.01433534683041
2.86677249485479 4.01164468959998
2.86584539456858 4.00037926603702
2.86755350258303 4.0267043154474
2.86966897412846 4.03064803688828
2.87843550151612 4.00532669221221
2.87107465280532 3.99613874754973
2.8780176328641 3.98910806070604
2.87821732304103 3.99507359527202
2.87190845910069 3.98358371078056
2.87197740399028 3.98475137495616
2.87184493146265 3.95281180037267
2.86841119109855 3.95217090376421
2.8697370028044 3.97003512714077
2.86411179265847 3.97582710279673
2.86365060177771 3.96387391358542
2.8770935915896 3.9813250419311
2.87951069232149 3.96953272727991
2.87572702280986 3.97434716223989
2.86931869565611 3.9611878028438
2.86405072469543 3.96894434862144
2.86220398892671 3.96940252682604
2.86254093103174 3.95465091685141
2.85246369587298 3.94556690028513
2.85778878672362 3.9521230911328
2.84823396167511 3.98363806272522
2.84359274452861 3.99351910357129
2.84715758868984 3.96523961023893
2.84296431393 3.97332708910089
2.84352503017564 4.00755303738751
2.83989131801617 3.97951786560325
2.84195325500668 3.95295067783832
2.83659172482769 3.95369109057804
2.83348347174712 3.96470606933294
2.83652372888421 3.97218269441784
2.84107771132749 3.94413401601414
2.83553014110296 3.98891736046567
2.83230876656023 4.00588136687316
2.83830750539171 4.01562882283922
2.83810322366883 4.01680489890788
2.83785564101657 4.00042728193762
2.83495517296264 3.9838726959553
2.82979546193007 4.01408951827631
2.83280694864017 3.99153969076838
2.83838128847276 3.97467190701183
2.83448849303147 3.98809072125479
2.83583913868698 3.993637740191
2.8378038098749 3.99536469803856
2.84037940674356 3.9917098818821
2.84426237431128 3.9892924620364
2.84599544845989 3.98548296174003
2.84813003144357 3.98161936826765
2.84677914214558 3.99940537718292
2.84939841157244 3.98805849681451
2.8476476321005 3.99304115504471
2.8466832038468 3.95188393449558
2.84171284664921 3.9297782500306
2.84698153366315 3.92189387112704
2.8471404681347 3.95316644448255
2.84462217430305 4.00222269741662
2.84183007156394 3.98950328171829
2.84516774930714 3.99780352428493
2.84302358660009 3.98919066233753
2.84896523557593 4.00340922822203
2.85031513177108 4.01414676818106
2.84927697313072 4.0211178393285
2.84489882793266 4.01592916546846
2.85108707072851 3.99856532726032
2.84967126367603 4.01061269402395
2.8465941473603 4.01529118343116
2.84598653821635 3.98911509354653
2.84265635966085 3.95781563590006
2.84861887488938 3.96933455403595
2.84616891841579 3.96010829172006
2.84600068223319 3.93046141256322
2.83869653039035 3.92693779220135
2.8335076684554 3.94774510502149
2.82229080761457 3.95412039784726
2.82581873375725 3.95071772867218
2.81989608897325 3.95380773855379
2.81990329096692 3.98080050737262
2.81275382168876 3.97990264620803
2.81069032056459 3.96239671105731
2.80342547657157 3.96728930431256
2.8087302708333 3.96195584997353
2.80953753259803 3.96363973355428
2.80561535473676 4.00062869287261
2.80261221914423 3.99216067634031
2.80558682972984 3.98539955662754
2.81230326728087 3.99172832175065
2.8094811400762 4.00543607289876
2.80359390079601 3.98825019519909
2.80505642125136 4.00346580665063
2.80097293783821 4.00493456177721
2.81094212614492 4.00153514545852
2.80861544172334 3.98056259145915
2.80737877208339 3.96833927367414
2.81412449726221 3.98766191469373
2.80548012303687 3.95933664957976
2.80284058752632 4.00560374751578
2.80832039345849 3.9895297795403
2.8120897458218 3.98662947492698
2.81451581266953 3.98831758256617
2.80984045054602 4.00454451456788
2.80351186979056 4.00054115374172
2.80634206981411 4.03701440516747
2.8027714008821 4.03112227361994
2.80064721911405 4.01020495935278
2.8034878906433 4.0021867768389
2.80738790933597 4.03290592872068
2.79935434053889 4.07113965235052
2.79952009498774 4.04345339815844
2.80047894326834 4.03680774016962
2.80344022165009 4.02445292180858
2.79614717346283 4.02708959104006
2.79438226796144 3.99728850825803
2.79653188454751 4.01854429041101
2.79903916186178 4.00248905366999
2.79865167195308 3.97849755545572
2.79667751880767 3.97469484502526
2.80052053699238 3.97557102807942
2.80169840344781 3.9883839210528
2.79847067919175 3.98046286565992
2.79869809998306 3.9777769988173
2.79788410389367 3.98872554900193
2.79865736697778 4.00933979517853
2.80346074547273 4.0297813501264
2.8042420027773 4.02798655874366
2.79398432973209 4.03802041087252
2.79846303941011 4.02043681809356
2.78930069265147 4.04072071178479
2.77823698737113 4.02415094677137
2.77824599148462 4.01115015534459
2.77794383207418 3.99072484412881
2.78032679076688 4.0154889805499
2.78498906337221 3.99902391658535
2.78307329959203 3.98304152796892
2.7780042706846 3.99310320629278
2.78172424190917 3.99240186364926
2.78497264637541 3.99303302519209
2.78545876148684 3.99784208449793
2.79419996257729 3.99052667536128
2.79308712200695 3.99144760561887
2.78596615352071 4.00096320138516
2.78218575231159 4.03290466083693
2.78450953656234 4.01861569246762
2.78622246879551 4.04172984418955
2.78026850924042 4.04670318215056
2.78488498445887 4.03039222571574
2.78860505682733 4.03143125597107
2.79391746484752 4.01182711066224
2.78963773410352 4.0116131363679
2.78444414065166 4.03584138859006
2.77762183071877 4.02321866540067
2.77893060129899 4.00549799170708
2.77639190774951 4.01459876706682
2.77272761153784 4.01472609084237
2.77454048283988 4.02142097954
2.77629996942467 4.03808496752277
2.77364328783682 4.03747513792007
2.77069185810168 4.01580324797607
2.77225613440649 4.01630346734624
2.76892616966369 4.01306456491487
2.77141630052148 4.00512419183579
2.77747689574156 4.00412807325129
2.77426868777443 4.01730369573957
2.77076254134463 4.00447475414443
2.77100916288631 3.99829615314207
2.76991199964425 4.01314604700665
2.77205173122739 4.02405492754228
2.77580448930332 4.00536061453831
2.76894216229156 4.02658894508854
2.76999372751187 4.00284805576016
2.76839995805334 4.01440052617331
2.76845548358987 4.00577198320807
2.76757367660634 4.00746531007575
2.77110995251617 4.00285025802885
2.77545089196127 4.00642958064213
2.77809613399999 4.0311326510822
2.76966181651886 4.00840627059292
2.76426427430743 3.98652227023887
2.76145291416356 3.97490363886521
2.75736030182494 3.96000475674998
2.76400120105754 3.9714809775627
2.76362976910487 4.00959654535984
2.76173926111507 4.01483878045881
2.75672807605996 3.98429403383618
2.76012816737589 3.97758205505686
2.75167749637365 3.9865648951362
2.76043681801971 4.01941426005546
2.760230525226 3.97552783862378
2.76449184278657 3.98089595590385
2.76580271539222 3.97764157390957
2.76296495139811 4.00620066720618
2.76000964421115 4.01222196120143
2.75601764525384 4.01056068101865
2.75052178199752 4.01517929393622
2.75289586355878 4.00924530716028
2.75124166834464 4.02206471754534
2.75486010218633 3.98573751371283
2.74884148228489 3.99122486439876
2.75136101174482 3.99016966982698
2.7538742304776 3.96849250650966
2.74953854582007 3.96543478338996
2.75356277108219 3.97635712858547
2.75410881623377 4.01813312051884
2.75317922128517 4.00931756535926
2.75083006835842 4.00293803986767
2.75284339370153 3.99575473444195
2.7528385081877 3.98263923423325
2.75218515614767 3.97706202136233
2.74661491711094 3.96984094116112
2.74602727939509 3.99855852638441
2.74431898396199 4.02105341469317
2.74439568336589 4.02685199177433
2.74164684511848 4.02530377557627
2.74424069830645 3.99048492299691
2.74089682997476 4.01185940176774
2.7466891305485 3.988203315751
2.7490084119483 3.99686503094009
2.74369974836326 4.00908037482674
2.74095203857246 4.02111855429713
2.74129239913768 4.05820380697251
2.74384173419064 4.08489477894035
2.73664223063496 4.05995911606878
2.73975444523782 4.03661758840511
2.73795509175592 4.02218806840163
2.73702034154918 4.02635767044692
2.73024180448184 4.02273370526268
2.73655257635397 4.00373273157666
2.73638489803803 4.02616911883893
2.73741553716383 4.04984568987411
2.73625342490549 3.99220862676261
2.73932597469952 3.98499894106483
2.74127312608448 3.97790175369478
2.74340800304475 3.9630656574691
2.74152443476232 3.98588177024932
2.74895611982318 3.98841025591913
2.74357787938799 3.95780947308407
2.74838886601666 3.93397090742957
2.7473143740898 3.932590165762
2.74870492033851 3.96257716556708
2.74252912511975 3.95732044233161
2.74543280575493 3.99482294198011
2.74405909925035 3.99828813264047
2.73703231988209 4.00529057711937
2.7370074961989 3.99360516162116
2.74176022124129 4.01027014098678
2.73971780185832 3.98581556761456
2.74175973080049 3.98784903827719
2.74606009043452 3.97844012690792
2.74859894851344 3.98417088342308
2.74859534622712 3.97624198203844
2.74008437343511 3.97288701810628
2.73788689226347 3.9708068320167
2.74126910799708 4.00857763644994
2.74307541325549 3.97575727908681
2.74278860988565 4.00515652462004
2.73867005065672 4.00316169670039
2.73362262797152 3.99132753424655
2.72265875500805 3.98559744340848
2.72932504036279 3.97308180082544
2.72133244875849 3.97323656272601
2.72299860780911 3.95600920899948
2.72471025240677 3.96402289762213
2.72580803296697 3.96252933489466
2.72262329597232 3.95668756944162
2.72931466298244 3.96279331452844
2.72461303258674 3.96408817612158
2.7253838632787 3.9464423524985
2.72519615368523 3.95235632787577
2.73044373695221 3.95608095164404
2.73086580584607 3.93407659873681
2.73282250559152 3.94801749231797
2.73465285354571 3.92610537535264
2.7297324364585 3.92855884964812
2.72655496919888 3.94578493316817
2.72056463582741 3.95519363489628
2.72213546848465 3.97702494088405
2.72296068746938 3.97469482994868
2.72444660060176 3.98389987664837
2.72318570464503 4.00855125417017
2.72466483827044 3.96659017186727
2.72745907160145 3.9565734969927
2.73034800432151 3.94635766394768
2.73474033965882 3.93825204711576
2.73315363828365 3.96370969797147
2.73387870501982 3.98253803747412
2.72956711088436 3.9849667266835
2.7324117286275 4.00242373103781
2.72577624881297 4.01108713351799
2.72343874682347 3.96680732901043
2.71905920657897 3.96437098566972
2.71521087459951 3.95704584597803
2.72093462926926 3.95239509869463
2.72700500090086 3.92554119260968
2.72885228375571 3.92052027288194
2.72829871006985 3.9537324939289
2.72512887177194 3.92593401716985
2.72346378345018 3.91409966473668
2.73019460878112 3.90722724213939
2.73544890347753 3.91319041034497
2.74049003369637 3.95465615701012
2.74533550962324 3.9369462188086
2.74271774413359 3.94312634576631
2.74302664292465 3.94122032189644
2.74037461854443 3.94832389715929
2.73615956249653 4.00440907842637
2.73328005386765 4.0212050903899
2.73275048957441 4.02697867198877
2.73377216857275 4.05837755504443
2.73268806332039 4.03625800915946
2.73048524320723 4.04027253006971
2.73170153775681 4.03096507226262
2.72603918447744 4.03152302254755
2.73159695997765 4.01764534044072
2.73060283853136 4.01526464345464
2.73187185671032 4.00283275513012
2.73443740868523 3.98273422793919
2.72582036244756 3.99393342416585
2.72466278565986 3.95660245315135
2.72098376551762 3.94931443167913
2.72483466053924 3.97393188270809
2.7263016823559 4.00634504603188
2.72596245755802 4.01710709907712
2.73273234485924 4.00580382415783
2.72782300673594 4.00724779856689
2.72116813467597 4.00525431933576
2.72458854661686 3.98580189523716
2.72843151049994 4.01190593236915
2.73179717603369 4.03258674662852
2.72884643249787 4.05984032229333
2.72917143159175 4.0635465305413
2.72788500276351 4.050629757367
2.73025497278575 4.02929752548804
2.72701350171539 4.04313562665639
2.73670827565389 4.03016163515387
2.73519370533579 4.04280149502968
2.73127825849657 4.00612376216661
2.72730787971526 4.00642617538275
2.72332572044608 3.99543650195141
2.72446836474582 4.0102533184874
2.72305608585639 4.00917559012825
2.72896540170428 4.01294741510038
2.73394957479916 3.98066087667695
2.73059573380191 3.97440092078666
2.72672426662547 3.97143638782834
2.72483019374843 3.98249674928009
2.71716516736043 3.97439326775216
2.71515679633332 4.00344644554236
2.71697042362359 3.98702289360817
2.71654058630398 4.0120534850543
2.72068222873119 4.01943359233712
2.71097815139982 4.00608718634348
2.71338553102476 4.02132446869524
2.70861810591741 4.0112656630094
2.71888016010659 4.02114660921603
2.72362297338512 4.01973214182339
2.72269551436235 4.03877554183757
2.72012526239366 4.03071797980113
2.72832897378063 4.02558701287079
2.72639610993938 4.02679118419617
2.73157511922541 4.02796265479531
2.72925562830123 3.99850748876378
2.72966802632836 3.99410649016859
2.7257669619114 4.01523772885378
2.72896822215451 4.00575229334462
2.72692244974307 4.01049243744392
2.71738269543873 4.01755800589764
2.71881067158693 4.02148191610384
2.71677516184809 4.04569274791346
2.71366003160935 4.02993992292483
2.72055553189461 4.04784253654225
2.71674997390182 4.02685906688905
2.71133831176244 4.00653904851633
2.70956242279655 3.99245690616799
2.71527678705529 3.98843839540117
2.71625284754238 4.00770983232601
2.71239436669268 4.02352056777515
2.71057374515165 4.04758883667259
2.71605904578147 4.04952293722642
2.72075439411272 4.07345796845433
2.72214598841305 4.08450531630294
2.72097803452443 4.04253135625404
2.7193406371683 4.00842268237518
2.72024335143054 4.01169199331479
2.73112821472821 3.98134510924906
2.7301205783989 3.99383129698679
2.73121137268247 3.9830806060139
2.72312026493342 3.9813081415665
2.72131650518661 3.9977822239016
2.71938953321826 4.01202286341797
2.72321915939334 3.99972866124553
2.72548327809864 3.99926430661329
2.72912101046327 3.98434353957752
2.73160959867183 4.00729913740948
2.72677299014483 3.99480554629747
2.72644033355541 3.98841012618193
2.72920926050965 3.94207309012283
2.73078013195806 3.93342093343107
2.72823569798545 3.93686360605043
2.72613813581678 3.9606104255178
2.72859285348307 3.96349226952771
2.72860770269309 3.95899986429783
2.71660256975348 3.9791710319424
2.71994521520618 3.96301823946667
2.72343279525622 3.96072836938411
2.72433929777949 3.96150521401948
2.71997501856322 3.95531328781382
2.7155933937421 3.96811876906884
2.71929437049889 3.96461712821677
2.71936032386857 3.95835794058897
2.71835134973469 4.00648295918266
2.71507738879972 4.00126941932298
2.71557182217617 4.02221591458369
2.71623535606665 4.03236062250517
2.71668924791536 4.0258890504082
2.71647349895779 4.04450159247813
2.71736985291436 4.02992385608494
2.71958234240233 4.02539798495486
2.7233882757281 4.03575494287767
2.7186459804497 4.02450864090436
2.71983128867123 4.02129585188636
2.72394183123038 4.00217080742332
2.73140729077102 4.02101777245385
2.72883310310787 3.97740684179621
2.7256621622827 4.00217594222075
2.72108919427327 4.03453202341539
2.72309407668544 3.9992591112715
2.72331020249154 3.99593779663187
2.72240508156263 3.99772053166216
2.72329626520201 3.97098045997768
2.72191426552372 3.96677449827667
2.72778039047701 4.01404176511815
2.72725022270053 4.03534495600257
2.72185904281339 4.0448373190404
2.72451214115772 4.03201008697248
2.72315056772212 4.03683079626552
2.72483615881601 4.02807773959845
2.72504009711468 4.02529445473355
2.72437651230106 3.98766957463201
2.72647575329677 3.96855073850566
2.72659360836298 3.97745494341165
2.72755347949972 4.01870468829997
2.72656637633513 4.02885823644572
2.72943692456279 4.04451917932455
2.73173733091639 4.0532193731246
2.73199951251063 4.02849915716834
2.73063636939347 4.01743472953428
2.73010705053278 4.03989833995745
2.72283162526235 4.06062696948667
2.72498861910447 4.01759405266212
2.72522861911505 4.01916085218867
2.71925520743263 3.99748631776661
2.71291216599978 3.9979905849176
2.71062592253583 3.99283210893903
2.70596985937939 4.00618708929531
2.70655901747233 4.02713158523936
2.7116006074572 3.98250015142006
2.71174972613874 3.92240042284095
2.71893143001908 3.91896662135832
2.7186426615302 3.92925980329172
2.72034352372076 3.93851058383924
2.72024291302884 3.94028194920421
2.71989803075775 3.96159018286445
2.71593851271085 3.94346534303595
2.71460418036865 3.93365011309059
2.7200214809059 3.96547059299757
2.71951911139417 3.94198507074559
2.72587213682369 3.95493535176077
2.72845069709653 3.95235165375521
2.72756718854628 3.95086293539417
2.71767294843314 3.98272098874319
2.71490910216112 3.98429791770419
2.72160198158242 3.97441125046416
2.72388080164891 3.97083724266409
2.71651088449971 3.97007060420983
2.70912102666585 3.96762594478794
2.7103970771697 3.99424118465504
2.71249347081221 3.95988010192655
2.70766210596195 3.96544663064186
2.71497785840718 4.00134620620507
2.71320823622153 4.02886978583063
2.71751133572557 3.99285350690735
2.71461810221269 4.0089246299971
2.71343000164213 4.00819967670474
2.71315548786945 4.02450639861054
2.71303567277496 4.03948871437106
2.7136644138039 4.03841495040081
2.71357845915828 4.04413348307803
2.70986462183131 4.01669642782462
2.70964908123061 4.0223360550551
2.71547450126137 4.02070298406968
2.70802357971607 4.02115865623913
2.71207162961536 4.00122010626914
2.71339552497596 4.00328551819388
2.7134849268928 3.98286129627693
2.71434084755738 3.96791060922259
2.71072834073992 3.9705159239336
2.7107522800494 3.99409158097035
2.71478057027838 3.99970274532814
2.71943781346711 3.99484936540596
2.71518462949787 4.01219459999618
2.71601766064195 4.01436769320353
2.72065049181744 4.00160225816958
2.72004619760278 3.97584727674764
2.71768316242568 4.00918500526919
2.71543735303777 4.02762471896585
2.72062131180568 4.02270353843166
2.71344591238181 4.00661628195069
2.71351091200599 3.97930300348383
2.71518617697649 3.975724842971
2.71538091174234 3.98764895722508
2.71860995917761 3.98562472150004
2.71472492161675 3.99045942224857
2.71573555956253 3.95972899788055
2.71146624701509 3.95584640064207
2.71163625993694 3.95112035634598
2.71403145684447 3.93515986097642
2.70984116026584 3.91954368955135
2.71060428068797 3.93691235642988
2.71131855124015 3.94230215664207
2.71181593080352 3.95591353180786
2.70701069346376 3.96573194389521
2.70740123823445 3.9787745843021
2.70340866393447 3.95761408605776
2.70202391429136 3.97554577409282
2.70376429387423 3.96016045606388
2.70576107352547 3.93013610221332
2.70423800902746 3.931644856996
2.70219206303103 3.92920427204138
2.70134272577234 3.94687440998248
2.69707842646425 3.93172204295978
2.69562188484358 3.96914165278804
2.6976753658988 3.98386761002196
2.7000515053195 4.00717556704757
2.69395503541382 4.00992664663698
2.6978219169352 4.00170824696664
2.70740512101667 4.02941921768526
2.71092011254676 4.00178589354446
2.71437494038486 4.0093024759487
2.71857816864168 4.02460767082365
2.71705203450451 4.04933625589879
2.72274017658559 4.0531932084234
2.72141229861033 4.03712981086646
2.72235885810004 4.01858703259031
2.71809458143352 4.00506880061385
2.71764546979095 4.03554570769013
2.71799616229954 4.03448057801045
2.72167998044022 4.02797442336151
2.71982189487876 4.02178036150558
2.71636930462221 4.02007165470649
2.70969962070965 4.0370135953967
2.70741616282258 4.03069252284489
2.70436664936291 4.03531643515929
2.70378957253748 4.04669613619159
2.7108653426643 4.05706202562173
2.70660995693415 4.04425307241281
2.70958347968352 4.03457313466521
2.71479940368532 4.00791536433116
2.71702791082244 4.02523229841146
2.72036486755198 4.03395914815097
2.72408420450833 4.04591492856889
2.71963633013151 4.05551508812569
2.7195087522585 4.04835035735545
2.72258890301702 4.02414565317949
2.72463570545938 4.03928032822898
2.72865414739028 4.01920273126495
2.72780796078885 4.02522121483376
2.72343906316745 4.0417901776091
2.71870710877266 4.02029297832598
2.72144661369527 4.03393958551115
2.72257638311955 4.04206598283563
2.71677524902822 4.04628885526027
2.71020002465102 4.033509148271
2.71299934705697 3.97844429219072
2.71321435797777 3.98792352356671
2.70880303129991 3.97840100920387
2.70154344490712 3.98015190641919
2.69363251088266 3.96809351557018
2.69532418652586 3.98768466180284
2.69510522896546 3.99972848494326
2.70196622616444 4.00531269500829
2.70983679872437 3.99753441010898
2.7121364247181 4.00873559295658
2.71559432554317 4.00022587795347
2.70667176380964 3.98412162951849
2.70161505628963 3.98642873864784
2.7005870554588 3.96163337341975
2.70033691406377 3.97589637391819
2.70362985469352 3.99050898910522
2.70396082281282 4.02206894896185
2.70209321418307 4.01152557541975
2.71000947847203 4.01867391911927
2.71305235877377 4.04909133737934
2.7187762105668 4.02084054356096
2.7146706707437 4.02646999216752
2.72338384719247 4.03758688946512
2.72364907984208 4.01536459217438
2.71904524605686 4.00159061630186
2.71843943323714 4.00328528456271
2.71645859995639 3.99138812643872
2.71404805994342 3.98461452313822
2.71817709605246 4.02024145406382
2.72227843557169 4.00886095345529
2.72629872953817 3.98552105644191
2.72121542588244 3.98057370556861
2.72183772042561 4.01938971536881
2.72478229720296 4.00591623321264
2.72400070284487 4.01904745163779
2.71931706863404 4.02831767357225
2.71850759674827 4.00559078608193
2.7170319663924 4.01764718867911
2.71330297504581 4.00614540804627
2.71519303710922 3.9865927203403
2.71513777197549 3.9909363626565
2.71225730170956 3.99315698256383
2.71629890913902 3.96490556690445
2.71510107982969 3.96295353877442
2.71204060855963 3.95313867826308
2.72041052060638 3.93881485408166
2.72195535285941 3.94038497324572
2.71094762137304 3.94759201645366
2.71549990995698 3.96123139317527
2.71559065756375 3.98055487639695
2.71436893511362 3.96902105339983
2.71534115609708 3.96278375465387
2.72223409849584 3.97331934955985
2.71968497841462 3.95136654378781
2.71527238943561 3.97879128407805
2.71862882497497 3.99787636343013
2.71245195803592 3.99623314723247
2.71707799579405 3.96497789986082
2.71631534908184 3.97662759257147
2.71621169683626 3.94210323159494
2.72237245091854 3.9408797705311
2.71603179095592 3.9464944753613
2.71168867253614 3.95043773486357
2.71094239070089 3.95083292998292
2.71136421873192 3.94628314048993
2.71475593121039 3.95762942071337
2.70644690602021 3.94191858602612
2.70889711049261 3.9729837144768
2.70808611565973 3.9473856520367
2.70585710831483 3.93305362769707
2.708877317891 3.9584421266872
2.71295629940807 3.97443998090399
2.71655338112863 4.02178266840963
2.72270463892508 4.03626050338523
2.71927512076511 4.03661324636046
2.72378320672975 4.01465944982767
2.72605354678964 4.00894579603001
2.72755363977542 4.01709965285125
2.72402956920496 4.0121495202126
2.72192236732487 4.00464398439408
2.71637535983755 3.99071102080608
2.72024335269374 4.02861670814259
2.72332141527537 4.02947638625281
2.71713465260559 4.02464507089074
2.7140982989734 4.01316823250452
2.71500083555712 4.04374384273141
2.71171147175214 4.03862272624144
2.71330316239308 4.04051707435505
2.70739939162237 4.06476119864129
2.70784102808781 4.04592675311289
2.70895038107535 4.02853228495985
2.70088397693254 4.02495987410164
2.70107832975809 4.0061425019101
2.69781919804488 4.0608972814288
2.70480430231367 4.04138610971023
2.70910370761611 4.03739340759719
2.70873984183361 4.01653655008395
2.71195683528515 4.0081328263382
2.71032966838936 3.99408317164623
2.71021371581601 4.01274013959462
2.71380762164503 4.00220244187832
2.71906811727692 3.98635256783303
2.72018686408216 3.96724562585584
2.7232842841387 3.92791450167569
2.72162672793285 3.91450710388698
2.71552249956845 3.90145966722991
2.71855905892133 3.9266388189502
2.71433603124572 3.96254351240516
2.71711103443733 3.9671358612283
2.71487359133806 3.95935743302909
2.72020701607763 3.95689410545246
2.72112423484633 3.96520514623543
2.71458808564281 3.9939099791168
2.72315171961792 3.99965719769128
2.73187403481763 3.9635251444833
2.73178723272378 3.97759460471518
2.73190273108252 3.97709433920493
2.73157746120874 3.99599681391165
2.72833425843006 3.9909156467944
2.72760011088869 4.03720383294633
2.72070741741597 3.98436872115625
2.714068814426 3.98573680993711
2.70931010477084 3.97996875657846
2.71857609017871 3.95641844144713
2.71200890389731 3.93067322783311
2.70971048007477 3.93657938226407
2.71071535144641 3.92902822081911
2.71367215721684 3.96298398420565
2.71599886272315 3.96211624429864
2.72169822833891 3.96778306731526
2.72548740807573 3.98484029038769
2.71820858968713 3.99279154410672
2.71803974548944 3.99858559146049
2.71839013720713 4.00823657243099
2.71773241378818 3.99236953096591
2.71643395380076 3.98534665036167
2.71587524799401 3.99727805213035
2.71428727514324 4.02527294087562
2.7160166926908 4.05514391344504
2.71509603082749 4.04130550982914
2.71065038045641 4.02795245694093
2.71180739097056 4.01754390352813
2.71568272318044 4.02039514289344
2.7189085835158 3.99563123030986
2.72161476714724 4.00655779815127
2.72129956753832 3.99735503172001
2.72152598044436 4.02313649972545
2.7184091227123 3.99009534923594
2.72077402970394 4.0045949874587
2.72742923060109 4.02242065657858
2.7243011002073 3.9974320259016
2.72845626724847 4.00145103674816
2.73103606650945 3.99927431008492
2.72981926970043 4.01627144459556
2.72904735493451 3.99511148940727
2.73056558503403 3.9916700107159
2.73346722359299 3.99232246472077
2.72976707714343 3.97870479651542
2.72702559813931 3.96440755247734
2.72403764856842 3.96850780820433
2.72140280666034 3.9657518993004
2.71979564135599 3.93246881944034
2.71750456043595 3.9316773524082
2.71628246198323 3.94164380627569
2.71496122481793 3.93427779515727
2.71351015131078 3.93320349175929
2.7104568219236 3.94587567192757
