0.1 0.3 0.5
0.828653753461244 1.10171344239237 1.53524008299019
0.911452334857557 1.42044570178906 2.17008344408732
0.992817645157437 1.6906414553115 2.68273938950573
1.06855549626272 1.92429050276281 3.06950805179616
1.14234772514372 2.13015123710741 3.39767895986133
1.21441840346725 2.29051502235173 3.63510937902018
1.2813429586486 2.41631152911742 3.80898339139202
1.3443777118581 2.5393313248215 3.94441132898349
1.40569553251244 2.61777076834382 4.11069991672422
1.46322079243496 2.70345613044938 4.18531722465543
1.51546433690796 2.75997813200048 4.25710562524092
1.56987355591745 2.82338470521488 4.30515500931968
1.61733511724874 2.85276422229614 4.35298141639135
1.66264729600986 2.88224775732165 4.45193650275326
1.70693943483952 2.92037740486254 4.57117939630347
1.74977111892306 2.93827908247666 4.5611768438335
1.79091427033828 2.95459732489009 4.61156618923086
1.82725278576576 2.9746837263527 4.64222668102003
1.8602068261443 3.02146779274637 4.65823038696164
1.88924030937939 3.04824906378518 4.73891318029722
1.91449844585867 3.06376052827053 4.74863634118016
1.93788550230017 3.06616034243695 4.77843113598117
1.9634609310025 3.07336409680807 4.81068053739277
1.98768952428473 3.06691785933601 4.84683065163054
2.00562565508087 3.10770240273542 4.90173890592595
2.02018750134532 3.1116256189826 4.92940363995904
2.03955050294214 3.15389174747202 5.03510801280763
2.05571918159785 3.169613407336 5.06811799283583
2.07210723926373 3.17004329182519 5.12976313192435
2.08612509738296 3.17249345243502 5.19504583797214
2.094270394035 3.2024535938739 5.20695373366974
2.1085107635224 3.20948273146762 5.23176131316075
2.12179249799585 3.2110478586542 5.25359846127525
2.133254842258 3.20845259102892 5.33352850094903
2.14107369036708 3.23682583041231 5.43796269770296
2.14720807374619 3.25427398603228 5.4797139417328
2.15443647505164 3.29004968053211 5.55868624091287
2.16427256953207 3.31300541644361 5.60093875943674
2.16879598420684 3.33350186174396 5.65202336391043
2.17699614307992 3.3418711307643 5.73348576066644
2.18246002217291 3.34976856596818 5.75198735213925
2.1836267958605 3.38621237036162 5.80735525687784
2.19227119255893 3.39602565193198 5.81419416868549
2.19221165815471 3.40093459046846 5.83939347238069
2.19807041968787 3.41725935828448 5.86652785572383
2.2035302898731 3.43757647781311 5.87143667286325
2.20952350196018 3.43121227982893 5.92059011888187
2.21009519048122 3.46162486171834 5.98584729887508
2.2036527322696 3.4607862052163 5.96512627890072
2.20506148442017 3.47411976393219 5.99418630902547
2.20855970486538 3.46933230867988 6.04087363627886
2.21192977944416 3.50039546787036 6.04734027470473
2.21353856882543 3.49491628303236 6.09560849978266
2.20920027084319 3.51702106740143 6.07718745966531
2.21342428750973 3.5497599674847 6.11214543915632
2.21759931802367 3.58003634920145 6.11273100537724
2.21778274151695 3.58798453219983 6.10336840807048
2.22030595075565 3.61555303435464 6.11811173755019
2.21800799454184 3.63161495626743 6.0658196770069
2.21896483725852 3.638090599874 6.03487344433101
2.22086370883475 3.63899098329795 6.04769930793257
2.22013900590657 3.6236965406783 6.07996839789688
2.21605910333063 3.64353192929687 6.09545663024135
2.21641783019477 3.63134836545033 6.07515850194985
2.22279177868594 3.65213301230699 6.06003777390599
2.222615713628 3.66398619914473 6.00271034289726
2.22588558903834 3.66572994818956 6.07913696831856
2.22051269915558 3.69175622396372 6.02847030404539
2.22700123178097 3.69256595175238 6.00606897686093
2.22567368721332 3.71360212599018 5.98643396503508
2.22724561330709 3.72568277570266 5.9715704998488
2.22650113375128 3.71412231912365 5.90528446186051
2.22662244543618 3.72321358574179 5.89472678581014
2.22553690376991 3.74648310420698 5.8382752224195
2.22997763495131 3.73571961078923 5.83323386014348
2.23340683203604 3.74123696340002 5.78346027624894
2.23293540343622 3.74539201792203 5.72010807058439
2.23245790957322 3.78827419172716 5.70460425899868
2.23326764449647 3.78052982500588 5.65004587611615
2.23494114483726 3.77602245306975 5.62376207152551
2.23388553065309 3.78243361770594 5.58977270529763
2.23549978251571 3.77763709873496 5.57227340643481
2.23234759441776 3.78225024956714 5.5677897120669
2.23823711185837 3.78936693154185 5.51670835130037
2.23620345610637 3.79747930489489 5.50412303744268
2.23578545225829 3.80831184328952 5.4452383642896
2.23645284338597 3.79875758448133 5.44166348108496
2.23760173285833 3.79392434882091 5.39651347646481
2.24241626655821 3.77623439616056 5.34637828520547
2.23931137481693 3.76919798960627 5.31528599930312
2.2422000437601 3.78033475014774 5.21572731851606
2.24385053049465 3.78743134133034 5.23058714728582
2.2461367067921 3.77785199229883 5.19153186309558
2.24584104381841 3.78121096340149 5.19269236777348
2.2462091581808 3.78076951365065 5.11340041495366
2.24769725813155 3.7932332836815 5.11590118300416
2.24620889894682 3.79271860353379 5.10783540923587
2.2456223426686 3.79147230343881 5.01909375594911
2.24300730630249 3.78091360638894 5.00304898366628
2.24799367263382 3.78398910306612 4.99251999757965
2.24658750124562 3.80466038209988 4.94024794782577
2.24983664459901 3.79059269022263 4.92940711181522
2.25047797067947 3.78963974798724 4.90612338071182
2.24964368024019 3.77735272094135 4.87517250679029
2.25050264166571 3.79757791755223 4.83839050380026
2.25502874783793 3.78053754276996 4.80585282286682
2.25474806398567 3.74767709575476 4.79519607390114
2.25243682624316 3.76094223573903 4.75124538230278
2.25348369802086 3.76879802576201 4.78455270319466
2.25511074188403 3.77265723486017 4.73106815613662
2.25580975408044 3.76483688303835 4.73618375436629
2.25581742028019 3.77027258066581 4.73216718361197
2.2560433182162 3.75222396846095 4.67281674751058
2.25299614699936 3.74785050693848 4.63823708395681
2.25141733230188 3.75196305191393 4.63739977741066
2.25052659088586 3.73092580015108 4.63542327765512
2.25459439614779 3.70168319898326 4.55474736297811
2.25527751348505 3.68231823638251 4.56138963211256
2.25534250865447 3.66136574579923 4.58077439569265
2.25127913836301 3.64230958820154 4.57889872076137
2.25256806147136 3.63304291272164 4.53716952768836
2.25525921245339 3.62996389239637 4.55185274424705
2.25493845973139 3.61637869703666 4.55370401175294
2.25419457352892 3.59775021901502 4.49454980752516
2.25243352818758 3.56311035866631 4.50136476719642
2.25774759941027 3.5718685524869 4.48166698219846
2.25874848581541 3.57072034496957 4.41105003857877
2.25821503358214 3.52944648350234 4.39851102589672
2.25952371629822 3.5154615854431 4.38006490433797
2.25993008091919 3.50967537591657 4.42413006048864
2.2647267912197 3.514203907742 4.43431180792416
2.2668407141987 3.51500543317586 4.38520494188028
2.26668631587797 3.51312879432592 4.37430248566475
2.26689252290569 3.51349054633564 4.39254590911299
2.26572280681287 3.48617630874499 4.38203286222386
2.26702361424993 3.48221700505237 4.34240763931348
2.26734167704004 3.46333118220006 4.34667064196082
2.26612305193018 3.45846679256993 4.38527079242358
2.26731824883325 3.45499634757565 4.40876680699391
2.26565103910371 3.44014898533 4.40208830380206
2.2674847652829 3.4311403341739 4.43386767019638
2.26848667933975 3.43882350204163 4.42586346059309
2.26674873653283 3.42808392740656 4.43159074443356
2.26308993067413 3.41424206979606 4.38966793943239
2.26692955489123 3.38954028218035 4.38433673286626
2.26343022679548 3.39756016550775 4.38937444827005
2.26593243516987 3.39147160300826 4.37811769647915
2.27087264351057 3.35611880239415 4.35744184501124
2.26826261014619 3.34390011792292 4.39221343923434
2.27031764926551 3.31410958835857 4.42804678074993
2.2686077311589 3.32069095211273 4.379488797903
2.27106882654057 3.31350460908798 4.2972883081225
2.27190435804378 3.3112432255523 4.29330593497884
2.27249339614762 3.30184460074116 4.30611465975277
2.27374420758441 3.27989238622676 4.31878574477522
2.27304213052002 3.28592590377497 4.30472138396055
2.27439366583387 3.25531741104284 4.31915501173333
2.27818763005471 3.25881954723478 4.33498915465184
2.27539923482968 3.23613942978471 4.31040027585185
2.27935447649623 3.23018310336903 4.33620119492538
2.28057704796847 3.21334546335743 4.35428783100458
2.28341609909351 3.22260232548394 4.36467943605057
2.28136033354463 3.20486294542452 4.3886317869833
2.27880184790988 3.19026202666009 4.39692653212039
2.28538579414106 3.19596890862203 4.35503388238704
2.28670098381965 3.18745040597402 4.34995290678241
2.28698359932424 3.16260797313503 4.28015980819921
2.28967912235152 3.16983800232777 4.29490658604826
2.28837159489968 3.16166735357643 4.33620668469544
2.28703393206815 3.15805250316026 4.35256417271825
2.28274478246329 3.16878928407819 4.30385284564543
2.28510861155324 3.145224227503 4.28905600282817
2.28773421217848 3.14542922352997 4.30189935558328
2.29497135420081 3.13769342495384 4.29686077864708
2.29485898629446 3.11058085796117 4.30068222273409
2.29258569564921 3.10037438382367 4.32694753549983
2.29307586236652 3.10793889979221 4.2894301895453
2.29412431328157 3.09048191396083 4.33306436038613
2.29468692298439 3.09377603010752 4.32093482619994
2.29775960588894 3.10122302072215 4.29089852526833
2.2984579327485 3.07707937057265 4.34361550810296
2.30064249951541 3.10027531141701 4.33497339248525
2.30439322793949 3.1126526891512 4.29865450069435
2.30168553458496 3.12663479208528 4.35684315139252
2.29830675425106 3.07968025686205 4.34307020453035
2.2951473591024 3.06360943040837 4.34442521726938
2.29366239139545 3.0428916212754 4.34566778868497
2.29715993635459 3.0345363919252 4.33761417074193
2.29384691380762 3.04686518552565 4.30565673614152
2.29213110257614 3.02747020200491 4.31944660161316
2.29053719598665 3.02543768792402 4.32007145600185
2.2926055916606 3.03106940587935 4.33762488105979
2.29198111853942 3.01926526957308 4.32295986539783
2.29294650033182 3.02347328170002 4.2774675163086
2.29547910948483 3.0318291446807 4.27846296963483
2.2979390264637 3.03164016776232 4.28405343043379
2.29689392385369 3.02950818906556 4.27078005641465
2.30122217798385 3.03011691043884 4.30628499546498
2.30179467474531 3.03052609734169 4.35519396653169
2.3072422612935 3.02303763817754 4.43704208215605
2.30447506919964 3.00880574697116 4.40467961279353
2.30415871700954 3.00687458065326 4.32146044001731
2.30630518347074 3.00511678805229 4.29950433838956
2.30467312754576 3.00196290941785 4.25609813762119
2.3003975448852 3.00927523587711 4.25704568432416
2.30214207118288 3.02024511705023 4.29638930802515
2.30078927433133 3.0241214970776 4.31215140874976
2.30160653586476 3.02075630159242 4.28457054118653
2.30076826617996 3.02673425896106 4.29257169468138
2.30314799092823 3.01250108938049 4.30078350164677
2.29760393941778 3.00334959100737 4.32069908881744
2.29769159757349 3.01708096531123 4.32592611979062
2.29415624223044 3.01984045623692 4.32310602246766
2.29854172185368 3.01153085276952 4.30477652391624
2.30105408372476 3.02848357335291 4.28798849838235
2.30235939635251 2.99823343649702 4.28994309444505
2.30428170319459 3.01346130726032 4.3078335702441
2.29879582594828 3.01351918357665 4.29040339544366
2.29734983981026 2.99943700443846 4.26427582663058
2.30074568767093 2.98640653836284 4.18757180469517
2.30484806633197 2.97195815946616 4.23938943971421
2.302449122085 2.96392615331334 4.24978825600872
2.30600151964868 2.97545470563648 4.27734794900587
2.3064707083187 2.99125735370742 4.24430416567563
2.30757421670914 2.96455810850386 4.28204286060409
2.30614125158115 2.94752084208779 4.28069041597319
2.30320737209335 2.94485213500645 4.26713377097943
2.31095803493822 2.95566054662326 4.28932228596889
2.31270344681946 2.96016203495306 4.29092782484013
2.30963512665469 2.93024828523322 4.31600502619714
2.30998748437736 2.93889861218745 4.28389714926235
2.30761776214862 2.94664556807377 4.27129030823342
2.31374956734761 2.9392329007435 4.27588635228277
2.31556760614991 2.95778557031328 4.25840545259322
2.31400256247603 2.96845648340085 4.21948978207114
2.3098089677712 2.94943912260024 4.2175464297087
2.30570904207376 2.96285623947442 4.2989345675569
2.30784617679614 2.98157400939152 4.31322661424937
2.30913071840666 2.95183701410033 4.31738725352128
2.30962507436282 2.96561371155583 4.34234465168293
2.30672290517709 2.96895524382264 4.31414324448227
2.30756186953582 2.96077459485091 4.32688217301346
2.31106794995739 2.95842593399559 4.32816002152673
2.31002022372349 2.9839588888006 4.3449631158447
2.31264571572822 2.97640548970207 4.3127308212663
2.31053484151976 2.97239045787381 4.23396520833048
2.31321617140002 2.96935486898093 4.28487159759731
2.32116153009256 2.97343446837706 4.27575595494884
2.31879305988515 2.96449055752823 4.2684196506074
2.32026174722577 2.97043973802713 4.22198429132679
2.31943693302369 2.97193420048434 4.20937627417084
2.32113710084188 2.93435169773545 4.28752636821738
2.31796975010736 2.9318657679392 4.29435525584796
2.31817590573234 2.94416657160484 4.28927324153532
2.31716318682358 2.94287380991575 4.31777537813044
2.31242609993704 2.95718517501344 4.35562806460261
2.31175644640272 2.94805142474018 4.29206304263213
2.30866839407763 2.94148008170988 4.29073403315371
2.30905400542038 2.94512817007679 4.30120412033713
2.3083262964262 2.97577898358159 4.26993045526177
2.31163326589503 2.96770676702685 4.22571468970238
2.30817212804095 2.97730054319054 4.21988510142849
2.31287776768917 2.96872954902189 4.24474808727431
2.31686925116673 2.97235884257634 4.2748939229765
2.31837033870362 2.97066972943966 4.26440010416662
2.31760174483495 2.97577857898505 4.29220271202388
2.31591880694334 2.95446879423289 4.32991732032096
2.31800742625152 2.94904133322585 4.33597680520571
2.3199221829881 2.94392499865406 4.32478535306318
2.31960589938276 2.95418556326605 4.38053270191025
2.32234372532866 2.93736836136204 4.33149663032763
2.32334722775624 2.94321601210206 4.31594263322346
2.32568865879028 2.94965017408407 4.32876665249183
2.32090025335273 2.96492145294918 4.34359037416
2.31605815178376 2.96781279410858 4.33194561034563
2.31779181030193 2.96385292674008 4.32392497527775
2.31883810386719 2.97978964239806 4.28852395858209
2.31598469712171 2.95703741986553 4.26804373544106
2.32143933952035 2.93616525487693 4.25263462105202
2.32537068039297 2.92221981057987 4.26542155301994
2.32646654011557 2.93422815192034 4.3016390193511
2.32426175469531 2.9368429229715 4.27123423840005
2.32341540156948 2.94309479062712 4.27418941332438
2.32305543140667 2.95046097898818 4.34397550246223
2.3268310539779 2.96028334706443 4.38637618266073
2.3286841419009 2.94698971576841 4.37822096347648
2.33075691444196 2.96078998252851 4.34687833806288
2.33195366689763 2.93494292747234 4.37769361739625
2.33225352850622 2.93085203337784 4.3712276662557
2.33278004248642 2.926093934525 4.38604824121552
2.33199301696827 2.93726269248329 4.39701875937644
2.33155230914468 2.9399040092919 4.43716145364173
2.32882023681245 2.94962890970144 4.36839723205438
2.32690772391829 2.94957400381509 4.34693439118664
2.3281919415024 2.94004592776751 4.39956876832257
2.3267647408377 2.94242999603036 4.39440158729793
2.32840334363859 2.94198333865774 4.3684060251164
2.32741880480085 2.94722963633611 4.36866447155637
2.32423225040006 2.96841696887509 4.36239670696016
2.32536677547194 2.95980342286841 4.32026972730763
2.32743828423931 2.94659744794855 4.32985411080466
2.32434573951641 2.96274337546356 4.31900306544332
2.32468486696406 2.96895106848168 4.33774465329317
2.32577850689921 2.98774958882231 4.3524885794217
2.32877640478361 2.97801331690023 4.31955954320391
2.326477974402 2.95263384756783 4.29998996196081
2.32737284643697 2.95573843562152 4.27657401571932
2.3255588013357 2.96420897215755 4.29941523734392
2.32179898522654 2.94118430696541 4.31767201984192
2.32455224111904 2.92676971052847 4.29814560462781
2.32258309923184 2.94188582909606 4.29766202932531
2.31826157830993 2.93641414390025 4.27768584997581
2.32059184670875 2.94237176804596 4.28902697942477
2.3181760170752 2.93835068291192 4.26306632859191
2.31847976841106 2.92966523589548 4.2809162495877
2.31863160806397 2.94569160524788 4.25761502066136
2.32078690052381 2.94150708563899 4.29952274211428
2.3254303511325 2.94731915988872 4.31375768328101
2.32868107351108 2.94560142451244 4.29637003365012
2.3296999401743 2.94562548037434 4.28619898091434
2.32973432015971 2.94902041641266 4.28482313336624
2.3295181446956 2.95263318415227 4.28739430607419
2.33308339006815 2.93919477936865 4.29893246626729
2.3333086828891 2.9219047426225 4.29227857432985
2.33058898617318 2.92768927504899 4.32503591220721
2.33188911175041 2.93737607175522 4.31951365857639
2.33315768334371 2.93903401964138 4.28986432593891
2.33093682451396 2.9651399491402 4.30895087960349
2.3316875385266 2.99212096134327 4.30750936170886
2.33200917334484 2.99848934146844 4.32585122878025
2.33239919755774 3.02229900579954 4.35207285914417
2.32791456232077 3.00306515034047 4.33518865752296
2.32536995234059 2.99602805339944 4.3618245147924
2.32506979564832 2.97837739101182 4.38667838479138
2.32530735721113 2.95554804453956 4.38842968626453
2.32210735368359 2.95686621932845 4.3702596019593
2.32265084259154 2.94801900439426 4.3845442753846
2.3263328748588 2.95682964430527 4.39609075943094
2.32873614727844 2.96059720138223 4.43734522152347
2.3290043617926 2.93374218272555 4.40857993302648
2.32808470903681 2.93338237299381 4.40850873566357
2.33148512570233 2.94436264904518 4.3999251005454
2.33170119452923 2.93497058968472 4.35623300331615
2.32872499087097 2.91515161146735 4.40402162077995
2.33213409452351 2.91836305764547 4.36919628894343
2.3310242112233 2.91065936296703 4.36086808852448
2.33220176370228 2.94878746335321 4.31372202906337
2.33020753046361 2.95031658325422 4.31301968272129
2.32917437934872 2.95544757761729 4.23126894085604
2.33000636166802 2.95629921301213 4.2899369476257
2.32536080988993 2.95263988143115 4.2521997085337
2.3224799221995 2.95090977551675 4.25126157253106
2.32159477880354 2.94983117845417 4.26687117550515
2.32447208437683 2.96017868159327 4.24753480776992
2.32533951210107 2.93360051242127 4.260212731069
2.3256328628561 2.94842995107757 4.29913627388221
2.322239050662 2.94047961006917 4.23706239063927
2.3238781830034 2.94124872978655 4.24800670527541
2.32786324718105 2.91989305355289 4.23924632975111
2.32370031636887 2.91169850145105 4.26466680399121
2.32689359638458 2.9067319088845 4.22025351383336
2.32787549512959 2.9210226302577 4.239023102473
2.32686168203684 2.94056229140968 4.24553328942666
2.32637776409068 2.91981308934205 4.25118846113672
2.32375006877262 2.91926479934915 4.25824893638677
2.32593868738578 2.93794394621326 4.2692194133563
2.32617842490102 2.93555594063031 4.30342208772948
2.32443423841561 2.93686354103783 4.27069102448523
2.31911334246462 2.92418576196742 4.30053252578462
2.32273544021979 2.93928193386317 4.32056946509003
2.32404612067809 2.91594769869168 4.28993073553491
2.32108372598987 2.92165371298895 4.26590521545905
2.32068227647435 2.92393351011293 4.28285740672182
2.32257731336128 2.94229045646281 4.2895550117115
2.32358108355065 2.93867387668387 4.31864946967831
2.32718689167938 2.94710256299525 4.25196556450578
2.32468113065729 2.93822902770358 4.27213192020406
2.32287073405713 2.94526554220975 4.31186657645947
2.32036452896021 2.94478757612846 4.31148757005103
2.32080320611095 2.93843125332304 4.24725044510472
2.32460154567963 2.93195715497263 4.27968268193519
2.32600188138664 2.92580040671277 4.26408029433378
2.32441133098598 2.92617994032233 4.28419928528583
2.32125340567796 2.93681837970335 4.30461305194683
2.31925235356846 2.91831955653191 4.33363961387102
2.31581992107241 2.89992402274613 4.38649071619287
2.3142668210418 2.89996145355554 4.41358750847744
2.32218843285157 2.87712135860096 4.38005803782269
2.32569492328609 2.89658868179281 4.34882203123498
2.32477660115568 2.88286929781256 4.3684537540825
2.32915623558758 2.91581158326884 4.3799115633503
2.32847755931306 2.92161112107757 4.34254373281717
2.32793750511525 2.93258955971989 4.32686361477277
2.32563117306821 2.93993786576701 4.33077529128455
2.32683884554366 2.93319325702034 4.32898147247887
2.32661667225898 2.92945945762627 4.32653996913262
2.32757406630576 2.92090435025134 4.33372488822243
2.32377866968154 2.94444707976326 4.37835151707449
2.32640153211995 2.93736510544855 4.4062866784812
2.32024058240051 2.94092499877593 4.38673864477725
2.31941270293266 2.94933792927097 4.39427614973565
2.31881341230401 2.95919528301124 4.35009720742922
2.32267515621081 2.97960816356351 4.31312834675015
2.32539967119311 2.97343160195022 4.29657346139531
2.31717726094111 2.97584523186461 4.21915283029727
2.31935761180016 2.96167984707813 4.24128719423209
2.32196552389594 2.95928147706957 4.24687313119268
2.32337894883282 2.9633398744562 4.24582724351826
2.32150551798198 2.94062472597717 4.20522121249041
2.3173893376641 2.96138790012765 4.23095210592109
2.31743253851161 2.92985930325288 4.25931701209572
2.32035956987572 2.9022889500619 4.26563738988017
2.31955683557147 2.90308658463526 4.23747608201779
2.32411978634218 2.91769188976856 4.24975557481804
2.3220369687127 2.91815314640527 4.29049355529683
2.32358210992677 2.94243912878324 4.30996078329922
2.31954457481842 2.94559184940785 4.28179455001823
2.31800078463167 2.92469622494969 4.28990075299419
2.31951830992478 2.94675783101105 4.25003211034854
2.32011642140835 2.93775414637831 4.24772971029327
2.32362661469338 2.93867480282733 4.29825984374992
2.32466532692263 2.92676194371254 4.31450309438787
2.32389736838692 2.94381034536851 4.32121322571314
2.32786041053232 2.9589145499308 4.32480761679578
2.33236552822413 2.96939590866951 4.31493617292531
2.33097880870686 2.95933646529309 4.33515778029466
2.33233199673419 2.96028340893243 4.35137438707845
2.33217516112191 2.96296443937532 4.31273005945459
2.33172668289327 2.94655088211661 4.3335648945898
2.32934661657631 2.95349384895081 4.34303118490273
2.3325936769172 2.96488822731429 4.32947027426721
2.32763755469284 2.96509119314194 4.34030190807717
2.32452994557487 2.95185243958823 4.39001904172622
2.32744156538357 2.94726292244919 4.34910826341934
2.32321512896119 2.92558106669781 4.34381281256518
2.32331118785339 2.93323245227261 4.34490036428825
2.32772899515473 2.9413638005023 4.3367082776009
2.3262639592908 2.93180558020842 4.28949726314254
2.32346054441252 2.93667621580385 4.31571222480349
2.31840390503036 2.9414722880013 4.33715747325561
2.31891378768239 2.94366285088754 4.33556710234817
2.32131830767612 2.93283373354536 4.29666273278884
2.32217999562597 2.91851032545017 4.28008342291163
2.32133656332403 2.92844756932498 4.27662672753865
2.31859118239489 2.93688828780886 4.28887019917723
2.31514251364384 2.9433756446908 4.30924888019553
2.31326700095823 2.96185547995097 4.27599742401838
2.31294901277358 2.92785698788217 4.26083352072399
2.31133143340267 2.94433663463541 4.26686862294107
2.31284402035755 2.92562315552816 4.26557617457451
2.31740695339578 2.90936304311442 4.31262000322053
2.31469920462806 2.88243172282655 4.31708210929156
2.31207971813689 2.91172423759949 4.30906507049946
2.31212151951676 2.94355223658514 4.33323602083344
2.31780011023769 2.91574356713495 4.34843983253022
2.31320678697378 2.9217134060795 4.33973391832667
2.31698648704756 2.91195203022869 4.33536515081678
2.31729374875086 2.92495188856963 4.24827499170316
2.3181145995858 2.92472375143613 4.25730416149864
2.31941989149422 2.93188358300593 4.26047542183214
2.3202952961136 2.95002288085658 4.25532552734274
2.3232840933725 2.94397159916256 4.21580394540153
2.32662144531642 2.96334105511747 4.22542298923863
2.3243596158103 2.93877946654089 4.27789875744575
2.32361129244732 2.9277313251437 4.31129908593744
2.32044867140486 2.914725096473 4.26517835206882
2.3220238591842 2.91160937399092 4.25447346037823
2.3223503997071 2.92692232529333 4.23442250153562
2.32482170626081 2.92866686711831 4.28284604521435
2.32470206620713 2.91170732920668 4.31382051398201
2.32867040537793 2.89656763345363 4.26955621635613
2.32794015759265 2.91414514481118 4.28403773402833
2.32705240682337 2.89999972589853 4.32659193528659
2.32444707033245 2.94416837347473 4.31623765848174
2.3225305132672 2.92467550152456 4.34370141302932
2.31912654911569 2.9361899472168 4.3272592857448
2.31963960536492 2.93700110404492 4.3049203862948
2.31599649014633 2.93370707593669 4.30361349193191
2.31604112865793 2.9178052074787 4.33314537988731
2.31891991038293 2.92584144655602 4.30911264178595
2.31999920598768 2.90113013290635 4.34507830614565
2.32037666422034 2.9302510557196 4.34661765377236
2.31876815868553 2.93715411874288 4.38456997510592
2.31743572741849 2.93733781145302 4.40156978074295
2.31514864859313 2.92650343884889 4.40850360026304
2.31257798849703 2.92941940605047 4.35024701647644
2.31476117757978 2.92071628787917 4.32953733984898
2.31338746571377 2.92276121695142 4.28385819729224
2.31712272388102 2.93177764912125 4.29605542493406
2.31627104213736 2.93125558567181 4.25054502787498
2.31375657327169 2.9229597924894 4.26362592483634
2.31410716352561 2.93843541235802 4.28646496610179
2.31498120402178 2.90472554033806 4.29067628685782
2.31231771827986 2.91049730756114 4.30259976258366
2.31827252435299 2.93401318725091 4.28323836558157
2.3189286650604 2.93183159950279 4.2869540705129
2.3221904954808 2.95946404568817 4.3320381216388
2.32387695274444 2.95521010187888 4.36345473484017
2.31993020854074 2.95814875222795 4.36228577620519
2.32308819799965 2.97203124593765 4.33010005315899
2.32522383943094 2.97402441177205 4.32362458178367
2.32403676547466 2.94385488701876 4.34362189369917
2.3199755020517 2.9396526675591 4.36358363340852
2.3144658978682 2.93398453897113 4.34776834037605
2.3186679840492 2.93870967752602 4.32477918308494
2.31926890706032 2.94996498366001 4.36386352539667
2.32157653865945 2.94376898177415 4.25055674378373
2.31444602984697 2.93010313181625 4.29408945216026
2.31427429414527 2.92177525681196 4.35338421070878
2.31539308369471 2.93496578823218 4.3189480127279
2.31528327093904 2.94354669523393 4.34334583308795
2.31275583270866 2.94868794651524 4.32068808455259
2.31433312549645 2.96722320246897 4.36680836811922
2.30943350075193 2.9713380469334 4.27999663198112
2.31079040637631 2.97829549476483 4.24284734715787
2.30804887355903 2.97789475758749 4.2259593790932
2.30317947103378 2.97807917773633 4.22998492306972
2.30332836764898 2.97409298928925 4.23940194272384
2.30087584373443 2.99109946533589 4.24432585234437
2.30164626741564 2.98035514667318 4.23710812583711
2.30561519881032 2.9737977209709 4.2356084815649
2.30575571274298 2.95675562071859 4.29435641917303
2.30692436244255 2.92839036099462 4.26948552090182
2.30399953923305 2.92218677317073 4.24281186697119
2.29950271892261 2.9236026878757 4.26965001698111
2.29962067476893 2.92404358925543 4.27978697362514
2.30017379761045 2.94192835174861 4.21823986479622
2.30260259926368 2.92540428608762 4.27325787694836
2.30360066116038 2.94125588166906 4.26071983912411
2.30259457995864 2.9536267690985 4.27298509389805
2.30107204694063 2.9379971630016 4.32021258361226
2.30274459640307 2.93458540241299 4.3428885254962
2.30664818773677 2.9371030857966 4.31982518595255
2.30901236245699 2.93457852010227 4.29774138418997
2.31134747245532 2.94036888531968 4.28613737731878
2.31180614178666 2.92594689222949 4.25802879244873
2.30648085607111 2.929782919335 4.24709379204265
2.30437445315842 2.93640196244776 4.2467742756757
2.30434125807294 2.9235716311651 4.29061656430084
2.30194384991783 2.93605267573805 4.28692165337675
2.30207060825133 2.93404440874321 4.31398136826201
2.30752471717619 2.92976347873947 4.29214330646297
2.30733152444461 2.92210402119352 4.26809622487341
2.30774046906483 2.91923913814616 4.33077367033312
2.30436766428358 2.9128231686335 4.26811642881209
2.30476623840106 2.91434653104738 4.3005518280603
2.30334853316236 2.91275915872066 4.25540891991419
2.30425456548406 2.92245244884709 4.27089054334656
2.30474886364008 2.95094569169324 4.24970691439302
2.30163894161017 2.94087713883952 4.233834424683
2.29992914142324 2.90716036421111 4.23158040951274
2.29977682056618 2.91718860713862 4.24607000075704
2.29659168011468 2.91304769109041 4.24045044542095
2.30042978081493 2.92183337006378 4.19360771140089
2.30357297879043 2.92976520812349 4.22283459753502
2.3031633204394 2.9271282065843 4.24482183826678
2.30036502339197 2.92388634332469 4.21022080472621
2.29694962577826 2.95008708671869 4.16859537282001
2.29529305179325 2.93728792458081 4.18574712461856
2.29950177058348 2.92873118172521 4.23712250069709
2.30256316777235 2.92061855169276 4.29631927505633
2.30241017156389 2.91408654208997 4.25252973751898
2.29706816388327 2.92796909149713 4.28222971904381
2.29447222491463 2.9458700329746 4.30468992448959
2.29371315574433 2.91963274560291 4.2964151949968
2.29259954930769 2.91789367151596 4.29706058846488
2.29312214754472 2.91404559530237 4.25994453866722
2.29177265377087 2.91911082902054 4.26207535175474
2.29392764673879 2.92083640694807 4.32980708023589
2.29034636954383 2.92749831125139 4.31244029041422
2.29065188890141 2.91774310385753 4.32376669291802
2.29218381952114 2.92117635255548 4.28975632590242
2.29075250043635 2.93088448436034 4.30904544782969
2.29135409569227 2.9367135981773 4.38489153837605
2.28732705659249 2.94653867035273 4.3722769035802
2.29169143151867 2.95231717536546 4.31000579703633
2.29343926178238 2.96425429976631 4.3586562324627
2.2990217156889 2.95267611939004 4.26524585522475
2.29574785024553 2.9457271715022 4.35020388846779
2.29577821611305 2.94210113472441 4.33160587922856
2.29222805695949 2.95764572244525 4.39467336771373
2.29060504939147 2.95364904332634 4.40442228181078
2.29303464622936 2.95917665237926 4.3339721160914
2.29085284058073 2.94519871013981 4.27674349046933
2.28546728427868 2.96069312729262 4.23847289058956
2.28228004134974 2.96782111984486 4.24425864597656
2.28742278154476 2.98137867674722 4.27515360791468
2.28579921592651 2.97205123423104 4.27307923318338
2.28642927712354 2.96353421536013 4.27357769104752
2.28531312855065 2.959782287822 4.25128268454401
2.28557005636198 2.95737931960176 4.25310337003666
2.28776478763351 2.95433993834375 4.31311160215038
2.28686652025957 2.94848476682453 4.28133536475494
2.28497721935639 2.94721827165975 4.26019664600275
2.28531974438944 2.95904602620407 4.27410371006283
2.28316502338492 2.97510491945938 4.25605701421106
2.28830702090099 2.9503762452083 4.28770440066261
2.29384966806879 2.95288746759069 4.29016210889107
2.29464698706506 2.97662251727213 4.2751736177125
2.29313211422367 2.97045543502007 4.26232016215185
2.2956547551569 2.98636139653424 4.28674443764227
2.29479144963753 2.98068105792305 4.27892513130215
2.29360235143178 2.96344187633866 4.27697259787604
2.29379840553072 2.96440795782074 4.36703718333526
2.29240171915589 2.92844165941458 4.34358610137715
2.29296246966372 2.89478656940121 4.34187095842426
2.29123965620832 2.91465633719765 4.34081434594086
2.29155914589437 2.89923819715844 4.30944999345929
2.29211390695445 2.91287192726784 4.29866551766663
2.29511085787874 2.93222044607062 4.31757026322526
2.2938860504603 2.94368171731419 4.31413471827688
2.29069661010295 2.93634297757443 4.33081099428538
2.29083920877108 2.95306716112294 4.30622031640787
2.28540806201899 2.93804728186962 4.29255406499028
2.28596606503875 2.9501301062227 4.25938763167052
2.28154999547029 2.94603166440184 4.276462296541
2.28191564136745 2.93790611507849 4.28438800258774
2.28439003651177 2.94760495604627 4.26146357881125
2.28208934418599 2.93875019352723 4.25114213592159
2.28174189781895 2.92195028997923 4.21057632767826
2.28228220571174 2.92794645046664 4.26282280178575
2.28347483133815 2.92213254453632 4.31000998728133
2.28179101612507 2.91311238816949 4.32916081894916
2.28242433838713 2.92108913488411 4.31821868998256
2.28151648892094 2.94327957470664 4.33976619338293
2.27979560342206 2.95027406631718 4.33187746560746
2.28142843841548 2.93649236301315 4.26114224049704
2.28254630633289 2.91884286476213 4.28100049997256
2.2831751434384 2.93879874262832 4.34180683383018
2.2825231631665 2.94917910738797 4.32492113388056
2.2801014787498 2.94636009597941 4.32377408058353
2.28158795023059 2.90892337405771 4.37263025595386
2.28027177216722 2.90822702232957 4.35967441434998
2.27920489455931 2.90900385913475 4.3556357302621
2.27916834594411 2.91291005123582 4.30774056574597
2.27746813959436 2.92736394655069 4.31559219404817
2.27724637083693 2.9300860488335 4.33673657057356
2.2771133011048 2.96573878537323 4.30615949978791
2.27575304170948 2.92624725915338 4.30348174391759
2.27549929708338 2.93066566431351 4.30077220527636
2.27147514920628 2.93782495362343 4.3235896489609
2.2708245277273 2.91532628459732 4.28231237146238
2.27140154593404 2.90747940769333 4.26165389789892
2.27403780009149 2.89408537838433 4.30488086451074
2.27427232878485 2.9214004837689 4.3127925878588
2.2734631184766 2.94367869109653 4.31706286714866
2.2704622107316 2.94279164483258 4.31616457473381
2.27050520126934 2.93235339693049 4.28461285814969
2.27024655082872 2.92451958832048 4.26235959508602
2.27164559006265 2.92540264034557 4.24179959960872
2.27594886678439 2.92058282878909 4.27992444744152
2.28209517691146 2.94503306721919 4.22952974938527
2.27915513348026 2.93907483022661 4.22353920372403
2.27918389831912 2.94542000240807 4.26678110910295
2.27472752989136 2.95001080272673 4.29159339433784
2.2787407543134 2.94209680923614 4.27756192013126
2.27655485922598 2.93997634774165 4.28253486457688
2.27440244550105 2.95394148930003 4.23595141087484
2.27343929872134 2.94574935153245 4.23454540815248
2.27064890846285 2.93529168799413 4.19910746377452
2.27077755526344 2.93693243178287 4.19620923149394
2.26548958443336 2.94747165205408 4.23839365804742
2.26752640182307 2.94231625438326 4.25343476888565
2.26905647660023 2.9380276657544 4.29420496135047
2.26632304847887 2.96196396801601 4.28649016105119
2.26490027158286 2.95236492882563 4.22817064266877
2.26792113455886 2.96381843618265 4.22288610195964
2.26836425876257 2.96700101744098 4.21215228591475
2.26821242038444 2.95561461305487 4.21720446893939
2.26878203079675 2.94171580275817 4.25063899828699
2.2715669927114 2.94982886207003 4.29643209171584
2.27210364477423 2.94044356333356 4.30217525618739
2.26840273788703 2.92713442664732 4.28619622396303
2.27299961990315 2.95596587419112 4.29400907148723
2.27480253053827 2.91416777420622 4.30719701257937
2.27500557755691 2.89747710681417 4.30050179164605
2.2758682157708 2.90046791212729 4.29134510371125
2.27297235330296 2.9017638742641 4.26157915820068
2.27549555491615 2.91461803613644 4.25027780401269
2.27879541276799 2.91228403783562 4.27356659611135
2.27886510451166 2.93114661117837 4.33582963169244
2.27538564876798 2.93279850478965 4.3417907876034
2.26713897350454 2.92923991439374 4.377916540414
2.26766968563927 2.95460938886388 4.3823509881899
2.26709638111931 2.97606322685392 4.36666362587056
2.26792298872881 2.96905259596084 4.37604503717985
2.26926831814199 2.96082036410963 4.3894694739981
2.26647910454898 2.96569838119246 4.33884031401265
2.26835404230895 2.96145181280502 4.33281950833461
2.26591542194291 2.95291291950956 4.33445829160387
2.26403116291452 2.93525322040672 4.39816173972464
2.2598164952627 2.93608252878248 4.34874156417165
2.25808261768395 2.93262890438051 4.36695313317007
2.25384381363084 2.92790920921597 4.3725765654246
2.25194624353002 2.91365766719875 4.33481902224839
2.25557372118932 2.92368766589248 4.31879842211351
2.25909436030499 2.94180732268404 4.35202107189328
2.2598985124078 2.93249019996224 4.37221386338994
2.26191918904012 2.91728905222668 4.39473854922886
2.26314886913891 2.91519671535458 4.39481060833183
2.26483614130957 2.89637686823574 4.38920576170905
2.26423197409466 2.90116496072846 4.30053408251363
2.2673984328392 2.91536861260946 4.31038636400352
2.26636614398155 2.9202068004294 4.29582037979205
2.26524383520458 2.95961605627055 4.22860021163955
2.26362620589382 2.96462689857968 4.25517026059615
2.26260338428144 2.93880909369945 4.26882205613597
2.25720439106903 2.93683584441528 4.28110244492359
2.25695409918603 2.93981644868413 4.29993317846015
2.25823458452179 2.94550393050112 4.32570080964769
2.2578249625227 2.9568548851666 4.29535553735299
2.25503182253159 2.95617731801412 4.27144925149633
2.25258749495493 2.96951107059152 4.31185371372852
2.25416605018315 2.97010075039931 4.30629870887705
2.25460814843327 2.9538013011234 4.35334801269741
2.2541211478639 2.95291539123568 4.37108059957446
2.2518165150589 2.95271429284029 4.31403653642785
2.25212319227759 2.94863947642617 4.33447894502609
2.25011954752084 2.96338003731812 4.30832636751316
2.24992094424422 2.9692927494514 4.24816448028983
2.24815807247151 2.93138927475123 4.27499076847095
2.24498761906987 2.94393211191062 4.30984941783381
2.2478563848404 2.93731969727352 4.29226973260962
2.24149334924139 2.93228903990541 4.29188408741343
2.2428961822777 2.94080176724104 4.33739592511556
2.24802639092289 2.92925789881359 4.36656499026247
2.25056954935709 2.92692934468505 4.34627371470255
2.25081236067259 2.91280955865495 4.29777161025312
2.24669300874057 2.92486666251284 4.28503080853531
2.24874439128622 2.91442855808081 4.30778351990662
2.25113919329534 2.92700995979947 4.31370316532294
2.24722922417709 2.96017345365245 4.29742158068767
2.25316899917733 2.94978870645923 4.33894875941657
2.25432145944537 2.95633411840748 4.35043966644098
2.25001001680433 2.96546952819672 4.29986107558592
2.25023375786657 2.95435570249615 4.28190329170213
2.24815965388752 2.95639645044398 4.34999944017969
2.25163522079936 2.95933740506028 4.32485654339334
2.25152625899613 2.94831788960358 4.28568258707261
2.25107690927106 2.94987066381658 4.25553233520318
2.25036234286689 2.91911573656856 4.29060964366016
2.25201845084622 2.93588155997265 4.30953658885293
2.25298346762753 2.94617553064509 4.32502613020715
2.25014773175439 2.93676015746266 4.32924770950611
2.24791472484322 2.94260830177212 4.33672995864583
2.24812950026942 2.9453477032217 4.3690131236937
2.24752521293236 2.94156576099945 4.35296597509042
2.24580505090951 2.94239673070455 4.34663913306531
2.2481227467519 2.92314715333694 4.32939013324248
2.25366355469878 2.90818571253378 4.35616858681762
2.25275256642435 2.89863305146101 4.35806513432421
2.25039331227816 2.91689179881552 4.35756190729344
2.24838526013136 2.91430833333573 4.31445544699522
2.24662897551491 2.92061603627073 4.2586834515526
2.24554473073234 2.93075377792925 4.23263310028738
2.24768598497909 2.93825179598786 4.21271189108553
2.24730902355114 2.92807855572455 4.21274178976202
2.24840492647896 2.93359587771875 4.26912432380571
2.24638508946809 2.9214022300722 4.26957694252308
2.24562839422756 2.92233807571689 4.24704951594063
2.24384854398193 2.941668874325 4.27719841741987
2.25030396574363 2.95045164465005 4.26412880135204
2.24834570546747 2.96648474099683 4.28124826372722
2.24462347825514 2.94826390767314 4.29541357188534
2.24274187149522 2.95055777419325 4.32327238463057
2.2450522422509 2.94700797013627 4.31159860603183
2.24768253540754 2.93393632753992 4.29477322482782
2.24666471320876 2.95482879928606 4.24905589513268
2.24771192866945 2.94299893797558 4.20690528790388
2.24939193091473 2.92420987311078 4.2354522539634
2.24695502284397 2.92926390512773 4.23255410338158
2.24868023805809 2.92054269516733 4.24503086966697
2.24383304423087 2.93637851753995 4.24718245019291
2.24568542304839 2.91789926570842 4.27806321756197
2.24612720489486 2.92808157495614 4.24566546972601
2.24647663182153 2.90264666487969 4.23057451708975
2.2514304940698 2.91437845379845 4.30149652324976
2.25053540952801 2.90028314554521 4.30274130697945
2.24508756190283 2.90507054577663 4.31906198205276
2.24732423778808 2.89537970764179 4.2881136834274
2.24542700710497 2.89241857369158 4.26697558300703
2.24853179726941 2.89995740080165 4.28347252528799
2.2451036046001 2.93155470381258 4.2969772715589
2.24308597132663 2.95115145899326 4.29344518071013
2.24512229650513 2.92594480522397 4.32635681914536
2.24625545693963 2.91229800940881 4.35937669280054
2.24532477455415 2.93302820873544 4.36905259321185
2.24507218308402 2.92526864554303 4.33963512800714
2.24326482643267 2.94651562342846 4.36546348466385
2.24625516660811 2.96599212881146 4.34320548075051
2.2441002611501 2.95281646901045 4.30399282318375
2.24177039670592 2.95583395187222 4.33522223398435
2.24130928846604 2.9555427986386 4.33212837640744
2.24522551951438 2.96852585388649 4.36227410713383
2.24454632841305 2.93937819009295 4.34434205046447
2.24738642972355 2.92809158142606 4.3529145092056
2.24429594080858 2.94391359407605 4.3016119083833
2.24582962320477 2.95862982231659 4.33360985708928
2.24997195879205 2.96033809365675 4.33390472998434
2.24839272904859 2.96018834739668 4.33959272772009
2.24643918630273 2.97691166845748 4.32338296172633
2.24277277176848 2.97285694137761 4.33990629662332
2.23853001816938 2.95730113859556 4.30413983929624
2.23746695464444 2.96271359457789 4.21202843494222
2.23625534966734 2.96912867042344 4.24815488064132
2.2401361484662 2.96166646944743 4.2859502366362
2.23897447054583 2.94740169000509 4.28073785856069
2.23740257018904 2.94870866297525 4.32316927318062
2.23822533404226 2.94040807021716 4.30985013069636
2.2351798194411 2.94470640759536 4.27113005490036
2.23432420713311 2.96047913345466 4.28676239190805
2.23414441379101 2.93252664268873 4.26271257479778
2.23609052750576 2.92436753306435 4.29143488813027
2.23677301728623 2.92992050286681 4.2994991892003
2.23792869982747 2.92366528549691 4.26628221064643
2.23841171591202 2.91064021043053 4.26943334814675
2.2368103611442 2.94467764892485 4.27568180064039
2.23796589783038 2.93335962256182 4.27466269611977
2.23987497086076 2.95086534840974 4.32690274853033
2.24293570450942 2.93418352168729 4.32641676618936
2.24260107816872 2.94089313625544 4.31588472306666
2.23992561639982 2.94461100821155 4.29716731239542
2.24094891593699 2.93417954072129 4.27966238479332
2.24474245003504 2.91960608730554 4.28708020612643
2.24419220861144 2.92489398837539 4.29664194135528
2.24348504305604 2.94666283125265 4.27800590731691
2.24415886517995 2.94716647014348 4.30496111659552
2.24434324403614 2.95690409740662 4.32845467892138
2.24189079459433 2.96380626010756 4.2927420785146
2.24413338055256 2.97994380059241 4.275526601635
2.24694479425138 2.97908944910168 4.33924846224666
2.24167790832483 2.96107148316896 4.36994360399225
2.24263831171243 2.95763677091706 4.36858822456351
