0.1 0.3 0.5 0.7
0.801647646015689 0.991505164134734 1.29513159461121 1.78021776886216
0.857446740095569 1.1895454651235 1.66272975404463 2.40368812978168
0.911269774636474 1.34774798121747 1.91503032770104 2.81162769651697
0.961297806025888 1.46929453135056 2.07915861658164 2.99367189414285
1.00901646700036 1.56159740393909 2.19951147149278 3.1322296484983
1.05274917215695 1.62531862509979 2.26167045060412 3.20083586871847
1.09499870011434 1.68649841308921 2.28913554150038 3.2557994744577
1.13434803810982 1.71249279595853 2.33494985548175 3.35881989019204
1.16813703515349 1.7475017522518 2.36280173192701 3.44437446463632
1.19961023284078 1.78137643092604 2.396725982174 3.54055644065891
1.22951230844619 1.79922551302912 2.4187118972766 3.58186274689178
1.25817099506512 1.81730875668322 2.42108252736851 3.65085987910142
1.28255977262227 1.82674947455381 2.45630169384803 3.75596521538273
1.30742938774894 1.82511977474726 2.47879375568901 3.78869152705252
1.32935222909792 1.84209030342233 2.50499539016081 3.95834356808368
1.35427125161679 1.85372949916216 2.5613947421739 3.98476265687156
1.37439606094461 1.86642924886195 2.59538379607234 4.10414653602881
1.3918245009708 1.86912840252213 2.6363681075515 4.2335773673999
1.40733047111736 1.88037434682057 2.65055715189554 4.23688562581456
1.4192283650324 1.88844595418974 2.69599831065517 4.32825023545666
1.4323380742392 1.8904740746796 2.7379515208451 4.37484715361811
1.44405728673154 1.88174106484765 2.754663052682 4.38019542739626
1.45479459474157 1.89104557989596 2.7711716011006 4.45113759908114
1.46501296078966 1.91527652236097 2.76642984675701 4.53289319594147
1.47453751226568 1.91905022211061 2.82579761581512 4.53864063775017
1.48253055044512 1.93706752231244 2.84467845408252 4.66067103901587
1.49074760815794 1.93526848319801 2.92023745616927 4.7470549345368
1.49486702004996 1.94196885474735 2.96595240937176 4.70905511936448
1.49823644975484 1.95520388569941 2.9716266237133 4.73070764812682
1.50389718207814 1.95209155072958 2.99327894888442 4.74695459297595
1.51043257590549 1.9546610806389 3.00562057943534 4.76723299457198
1.515712395393 1.96468597350986 3.00790877005477 4.79305291155596
1.52011783708918 1.96637637574818 3.00294249276584 4.76443819998074
1.52277962901797 1.97976892170315 2.99439668700403 4.77406439761726
1.5262315332974 1.98308133571506 3.0211057386357 4.75036588910134
1.52931441883686 1.99960524854714 3.04855003182991 4.719414017325
1.53069163737131 1.97527831295843 3.07780474089918 4.71005984429366
1.53414851235249 1.99419551261661 3.09768011888414 4.68472476894718
1.53439762173598 1.99483824298192 3.09502680341692 4.66096908614622
1.53352125182682 1.99751292249773 3.12315833504355 4.64689646413737
1.53569355803302 2.00239998193734 3.11752749308047 4.60479568609622
1.53728690781491 2.00224133501769 3.12036084018871 4.55862903105383
1.53738408528441 2.01315621320031 3.1486416136376 4.50637547195178
1.53879501195487 2.02097227302346 3.14791400083832 4.45705988977674
1.53807296415971 2.02969881265807 3.12756581457684 4.42111358375245
1.53919718579877 2.04075585216073 3.16073669992108 4.41516228357885
1.5374177814135 2.04606282744652 3.19018005432798 4.30986030810606
1.53880801095003 2.05339865114633 3.14039065815568 4.30682579271367
1.53789401332819 2.04562822698777 3.14048190624518 4.22496361514974
1.53924129573368 2.04334079206549 3.13821604802672 4.12658607201055
1.53837859679708 2.04544991954535 3.13161642538528 4.10409922326596
1.5365855254203 2.06199153290675 3.0955241049782 4.02524619152658
1.53746113056174 2.0686873409539 3.11637206170507 3.91712896415226
1.53576424688212 2.06240102806195 3.11706093030255 3.92133191960348
1.53512370043763 2.06306795103275 3.09490064666599 3.84373657065213
1.53755119566645 2.07530840004487 3.0824757319089 3.81581627364517
1.53577113361405 2.07778924128418 3.04371202124287 3.76833434865645
1.53735973020688 2.07678630640785 3.06127632745735 3.68486880170136
1.5359511795787 2.09544472886546 3.07148217210804 3.68300570498809
1.5369622961274 2.10295684691546 3.04917244583065 3.67285140060584
1.53512865457001 2.12238295846123 3.03257865370945 3.68050572068481
1.53635144944581 2.10800142260657 3.01462011978791 3.63659410222237
1.53567765388053 2.11204479439316 3.01272614568109 3.60313462557502
1.53793011403702 2.11164023837835 2.97114482784722 3.56365424356343
1.53702915828904 2.10830236479281 2.96095352793406 3.56908925133054
1.53525899269229 2.11022913524339 2.9228063727957 3.54792119514174
1.53359681235387 2.12015393904544 2.93075883408549 3.53341617297328
1.53352925202933 2.12175843924926 2.90047946914515 3.53332244913317
1.53433619689718 2.13755957238085 2.86932673482757 3.52902861683038
1.53251364610087 2.14478014133857 2.87063378685113 3.50411544172289
1.53215511596811 2.13930388112449 2.82109899401985 3.48508235183379
1.53470422169515 2.13979202546226 2.78890347764423 3.43977854247299
1.53611322278921 2.14362187195877 2.79641580977961 3.48605650193966
1.53582431767288 2.14433515770676 2.75752766535408 3.44240714980422
1.53362240513429 2.15139155809975 2.76152169190333 3.36660714261038
1.53231352297114 2.15704943512147 2.72808058444974 3.2980983217803
1.53035029102493 2.15543413792655 2.6897240303883 3.38679746196518
1.53061841461269 2.13925785601019 2.66336132953873 3.39827466049611
1.53048667461316 2.14393420059654 2.6676466671042 3.36543931066266
1.53163939949811 2.15203383906173 2.6401893586227 3.35131445320327
1.53037397267802 2.14733626970341 2.62822020319498 3.35734529411343
1.53246906263692 2.14111442644109 2.61895430502912 3.46268971366096
1.53184706202441 2.15113711541858 2.62461019716904 3.39416043112976
1.53107209157204 2.15134549041882 2.60136980327445 3.42983612196036
1.53001310686871 2.14845666698321 2.59509975880774 3.40523499450918
1.5302854964665 2.15158010837361 2.59393563114589 3.40830234002502
1.53260050671682 2.14335648849837 2.55853538967281 3.35730278062549
1.53252120666082 2.13579530323461 2.53380899452718 3.33760094637524
1.5341722504114 2.13089428009649 2.55976615697668 3.30094258265418
1.53309271332523 2.14527122918902 2.52666362198447 3.28030327200285
1.53394126631364 2.15641508855252 2.51935327829969 3.27817169164868
1.53300490829392 2.15709743881434 2.51784303715849 3.26989524055679
1.53451515277579 2.15629112893988 2.53078416969117 3.26697641028358
1.53513445770404 2.13534033838217 2.50696775014163 3.3407551154497
1.53432235593515 2.12344916973824 2.47863369588568 3.37690889042806
1.53368393012652 2.11988614445823 2.42399324295363 3.33127526463562
1.53419079372615 2.12618506591364 2.45086387553465 3.3346095660419
1.53069842817204 2.1368551477094 2.42023178678015 3.25863717991396
1.52945523035211 2.1406458837771 2.45517798388278 3.30335448574926
1.52812983069225 2.12123007105051 2.46122047757752 3.31330697714106
1.52958575762628 2.11813223926982 2.45296666408158 3.29260408515174
1.52983402464884 2.12366709815922 2.45136534898513 3.33091898291712
1.53026082566596 2.12186594369484 2.44093172838187 3.30561887482077
1.52915477619007 2.11783765928121 2.44038840526807 3.23474600030992
1.52966819390635 2.1309822020225 2.41868833777326 3.21692804081644
1.52624303057327 2.13350048403883 2.43279956117684 3.18450847248628
1.52727701823744 2.12171157332517 2.41258355522964 3.20996636584579
1.52678612025597 2.11784158755745 2.4159285725815 3.26409400201222
1.53055263548341 2.1177112805803 2.4240225348831 3.22060583757721
1.52977427349827 2.11320996727168 2.4052554515455 3.2045660486285
1.52867132718395 2.11191872803401 2.4058361062764 3.23329793701813
1.5296912834786 2.10197964917374 2.38639774575781 3.25596441613645
1.52874176681611 2.1084030621886 2.37391427105474 3.23688039164476
1.53071414790941 2.10652007436206 2.3569862165054 3.29918398549439
1.52973956852536 2.0955876627165 2.36827637371405 3.2600185457765
1.53097705634134 2.09248217891416 2.35822801257399 3.24625104994419
1.53158984175497 2.10223354733317 2.37934196430311 3.29659351750608
1.53290874028651 2.08930806949972 2.36840518580222 3.30320016127654
1.53102314173363 2.08977951853517 2.34893984315536 3.2642418877066
1.53041620117593 2.08699545797303 2.36330503391799 3.28394443021759
1.52859206080506 2.08255208096711 2.36934304311395 3.27796059622226
1.5272562837556 2.07309048116835 2.39426821206634 3.24519333338809
1.52722779789486 2.08178567403729 2.36663231937738 3.31086144252005
1.5277731691433 2.07806759312903 2.36073985297168 3.30195630311043
1.52897543413426 2.0888692465573 2.34296342692033 3.24220520410981
1.52792155954725 2.07326429293741 2.35883900524139 3.20672313943461
1.52915134734392 2.05915595486717 2.37712073149783 3.21075522389535
1.52900996082425 2.04173535431313 2.37790575900012 3.24069669348593
1.52574760710884 2.03955301236829 2.33623801369446 3.2648110245208
1.52585129492845 2.03605439687235 2.31988801549793 3.30416658582582
1.52851261025315 2.0351040188213 2.32713338431986 3.28445069578445
1.52893995620088 2.03662668052608 2.32929656693469 3.28026562361295
1.52953536318005 2.02114333397553 2.33746440192953 3.2554714922664
1.5288646152234 2.02817398896572 2.32584347767214 3.25231655934713
1.52796170843857 2.02401947259786 2.36115974651096 3.27451679004606
1.52683351534744 2.01879714217369 2.35473861899702 3.31005178700294
1.5284584739725 2.02492432398369 2.31881567079686 3.3748766254746
1.52735206778634 2.01591553362974 2.32596287857807 3.26238094525102
1.52497299808515 2.00290550297463 2.34409073979344 3.30467612103526
1.52608061803692 1.98899279020899 2.37736060303085 3.24773386731699
1.52788509276992 1.98695774488926 2.3900002107179 3.28028175435973
1.52672923781823 1.97747308969668 2.37317143820942 3.27674669214173
1.52727107957069 1.96687073756694 2.35810234362304 3.34392577566808
1.52846453884827 1.97896347437417 2.34513509612339 3.32162872132326
1.53053627820928 1.95946634058693 2.36797649461934 3.27550262384999
1.53180179883681 1.95572694784322 2.35412411727751 3.27997000240917
1.53377846875374 1.96415078528887 2.32204552560616 3.29380614352028
1.53421094721488 1.9716077119768 2.34211118691243 3.29150222838699
1.53313433620014 1.97423613257185 2.3234892746625 3.28370477395917
1.5323589461809 1.97514266432704 2.32226371145066 3.26810137377386
1.53025336573285 1.96662576316218 2.3341057677261 3.25628659213616
1.53037787287999 1.94606767436905 2.31268004271799 3.29986635127267
1.53128286203872 1.94684869715493 2.33231241545418 3.28626636111527
1.53148957318203 1.94889479069432 2.35570861516042 3.28403076721788
1.53292312275651 1.95680458889094 2.31811781324517 3.30104396620211
1.53288469607348 1.95196866219889 2.31351263598675 3.24831317091956
1.53208724789076 1.94559527192716 2.30789285532235 3.27053088515048
1.53409690575027 1.9437190857597 2.32342961988416 3.23565371257639
1.53014777063219 1.9455414643737 2.30777022266874 3.26406890597373
1.5303481410589 1.94579916873562 2.30999264159088 3.24988631271188
1.52689865311454 1.94985804410613 2.33909694309942 3.26806776420391
1.52796712482926 1.94537289391601 2.34738859164386 3.22757701855996
1.52780438962027 1.93220007068889 2.33651556387822 3.27624214410073
1.52681766030437 1.93215898829305 2.3377444337297 3.28902598762624
1.527430214233 1.92498642718399 2.33637984194143 3.27682181964286
1.5279114001019 1.92333916396935 2.33689584050186 3.28165869025824
1.52997102148783 1.91853499401792 2.29910012714876 3.26946543442815
1.52727485122672 1.90895588206371 2.3022381263191 3.28524623532994
1.52761146526273 1.90907964211881 2.31815426185797 3.29533667583132
1.52842892443702 1.89494843063262 2.29782563358899 3.27016255267271
1.52828217044557 1.89193417145582 2.30139149285585 3.22738392696377
1.52754643833472 1.88714493688929 2.30446239532184 3.2525458368024
1.52930807502884 1.88744076281052 2.29673201830323 3.25346539768898
1.53077186228103 1.89520560495149 2.30012131366907 3.24703283679101
1.53226540479256 1.89444945172032 2.31289598743195 3.24547779869822
1.53009115271634 1.90867166481388 2.2986260677891 3.25410932235548
1.53072313340412 1.91810730900636 2.30146418609256 3.22757003693471
1.53082935524314 1.9040596904326 2.32923897428116 3.27691950600747
1.53062336217228 1.89197182920461 2.33972222419575 3.27731760302543
1.53222287904119 1.88362573751268 2.32291727588352 3.29399047117853
1.53073033748189 1.89105508459916 2.33937472358294 3.28598527002328
1.53120528787065 1.8785028297079 2.3187456567197 3.32726840176851
1.5312266550759 1.86028421652642 2.30635835288351 3.292994277214
1.53196612342552 1.85633725728218 2.32116555569595 3.32880137005418
1.53037831793682 1.86081901980046 2.30687878179171 3.25456737762522
1.53079410454928 1.86752240814832 2.27066523477894 3.27915934595745
1.531470240636 1.8752172178148 2.30979734870892 3.21475072232802
1.53036860908222 1.86978904446327 2.29927326823286 3.21016756461917
1.53126950274002 1.86917440433139 2.28595275003309 3.24910532572
1.53147836127944 1.85476374197587 2.27342783247523 3.33999321478369
1.53109324853745 1.86173013297135 2.30025162727505 3.33403892689949
1.53039988942457 1.85798364238595 2.30704687987868 3.29070458507816
1.53052114317631 1.86759693544227 2.32119099856119 3.29382088227739
1.52957958724064 1.86320719199047 2.29323307807756 3.27038164137983
1.52765283697963 1.85258622420802 2.26829621080159 3.2769486696377
1.52818969443848 1.84445507871172 2.32697133708265 3.29914876939197
1.53073518983419 1.84984482218479 2.33957218719259 3.29782783329026
1.53030478956423 1.86187732654344 2.34535496790025 3.24123753315069
1.52697112446512 1.86805098475007 2.32200239813703 3.24682148831905
1.52738404548302 1.86579588315817 2.31307374216838 3.26866347978531
1.52606501609138 1.86176611308245 2.30939670055289 3.33568345468107
1.52559006654997 1.85225231331849 2.318617737227 3.31312103009024
1.52561534989503 1.84074064876095 2.33412064784582 3.28130585977477
1.52562685208565 1.85552371165709 2.32290800795145 3.23308932150614
1.52671914783031 1.84923855072479 2.29091252819 3.26872527396894
1.52826219835777 1.85995414476846 2.32268981237496 3.27424480114994
1.52907136912014 1.86123634661972 2.31317866921747 3.25870197519733
1.53083550766212 1.84635881358481 2.30972313639439 3.24839498827199
1.53149641947355 1.83642217591016 2.3001088596641 3.24938841464717
1.53434662398687 1.85142305670111 2.31059276197426 3.24449790964853
1.53342217217757 1.84341010661113 2.31530257557472 3.22523341817339
1.53335583579604 1.83774863335403 2.29965714353939 3.20302886542569
1.53465309351492 1.84663047745622 2.33959947118222 3.26108972134788
1.53315780196908 1.85553669697231 2.34351454252623 3.28239218678454
1.53104125137658 1.85383191144699 2.35027976261446 3.30729114161593
1.53016381061269 1.8553081708035 2.3138541451023 3.2454884590235
1.53026702768418 1.8551180568139 2.33361667202506 3.18300670987685
1.5296571355616 1.85071884721066 2.36869916829893 3.17939496541049
1.52861907349534 1.8458991497472 2.3587985173825 3.1865592077833
1.528058242062 1.85293451933337 2.35287601275686 3.25034069041729
1.52851011376993 1.85423032025742 2.36315451138343 3.26691266424921
1.52625655013633 1.8615047832233 2.34106122443354 3.20662182929299
1.52709685148434 1.86046655883793 2.32062010639476 3.28317279672329
1.52662268212672 1.86667805947477 2.30693261045874 3.28958425283524
1.52687048356011 1.85352738141912 2.31193763019966 3.24372102871297
1.52691530468713 1.84302905284609 2.32124597855781 3.29337264082692
1.52686254633162 1.83421838346625 2.30285883797031 3.27564633990988
1.52721002655839 1.83262889593595 2.32084175612601 3.21770534767892
1.52765705779947 1.82821063735033 2.30277020992141 3.21508957936231
1.52863198691252 1.84111281225444 2.32056534358653 3.25312154108643
1.5275028251745 1.85018092733892 2.3429351460841 3.26572587291532
1.52669808484948 1.86071258552393 2.36439564117856 3.24855359524535
1.52685604923959 1.85698740653147 2.34858305649278 3.26375410731285
1.52724907573191 1.85058463885371 2.36173609613051 3.26532877329548
1.52707441706308 1.85188504255743 2.37827751789349 3.28340157168378
1.52837906598869 1.85015843219509 2.36376579533653 3.25726700641725
1.52770094602659 1.84742153548705 2.31995808130566 3.29381741086167
1.52857342874985 1.84840104330371 2.31375756931685 3.24255918557779
1.52852722370523 1.8462295059116 2.32582663894197 3.24223123776555
1.52909431537462 1.85221175325396 2.30257156155654 3.27703191482117
1.5301634221407 1.84728769397708 2.31148669644789 3.25034828914989
1.53041978358926 1.8347996454156 2.31217381186461 3.25781988964706
1.52807626254339 1.8387670872872 2.31824191363087 3.24257709461322
1.53087474501376 1.83545749192854 2.33433374733083 3.23473154257768
1.52896214993197 1.83641634931405 2.33018590581147 3.26555847033886
1.52713813712229 1.84401098350594 2.32392977425986 3.2500601689797
1.52729941687431 1.84012277876386 2.30220739134625 3.27811887269237
1.53015846491431 1.83808605724693 2.29965632626774 3.34582064885368
1.52959251213486 1.84182512189433 2.3144542486503 3.35304296744891
1.5294755588511 1.83633891452677 2.34494875477655 3.27007123915429
1.52914402239063 1.838494917144 2.31906763602218 3.24663087961051
1.53075332106164 1.83436477858305 2.351160642414 3.25577279824569
1.52991847007103 1.83604714249893 2.35807749709125 3.30495125315797
1.53006676616187 1.84142132109908 2.35168088148575 3.24364094139902
1.52954119341056 1.83412057104877 2.31061982407104 3.16252486278536
1.53009579334768 1.84317976389026 2.32288978081489 3.21174697380212
1.53247538744334 1.84528252549886 2.31364917421498 3.20428821859195
1.53271513316543 1.84160725103743 2.32210330747365 3.27510459681162
1.53105499961787 1.84568237469464 2.31493763457698 3.29027489865132
1.52992020672762 1.84927161505273 2.31045326567442 3.25942818951203
1.52924083753706 1.85442864226547 2.31132811689068 3.24904599150745
1.52994380680027 1.83713408025651 2.33138301311728 3.26092584038691
1.5311342489253 1.81846092878999 2.33258736347171 3.31671433332037
1.52892059503703 1.82722298812927 2.30409749021861 3.30287948401688
1.52816404463577 1.82364916894022 2.31039368746426 3.24619882874101
1.52672084898416 1.83080361708 2.33734193386756 3.28611820988836
1.52749743254648 1.83514571598746 2.34416482397873 3.25496801042112
1.5289130704923 1.84305344763144 2.34550166910842 3.28371557756927
1.52925174195529 1.85449861320905 2.32168918539784 3.2547989241631
1.53005702136168 1.85559272283453 2.32154619003361 3.24695008255562
1.52768028287311 1.84855640031777 2.34149909759686 3.24979414905346
1.52869087216208 1.84870459556255 2.31314837694901 3.21662482244472
1.5271012876828 1.84772212518432 2.29683057678775 3.27042384919585
1.529032872869 1.84290172203297 2.30069627937595 3.28873217924148
1.52674958745205 1.83982149075016 2.3319043216835 3.26794371911931
1.52815273171773 1.84348137940473 2.34951297363294 3.29474829829981
1.52657533163785 1.84167528938144 2.30832484464071 3.29702748333799
1.52939893476464 1.84347009503495 2.29109691263785 3.26819057469665
1.52859806813062 1.84894391241032 2.29372377283261 3.25547981641548
1.52842943520836 1.84638297159548 2.3179425784409 3.25303888339718
1.52891945983101 1.85538353455916 2.31233056066855 3.23586615910121
1.52889209965903 1.85355036210706 2.3291050867382 3.26287842657706
1.52873219251462 1.83581369178977 2.33542133076242 3.3279142000829
1.52878740482844 1.84073904359894 2.34482182181998 3.29254487780203
1.52914554660926 1.84289022788348 2.35499443847336 3.29295287244255
1.52746596386111 1.84102974475814 2.35082174481784 3.28243423696026
1.52722745203812 1.83679588138416 2.33509326617002 3.31452466573093
1.52495280906088 1.83855511780946 2.34163543459766 3.239272123934
1.52614021418902 1.84340724375296 2.34564834495189 3.24904405310773
1.52645477250683 1.84318098987939 2.32109485152125 3.24033456909292
1.5279577177093 1.83951225234618 2.30372240066179 3.25873301971715
1.52952818422893 1.84308771122331 2.31497937905087 3.26599950383473
1.52773712068445 1.83966286448462 2.31854486632052 3.21880431913524
1.52615327968516 1.84345753496486 2.3460303296011 3.22117622186825
1.52960428218441 1.83845088994856 2.32321806030028 3.27878926442154
1.53039065063686 1.84859153125536 2.32538198647651 3.27357855724904
1.53034042276347 1.84883200010998 2.31789382351853 3.30297067078233
1.53003972526833 1.84142476858866 2.32683443825095 3.30044182577591
1.53065545131782 1.84514343655187 2.33245445466091 3.2689859933893
1.52879141914147 1.83852760401148 2.33898957142806 3.26078784416945
1.52959980141126 1.83672065107415 2.3553296811285 3.23470225268305
1.52948342864643 1.83752428292729 2.32393005852725 3.18321072995265
1.52922689674598 1.82691648992223 2.33317070084979 3.26139287095657
1.53100417451104 1.8231346261452 2.33205061089795 3.25861342080371
1.53282350454953 1.82828274672695 2.33371234647596 3.18067135833499
1.53203057058374 1.81967309892329 2.35011440594115 3.20369913967738
1.53327601151267 1.82550446314728 2.32224572784164 3.27258298589387
1.53222571567674 1.82654257688368 2.33783480018634 3.24836024339571
1.53424961653264 1.83417814578054 2.33637264061047 3.23651157628601
1.53186905482317 1.82609221449199 2.33080473482358 3.28271320301554
1.53363830366036 1.84152291708186 2.32391141592083 3.2691408557046
1.53568422868076 1.85242704335618 2.36402645008232 3.3008435116456
1.53452011147472 1.84671874448449 2.36924731505245 3.24769584768594
1.53301257453749 1.8420265626419 2.38038085805813 3.22172071931202
1.53167205196678 1.83780164510257 2.38821840151298 3.23443130855931
1.53149502215457 1.8433456760608 2.35367140739515 3.29791842328324
1.53050807750541 1.83010261182598 2.35045475500227 3.25797993313541
1.53086604752894 1.82558054935115 2.33679966963069 3.27877795953631
1.53018888660893 1.83701678118732 2.29759259012932 3.25061645813715
1.52747835352631 1.83583415356463 2.30468632378742 3.28559644361857
1.52803968232413 1.83360226186817 2.30726488758308 3.3131465328995
1.52687965782489 1.83414032397739 2.29812407595778 3.24289791344029
1.52755301391312 1.83193538075267 2.30135875706978 3.28291509194782
1.52734012899764 1.82990988324783 2.27508667397874 3.23689906480127
1.5298586818684 1.83291427988115 2.31212695759945 3.26934118476839
1.53016439690704 1.82361255280923 2.31941482362802 3.24628575001715
1.53117963725349 1.82363919443915 2.28481794845063 3.2910230265988
1.53214261455516 1.8267437854464 2.28929230509662 3.26698381004617
1.53306030972171 1.8312563537399 2.3201343828081 3.26638661664858
1.53330264475311 1.83228567912007 2.31992083850131 3.24606400282445
1.53170604170322 1.82741592163189 2.31121333082397 3.23084270240017
1.53135547945733 1.832958727549 2.31758973359208 3.24403548496879
1.53003368251964 1.82697022599319 2.28879534144368 3.27938362340578
1.53087437602446 1.82840319487888 2.31222391586252 3.28621257038746
1.53247589069757 1.83879813337931 2.33335987052258 3.3349799597003
1.5334358498255 1.83563673360293 2.33368916159078 3.27491950154503
1.53545745625497 1.82693732565952 2.31009945100697 3.26640510209569
1.53554063660291 1.82838020749331 2.31978506479844 3.22132448015955
1.53469167825284 1.82833003690908 2.33228575653056 3.26365991623248
1.53396575270705 1.83396971170363 2.35294720976168 3.25238948368296
1.53511519080538 1.83827274305786 2.34507755742771 3.2007871144533
1.53621282987326 1.84187206100609 2.34150828549091 3.21981519006147
1.53872423584973 1.84554090350113 2.3149728158861 3.195553205218
1.53830075682333 1.83795707537611 2.32076847577897 3.2666588300797
1.53813631307414 1.82157597279645 2.31014968627275 3.25620381183658
1.53578441734116 1.83244147163155 2.31744322150507 3.25705421178102
1.53613986845931 1.84148038679631 2.32628622987511 3.26754795230172
1.53813835997754 1.83529601164996 2.33241644594636 3.26465036975474
1.53764108339714 1.83836211242975 2.3139251163075 3.28016110033691
1.53382404113068 1.83486914203328 2.3341984949698 3.28723483550304
1.5346490385986 1.82374245070065 2.31974855132473 3.26334701576924
1.53389753774788 1.83583012701541 2.33753815886952 3.26642688595773
1.53041189506094 1.83628287442943 2.33353816106838 3.26043938633844
1.53079213707221 1.83454753686117 2.34410348627814 3.26337489967053
1.53002226615734 1.84416801986183 2.32505864989427 3.26278351772341
1.52867209973825 1.84528448214748 2.31928887694381 3.29186213445183
1.52865303011618 1.83676596679114 2.30122392585889 3.25212933490128
1.52703332940891 1.8303944840495 2.29499217766016 3.2137377441761
1.52935858267982 1.8386394254793 2.30115981609148 3.28126827132533
1.52916568232112 1.83868410899302 2.27692620550105 3.25115011123618
1.53111093146363 1.83727865402624 2.29641970263666 3.32764942163378
1.52894350195886 1.83496346763117 2.34148442132158 3.3589521933923
1.52852414745271 1.83227330107534 2.35400523631559 3.37825140068696
1.53029566746268 1.83064894957294 2.32204980803058 3.32749729965461
1.52992466595179 1.83987092073472 2.3359646742906 3.27088071308228
1.52936912483852 1.84190723214004 2.31807206726569 3.27114932667408
1.52824851684558 1.82655595791082 2.34075289788372 3.30239622556574
1.52836407390209 1.82623131792832 2.33103564923402 3.2390760162514
1.52880396740549 1.84266613032488 2.31075607990399 3.28668100312332
1.52913782579242 1.83673458277585 2.33791789815531 3.28999666674586
1.52883908591979 1.85011591690823 2.35633211852248 3.26504182405801
1.52828532901784 1.8438437668024 2.34602252641678 3.29751264822648
1.52833580685268 1.84610095234393 2.31953213620315 3.27105260538906
1.52911309997552 1.84335738942081 2.32693748821614 3.26739057516262
1.52835701087752 1.84463446151112 2.31769251450012 3.25097241470923
1.52739750576843 1.84320317849284 2.31072598801424 3.21617198515422
1.52802201959006 1.84647610417694 2.31586030158434 3.28002564765363
1.52714803795581 1.85172974834804 2.32824044931643 3.28108262833183
1.5256775820199 1.85213478717279 2.30744622873656 3.2778609566614
1.52868124248003 1.83160586078019 2.31487612328785 3.26971915768203
1.52880223310171 1.81795585461243 2.33689559723875 3.30391558890959
1.53050238649661 1.83270026403971 2.3148604741406 3.31786491499378
1.53250528101901 1.82745308243094 2.33819262832283 3.27379810829406
1.53221376115056 1.83022243008543 2.33321594292778 3.29800227566349
1.53267704904547 1.82854875851283 2.3390136845401 3.29422090142483
1.53335490740406 1.84111267702064 2.30347509828039 3.28248929648073
1.53227736408917 1.84853477806972 2.31376161798338 3.28081216156254
1.53282210605837 1.83945599639686 2.32003733316401 3.24793488115283
1.53006153960785 1.8409326988129 2.35708399822958 3.28813515128648
1.5308832981763 1.84654916876318 2.32872995525617 3.25572383052956
1.53091831095425 1.83275010776594 2.32162846762859 3.28889513643718
1.52995894190447 1.83107470759949 2.29210969283174 3.27051112043406
1.52984614334528 1.8307854633185 2.27783323876393 3.28469682702114
1.53125023978507 1.82753445615314 2.28805850931978 3.30876387475013
1.531914457747 1.83511467750554 2.30160929297042 3.29850605692559
1.53365837622948 1.8339558581616 2.31717260361342 3.28554913793204
1.53411947203716 1.83652574721312 2.2836407882371 3.34538029681935
1.53416175454456 1.83771744479377 2.3116316038945 3.33388094333057
1.53112817343101 1.82451965869118 2.27123486780714 3.28080030481246
1.53052758403358 1.82773843265103 2.26511482166532 3.27721988662571
1.52879634483904 1.82739256570941 2.28792595160492 3.23892506642305
1.52844171523644 1.83500106322603 2.31381714016634 3.2564080503352
1.52829488314763 1.82141692653031 2.33477041699066 3.23644248156355
1.52983851929975 1.81446454190347 2.38283876747907 3.23693634512316
1.53013577851577 1.8242904351134 2.35428843058582 3.2672973189968
1.53088765905321 1.83224832839701 2.35222425107777 3.27146083063514
1.53235054368627 1.84275682131807 2.31308337718174 3.28963874341248
1.5353882701181 1.84149059776781 2.31110869050986 3.28238631264079
1.53427603444489 1.84863870604574 2.31723805241639 3.31418201919676
1.53205629099252 1.85899149167167 2.31302625311507 3.25370910837692
1.53418672002563 1.84358400020959 2.31528306714965 3.29561164570797
1.53439779771545 1.83169948976709 2.31357816453346 3.30974901084991
1.5344655902974 1.82471518664498 2.34092349717043 3.25087952337347
1.53314061955511 1.83209669251354 2.36529913119886 3.29332627628368
1.5333507422301 1.82949607276884 2.38164365090454 3.27146484229166
1.53013861062359 1.83935806844257 2.33781873123475 3.24905431231366
