0.1 0.3 0.5 0.7
0.00142590384424851 0.00240824965637386 0.00579929036217456 0.0074099767396179
0.00140037651565157 0.00430093161140081 0.00905472947686792 0.0158093052337346
0.00150093745787264 0.0052143452618321 0.0111526544345709 0.0222079835683288
0.00156676975214783 0.0058650493439316 0.0129652839789233 0.0290149652495351
0.00174345338913894 0.00744371417035494 0.0149230247824498 0.0364036780900331
0.00185093998542752 0.00835236405944265 0.0170855202810806 0.0309401034379981
0.00192390186243884 0.00881129036377555 0.0227467975764457 0.0369643526470542
0.00192274012645525 0.00829034606655814 0.025623211427895 0.0396493664731841
0.00193065833861717 0.0107700891301714 0.0257607113072587 0.0411335100796974
0.00193840429996875 0.0112158175938221 0.0252635649373517 0.0401241226756186
0.00225860501166727 0.0100620499559285 0.0222294214452375 0.0365127440596724
0.00206055558793889 0.0106553522413115 0.0237351182828774 0.0392771510229868
0.00213112188593428 0.00983355120463788 0.0226299609333637 0.0401558390043258
0.0025725396845128 0.0107075597920984 0.0269571865452585 0.0456624270726906
0.00265668198815785 0.00969011702107827 0.0271846545201955 0.0403311548455666
0.00266379435718109 0.00949487040761831 0.0221286600479139 0.0421187020255098
0.00263822845655775 0.00935953706001488 0.0251838205546645 0.0461655925779815
0.00235229814133723 0.00864536763540629 0.0203628186867604 0.0537000279815757
0.00263335384473178 0.011605872579986 0.0231155592664798 0.0488973094097379
0.00266002578167225 0.0115357392439701 0.0237782340612021 0.0449412826616591
0.00258702177162469 0.0127394110290364 0.0297260347655567 0.0406554805757342
0.00218761776411845 0.0118203645077723 0.0252098445780938 0.0475750447195472
0.00219305892595385 0.0117381676317667 0.0226674055780871 0.0527525458811531
0.0019316080400332 0.0100892272919782 0.0247821006483134 0.0438086655832708
0.00218495658508621 0.0117463791727279 0.028543150117289 0.0457437925594416
0.00261614411709696 0.0103260831657463 0.0249585998535537 0.0456990774063289
0.0027953012104204 0.0110866610242824 0.0231304185727176 0.0441345806829207
0.00282197711519064 0.011181648308224 0.0266531346688659 0.0503972823283711
0.00269130014625112 0.013398215756115 0.0244088083955866 0.044769276392365
0.00264186854894663 0.0121678914484813 0.0274300920919188 0.0489670692892829
0.00268748153151463 0.0124005052778475 0.0254041762254586 0.0451365432410635
0.00296959948475319 0.0115135382960942 0.0234349317870954 0.0535769933349338
0.00347809070898651 0.0113284626520176 0.0238109075573793 0.060047308452487
0.00345330455109695 0.0113368012022822 0.0262991682293669 0.0597460886445002
0.0033863606541312 0.0115064452239244 0.0279583796411452 0.0560783375701314
0.00320563554893182 0.0110324737445515 0.0266913323730642 0.0570329685062664
0.00312322154729952 0.0110213324738668 0.0294502426361368 0.0631215531420299
0.00279662489701325 0.010529571979018 0.0252460486719183 0.0606879001387626
0.00286313329929801 0.0108506573872229 0.0294317092560868 0.0672340799161347
0.00296500246282068 0.0104986527033387 0.0205484323035697 0.0663020009496972
0.00313674323004936 0.00941214240591093 0.0198374958990871 0.0700352502356208
0.00348558436657104 0.0106494276249518 0.0221773108172489 0.0759393640225976
0.00353061532063834 0.0104019519957625 0.0212772249913239 0.085260697856211
0.00323035444467662 0.011624344834331 0.0251929181257008 0.085463716108093
0.00322252530827116 0.0110820556128402 0.0260039863914987 0.0901965420176829
0.00302771108137815 0.0119241747648613 0.0286070809083555 0.0958504756476725
0.00317869103481368 0.0126672615303028 0.0276338282613196 0.0953987573875992
0.00307536355464039 0.0130775494336281 0.0248909276438214 0.0989119295164681
0.00324356058460374 0.0132855197313406 0.0262720867797025 0.0962093444810264
0.00288120066434923 0.0162942144709521 0.0262505967182585 0.0988524640417568
0.00321722156441047 0.0131761418563148 0.0234978605218352 0.0987638136464614
0.00329075116210177 0.0141174689880433 0.0276798990872185 0.0952480994679628
0.00344983695409871 0.0136647760842656 0.0353810032345832 0.0869316374788386
0.00316513916739313 0.0121453919850098 0.0351345410428143 0.0792080394676267
0.0028092776916111 0.0126328389052229 0.0329099925634896 0.085817829511555
0.00326701548040273 0.0133999342983685 0.0381160400041147 0.0865323965666734
0.00328535617587841 0.0119596069358253 0.0379177398458004 0.0783309625273663
0.00332057605167614 0.0122326777919867 0.0355488338584918 0.0814201939809459
0.00323449032753939 0.0118478786784464 0.0392866270680474 0.0797533624031368
0.00338455343411201 0.0128388275871851 0.0369773713541081 0.0824271957092331
0.00331049628406717 0.0125139865445121 0.0348903290883653 0.0782636262547893
0.00356410651307576 0.0120775356440593 0.0376381205582611 0.0732185826882863
0.00319678833880775 0.0118091305551791 0.0350648699570145 0.0748223311243687
0.0034512941063162 0.0126747327168007 0.0393963207648116 0.0647983864691223
0.00349805520604355 0.0141222638473358 0.0412267909107703 0.0772261445899884
0.0035564183462799 0.0118929198373533 0.0431593570275681 0.0780491320600624
0.00342930991521394 0.0114068987751965 0.041676984773559 0.0820935501467823
0.00343329350197683 0.0131535057458852 0.0383213337403312 0.0731959223910949
0.00332106786025122 0.0121917454855036 0.0435826975361736 0.0756472416870375
0.00351783722860106 0.0105398905606247 0.0454376614966387 0.0790355688700297
0.00353288338451394 0.0101930540365541 0.0405903982840811 0.0762320470130993
0.00331988408660126 0.0128511473352607 0.0451589592652753 0.0776914350012014
0.00303624043208913 0.0117332767765849 0.0497891874218456 0.0827362970078065
0.00324387242534466 0.0124990574425451 0.0490707194199627 0.0751158031984023
0.00388775079409001 0.0127791614731166 0.0508015368287648 0.0743855440986071
0.00405727471030612 0.0127740896033042 0.0483196540084529 0.0685541596143993
0.00408474106768368 0.0135211378329267 0.0499394878575234 0.0634122645635398
0.00374429525279669 0.013824562386606 0.0495017458681982 0.062894502460891
0.00393897164981219 0.011248791588549 0.0493731572153336 0.064657269896898
0.00391932623580499 0.0112466448384764 0.0493307115990804 0.0641551890444568
0.00367119894360083 0.0138104490216545 0.0503585075792178 0.0607681686319567
0.00405709678446103 0.0135386202452903 0.0486678229973473 0.0635704873149381
0.00410623974708902 0.0136076331740295 0.0499084263132297 0.0598430463734646
0.00385847962980387 0.0135184847809703 0.0541387331161382 0.0630709609216124
0.00369896693360179 0.0129617889984831 0.0515052376772686 0.0638621636494351
0.00316576132046731 0.0129527671040289 0.0538142266608874 0.0604543642981245
0.00285296459065493 0.0119855747111311 0.0478821726051846 0.0618764305072634
0.00306864158106135 0.0115355152661701 0.0506745357248301 0.0536884929149258
0.00310605472927499 0.0118033994702741 0.0449046991677815 0.0539837357334866
0.00317363072150057 0.0146867173378944 0.0474609098786011 0.0544452766230738
0.00334463800883653 0.0125217568640562 0.0479983616412739 0.0554164406871614
0.00344345854514982 0.01349176049583 0.0469794455043134 0.0610115042231153
0.00357985520536318 0.0141519869033754 0.0473976061085029 0.0553740181707078
0.00345927000119936 0.0137422014272235 0.046439397172162 0.0554956610079577
0.00339833271490151 0.0141753998717495 0.0469803343157637 0.0515720154016108
0.00339240556573259 0.013571383068398 0.0453432148222131 0.048485468846469
0.00347433491671284 0.0144022780631643 0.0470685572034317 0.0524293587299833
0.00361645426020824 0.0144542083670562 0.0497832438157011 0.0457584580348098
0.003139088666308 0.0170535893714515 0.0496952658218665 0.0487301470405251
0.00295620185011721 0.0160844093156927 0.0441692559372544 0.0514558813883906
0.00300574904911258 0.0154493370491957 0.0434701460742413 0.0502476085369872
0.00293259449573881 0.0172582392377549 0.0429981876567587 0.0512725445741104
0.00292934244002244 0.0173046318934919 0.0384060515900847 0.0433069597467372
0.00317768409811668 0.0178813103033112 0.0383316087013264 0.0494051036700348
0.00367104837901465 0.0189379371009217 0.0369313992946417 0.0457788499945583
0.00361213205985463 0.0188230389675166 0.0394614047464574 0.0532924128845351
0.00334623579059381 0.0198328566411279 0.0400548400603895 0.0536245487519107
0.00343586460711973 0.0205604612469613 0.0377020570883468 0.0528188981465602
0.00327721725622983 0.0203829183749067 0.0338186863420531 0.0477614866572415
0.00289104371132507 0.0186852222373083 0.0361256931871573 0.0441231704793348
0.00326683861911238 0.0184001730992676 0.0384484335416865 0.0491732384210435
0.00322759727867774 0.0183505998760218 0.0395466154170455 0.0465824815980759
0.00337727520394207 0.0190703888462233 0.0391256240772448 0.0477420731534712
0.003301060565914 0.0175547565862049 0.04108574414941 0.0541502008175324
0.00366675403809248 0.0172628062531032 0.0345456731350254 0.0599899123750334
0.00351028041637237 0.0179210119584993 0.0350684726975416 0.0528484873391954
0.00306072251081693 0.0186061696374066 0.0360308248462259 0.0537729435583806
0.00315231518726917 0.0191001263891915 0.0330180007484935 0.0526229030579513
0.00318994069690614 0.0188142590693739 0.0307432493938181 0.0488253978468907
0.00326796458371804 0.0183070592453296 0.0296053963141108 0.046843047626865
0.00325358450545084 0.0186508373910189 0.0340170790518443 0.0458266782033895
0.00325802791103189 0.0205289001833032 0.0329635970080252 0.0517806642627111
0.00317595905500351 0.0206481667518152 0.0361474762575973 0.0456206948613714
0.0029240845233429 0.0225879284117559 0.0333509142213821 0.0377613285142099
0.00296034801235488 0.0220776349708655 0.0300148554406243 0.0408361762855578
0.00306402731639325 0.02131502431895 0.0293757262297219 0.0397242214678708
0.00300349815525652 0.0232443340429223 0.0277980521871208 0.0466135483492762
0.00353410549624496 0.0223591196077527 0.0301957323748504 0.0519031274347581
0.00347825602493568 0.0222750936756128 0.0291346335674216 0.0497361718913481
0.00307952914962631 0.0188249830936429 0.0278353746298624 0.0525975960701403
0.0032042298789954 0.0203740741371342 0.0301110359272541 0.0517006226050966
0.00316796946042472 0.0209614093785415 0.0277049701219884 0.0480154272413291
0.00306437666463077 0.0216451120663499 0.029610614768814 0.0519473269179549
0.00310158357337016 0.0202934083894154 0.0251490863254947 0.0499389358024172
0.00313675189652361 0.0211425994970804 0.0286611712689587 0.0443098975033178
0.00315120109634023 0.0203552058569961 0.0312113723827133 0.0468639913401895
0.0035348430388622 0.0199550303971436 0.0338476155800914 0.0435592582435828
0.00353076540352177 0.0206241390458274 0.0353137681824109 0.0433454460797622
0.00353530775360614 0.0199127604131739 0.035429452844851 0.0438259533895711
0.00354710792705603 0.0194112771206572 0.0313052040750885 0.0468359257268526
0.00335128814114478 0.0196754172043742 0.0305942889342959 0.0502635647145644
0.00366402307794031 0.0208621288273372 0.0348371117255461 0.0415302863271779
0.00337597248801267 0.0219082205420377 0.0309758360436536 0.0383495149256307
0.00370916661702804 0.0225948419878743 0.0276947490701324 0.0444662401520879
0.00346635102484271 0.0224152297786474 0.0295127313055394 0.0461408066321401
0.00321437230956827 0.0193763722748951 0.0327865160060551 0.0437697489085633
0.00332896668367216 0.0212092306558117 0.0278564779573741 0.0366225141931524
0.00366931836189185 0.0215185665327285 0.0262106255680779 0.040187998578365
0.00295190775476292 0.0224023043059193 0.0273257248922546 0.040714944751122
0.00287425411828256 0.0196050282804327 0.023644854032135 0.0424941957916762
0.00334621097617589 0.0206182941693127 0.0234832545138399 0.0420400321015381
0.0033518992232301 0.0213829700173599 0.0228427936457291 0.0533572173466158
0.00349197411726687 0.0211372184623056 0.0220266380776751 0.0455248243038485
0.00303879784725686 0.0192726991193189 0.023009698680412 0.040201418936616
0.0030924308581849 0.0195907994471337 0.0248163988598574 0.0455656653102781
0.00332879313587752 0.0204590149004302 0.0265385766391569 0.0530494563341853
0.00330499858118853 0.0173431800898731 0.0304027504663601 0.0608395341394059
0.00350571530102124 0.0180723670569097 0.0335924416770303 0.0567380098323
0.00334953830676314 0.0183855547432441 0.0252210232392776 0.0524993019189659
0.00350922054724964 0.0188724701309507 0.0242985261439175 0.0568972028128973
0.00361575799264889 0.0187337758910401 0.026749693402436 0.0505842079107933
0.0037478538284361 0.0197613624732607 0.0245264752794481 0.0481916374345393
0.00365593958190671 0.0188891698205865 0.0262677015774922 0.0471794225288928
0.00339961731905403 0.0170984539586383 0.0267189950543003 0.042883941638364
0.00363471088957064 0.0158383526380952 0.028826571742102 0.0437445908613759
0.00328538955166867 0.0176231840971096 0.0264593309716865 0.0401338017863053
0.00329975580356169 0.0181384094325908 0.0270411750656492 0.0466466851297853
0.00327296265689775 0.0178245189003345 0.0230106379813939 0.0483224497848327
0.00343101152293828 0.0177088372440258 0.0249952741984792 0.0456922656235224
0.00318382091958325 0.0174572562933767 0.0199280914587487 0.0394893840662831
0.00299296743583622 0.0161982877568513 0.0253478475984472 0.0421625794973884
0.0031253284331989 0.0161166031096497 0.0263507311047415 0.0432462821068328
0.00301310695801107 0.0169776832733573 0.0215376005410554 0.0430824605795953
0.00336922715049861 0.015808467576583 0.0212581752463466 0.0463036083469506
0.00341123348778173 0.0148740757131579 0.0265083089023826 0.04208392086527
0.00356936779330667 0.0167116696179025 0.0316652208508011 0.0402018163989779
0.00368129593819292 0.0152910515597386 0.0255707470509035 0.0367821143391142
0.00367096297724975 0.0152030081855545 0.0271166060906398 0.0455181932571494
0.00383053722277066 0.0132023104844937 0.0247079727034932 0.0475155433310494
0.00355593528633808 0.0149696986433606 0.0273602607073146 0.0485574836616832
0.00331830289351373 0.0168318313179638 0.0269958149806776 0.0489567975013873
0.00325688983731352 0.0169238062056922 0.0209337762519405 0.0416019566816282
0.00330927678544703 0.0151239788760512 0.0214081745548306 0.0362350789718674
0.00342738787321013 0.016371084032796 0.026847361020927 0.039894627519324
0.00394595425331538 0.0165572273661751 0.0307957879133661 0.0392270777253448
0.00385531741643335 0.0154994704060048 0.0255107781917468 0.0407371791052513
0.00402821774834097 0.015430455453067 0.0265504023700208 0.0433893600910286
0.00388441369726228 0.0150377546155771 0.0245113599087108 0.0453206624329604
0.00386183398344622 0.0156678624380776 0.0301622469905325 0.045759019803163
0.00389567325909402 0.0154171300961636 0.0237065158313787 0.0428188084214225
0.00375875091090972 0.0138403038083449 0.0219220767603691 0.0418829374635563
0.00376968907743827 0.0125331115329207 0.0199147391299626 0.0429795249627242
0.00430042972500452 0.0123103411666605 0.0235908507751598 0.0379657600027774
0.00403370221051066 0.0120177339778613 0.0286984793433113 0.0396144174607177
0.00389889971248135 0.0125688290565022 0.0269700369403566 0.0441664358066478
0.00352261886348852 0.0133298135723606 0.0247408565213845 0.0502689634161344
0.00371974057580643 0.0138835675419343 0.0240511409802925 0.0519010801934758
0.00356579738309639 0.0144619369571432 0.022061018517737 0.0446104795509563
0.00349659372206131 0.014644098878648 0.0231187955027814 0.0412982982406399
0.00372917762526144 0.0120030063630079 0.0243008726248267 0.0498480468671867
0.00341396982858154 0.0135600964752967 0.0238177339370115 0.0470619848945343
0.00337712892529707 0.0139150286590828 0.0262652358036621 0.0428275967774749
0.00323424975089428 0.0149279601089819 0.0198043619063712 0.0444580614816017
0.00333260569323925 0.0140724260534632 0.0235173223538189 0.0441362351778141
0.00376794530740171 0.0111701630157832 0.026334988223323 0.0366876285027328
0.00384228117192472 0.012497562768056 0.0258939231667209 0.0493155806973813
0.00373771138816527 0.0137518747197056 0.0251312065628228 0.0439482281307139
0.0037608807945574 0.0143815701077552 0.0219847547145386 0.0456525512647103
0.0038202319303114 0.0155304408870501 0.0209082091445175 0.0416947299173499
0.00352234100431471 0.0140457152755821 0.0237324849583531 0.0407388274894992
0.00339754547955894 0.0138329080658823 0.0244286426674142 0.0440466386082666
0.00322098865132513 0.0126437867796233 0.0243430285068929 0.0401475746395455
0.00315402985283428 0.0134761574452469 0.0238165868008692 0.0420855504349571
0.00278822176310542 0.0121351872496028 0.0215744644778117 0.0367102377123581
0.00290858006139851 0.0129242452949589 0.0255031731404966 0.0441488027790368
0.00332544549030973 0.0131987980156553 0.026782810544808 0.0501493511840922
0.00331761917587584 0.0118717974528466 0.0245738163561884 0.0498065043938672
0.00388084683930276 0.0119298675325676 0.0245877642907396 0.0515759777082138
0.00408437338156092 0.00993140431171812 0.0236032346681717 0.0511415361854403
0.00353481190463598 0.0112088473425471 0.024600592580299 0.0461949879104639
0.00367786883418949 0.0118247875395162 0.0244443834836706 0.0434889087312956
0.00348919646540874 0.0117177596484227 0.0278639014958067 0.0525417240057367
0.00331056867851612 0.0105808231978028 0.0277776663774034 0.0492893345958997
0.00315299910115908 0.0114746806747157 0.0276230863800341 0.0505486084679975
0.00321449370011018 0.01114770270212 0.0222027707952453 0.0507150128147667
0.00343322013047099 0.0121073823389956 0.0246325716847436 0.0445795230572586
0.00366643505269105 0.0114107127937269 0.0226568375689631 0.0445286138237312
0.00366334239028956 0.0110530287713727 0.0197540676362093 0.0573821488860367
0.00388208928888299 0.0111725780767303 0.0224596956620604 0.0489932960093354
0.0037280851834666 0.0126494247533922 0.0232404408424104 0.0472405387122821
0.00370822267868055 0.0126748712446182 0.0218310243925947 0.048570631823128
0.00374307815843546 0.0132183511059776 0.0212881784360773 0.0449568907172398
0.00376404114845789 0.0122188887076032 0.0209095248057612 0.0419543224564623
0.00358155554108411 0.00977096347014206 0.024878142528154 0.0509111392554877
0.00361203138518154 0.0124266804620685 0.0242569783660906 0.0495162541460739
0.0038175569411683 0.013370355955262 0.0193738342432244 0.0423177338445365
0.00326511418389003 0.0132534747089726 0.0247535780054077 0.0428582736484033
0.00323321667488576 0.01255300992346 0.0253638138950499 0.0519570540168991
0.00312790136814496 0.0122292184591042 0.0216255565749212 0.0498966298258594
0.00308091360397296 0.0107985781545068 0.0229429120972673 0.0414127143974678
0.0029163067508796 0.0112475796052149 0.0264923953744865 0.0476912178389042
0.00327139020240352 0.0110407798097898 0.0230646218054757 0.0467138847108254
0.00353424335998285 0.0107643328600599 0.0202251311827682 0.0416583869704289
0.00366937536067974 0.0113334956937664 0.0237994347813636 0.042986557576115
0.0037117172567905 0.0118078493782749 0.0209693857150533 0.0447131761864899
0.00356729056336214 0.00980125721374978 0.0255365586805358 0.0410896073237027
0.00365025279902181 0.0119175992802101 0.0233757527910244 0.0443751437684863
0.00358043189117964 0.0111010079077173 0.0216478729922005 0.0453730289325735
0.00366077125098059 0.0101823811320857 0.0230746789343368 0.0454981638856397
0.0039082761627388 0.0104826911680384 0.0247920624140916 0.0443813526290928
0.00374449968102425 0.0117591072183478 0.0263137383508338 0.0460936550725805
0.00387582036062533 0.00982476478531883 0.025247809411778 0.0489316665848577
0.00366688668644755 0.0114176887084551 0.0241289507074538 0.0542529817032411
0.00361883481945132 0.0109183909792662 0.0231281942121269 0.0501733559742464
0.00392960282273918 0.0120872810199835 0.0248265551814582 0.0449055312033205
0.00402419593483908 0.0129856976181965 0.026066116560701 0.0430147814773998
0.0040877778588056 0.011627716031592 0.0230460274469975 0.0419715915440324
0.00378073755963235 0.0114004997505715 0.020372317942406 0.0515242990935877
0.00374527587364944 0.010884428788711 0.0237831801010388 0.0594973574830647
0.00350574806765911 0.0106732148499994 0.0252090672380168 0.058343480000479
0.00341723547709221 0.0118496629463032 0.0248544452851196 0.0449230961285796
0.00337191473437266 0.00906532357437799 0.022124469776368 0.054489260169978
0.00346563641437905 0.0120649495891228 0.0209617548918878 0.0511425616626556
0.00361779385747119 0.0130261086679783 0.0247368822721818 0.0442480905728786
0.00333440712655375 0.0123886320036827 0.0272466710402875 0.0384115728168862
0.0033898551136307 0.0120716737484345 0.0247127552997363 0.0430853014188025
0.00359837420560938 0.0112089242331587 0.024050781755009 0.0478792536318501
0.00409552340218873 0.0111761226230099 0.0256937314109179 0.041500027987966
0.00394713911198828 0.0113740740445183 0.0273404882151403 0.0499887047289881
0.00418726068969389 0.0127725802841044 0.0235456345133004 0.0445198245137177
0.00411209626792846 0.0121600604495953 0.0269985410652196 0.0475534309773537
0.00417202571849793 0.0147855445573419 0.0254371075637587 0.0432238067480598
0.00412262387632968 0.0134812286084346 0.0247336010847545 0.046743047698402
0.00404541606812845 0.0138207052021901 0.0262348496781577 0.0535771501890686
0.00441237941330117 0.0117943775262128 0.0246898030813846 0.0486466602522535
0.00443242584752529 0.0126495963784198 0.0236797894839554 0.0504250682144213
0.00420542563628544 0.0114131110738248 0.0219664482772595 0.0454394131938674
0.00410963013562199 0.0129504432797342 0.0250516623748464 0.0458231117571206
0.00410347534525846 0.0119689139382291 0.0264262316717677 0.0489833013613331
0.00377115696026743 0.0122583231007669 0.028287873243716 0.045737181452815
0.00363561204358305 0.0118115641119274 0.0281056904926614 0.0398431784141588
0.00427508853428609 0.0130578779242991 0.0236605973253388 0.0441992048219959
0.00420668894522101 0.0119572821847706 0.0229602672016683 0.048137380907837
0.0043072905811768 0.0134125715071036 0.0231460724163604 0.0497847214963523
0.00435075213312804 0.0111259052027211 0.0262086585798609 0.0524218470710494
0.0041079679153547 0.0105285479342935 0.0262209025171307 0.0447128125528705
0.00408935266641294 0.00955278023713546 0.0270890119016086 0.0401097819827141
0.00412255527284332 0.0101952974274013 0.0267201212310201 0.0491650713461688
0.00428684388534774 0.0102057755912164 0.0238304974293619 0.046308887304551
0.00394799749562415 0.0107346762581419 0.0256201203733973 0.0458963199895853
0.0038313222006668 0.0105309814450748 0.0298790859368571 0.0409313596461952
0.00407538450876175 0.00994675838408595 0.0246334262282475 0.0435057793757175
0.00406783901779336 0.00989573580490012 0.023407492483417 0.0430140704682359
0.00354916334438394 0.0107403109295177 0.0243377925976872 0.0410544410691845
0.00376362361575612 0.0108147800422695 0.0240594166579857 0.0388370658082509
0.00382382704993022 0.0120725862745588 0.0234012468091166 0.0408551119998672
0.0039133240641617 0.0125131395269197 0.0229415863982243 0.0445918676689566
0.00378150904631519 0.0109091093761456 0.0262539224079408 0.0448898103244978
0.00366968103506457 0.0124234929301909 0.0306411270136314 0.0366581178070053
0.00329408718858573 0.00998829760315616 0.0308397049856559 0.0433561382989424
0.0031962772921877 0.0115330223634645 0.02766888907788 0.0428556206303379
0.00307832644814117 0.0128038359631611 0.0288079273389828 0.0514733912388146
0.00300663652559577 0.0117352780321759 0.0267291079290586 0.0447939692537994
0.00302954274370743 0.0124814544137825 0.0265776121247204 0.0428804327928137
0.0032747179196664 0.0127141008406248 0.0233712397655543 0.0462016450058919
0.00342367108650712 0.0118485098372779 0.0227418759641453 0.0484148145133143
0.00289587187906637 0.0121860762694034 0.0255952563962448 0.0531366522306702
0.00333738961327343 0.0129037601337679 0.0212801756779735 0.0518830255617426
0.00310392996608667 0.0130435143101539 0.0195896576985075 0.0463052496494644
0.00299699941493148 0.0117158554996252 0.0247823897394522 0.0471724273408177
0.00309951013847641 0.0124848064299757 0.0235806958823032 0.0476987937570598
0.00310704218328204 0.0115529242852185 0.0237432754086891 0.0501963019498594
0.00331683247980745 0.0124051250678603 0.0235212183578624 0.0384361012083747
0.00360582270131231 0.0110931061192281 0.0223558992640756 0.0436257055964343
0.00336759708535743 0.0111551333554477 0.0249114998089098 0.0446863258311514
0.00349354306440624 0.0118224721329169 0.0224015230971647 0.0448676796916839
0.00379013983355188 0.0121370294270824 0.0256177800122849 0.0553359634574732
0.00399604412667988 0.0135185374220821 0.0225564902788386 0.0482620241767699
0.00412251265980132 0.012895936336829 0.0243551722577183 0.0492187433934362
0.00413336222927988 0.0108227756787389 0.0235465392830359 0.050082693026114
0.00369845927603448 0.00941100322415717 0.0258629564146024 0.0473108760443765
0.00383210549898221 0.010432143174538 0.0275838290843527 0.0514761983743739
0.00390814354021691 0.0109709598743809 0.0273525385273115 0.0514699615127481
0.00369727373807747 0.0106154286949802 0.0269751400565528 0.0569300978748566
0.00340166493103534 0.0113452893628267 0.0258954956005925 0.0453386682501483
0.00328039675885272 0.0129407851682078 0.0241536284280809 0.047872614538955
0.00318349722969212 0.0131972979905896 0.0252181325183514 0.0391917478761718
0.00340695931996333 0.0124746230354889 0.0265218481386014 0.0457820856662073
0.00313881405676579 0.011696158937268 0.0287000434777123 0.0382982055359066
0.00328943498742411 0.0122418907636113 0.0285318080575643 0.0426360408190617
0.00321603365134042 0.0118532999861785 0.0218076757221404 0.0485377764524818
0.00331693869803744 0.0129988931159839 0.0215254452607702 0.0464565926221253
0.00323126699258225 0.0109854711689739 0.0234615846420384 0.0378286130379644
0.00317343149900021 0.0104458121254774 0.0229314409117647 0.0472745011437756
0.00319733483956185 0.0116637040788466 0.027280608089555 0.045289927050772
0.00329112627579703 0.0113594771537121 0.0284408804105211 0.0403990022099868
0.00308787120085378 0.0103991897517284 0.030062031895298 0.0450157780516921
0.00291578909326779 0.0108994272973796 0.0269317758288223 0.0496195543871737
0.00267562506285807 0.00997273208782617 0.0232298828680489 0.0472612987674575
0.00285288111212039 0.0106412789369949 0.0255343803784863 0.0468313133445179
0.0034188430280247 0.0115304913690505 0.0239015586435822 0.0463681421653956
0.00349662190397013 0.0104676265017411 0.0247065651236936 0.0452614749413447
0.00354203303485301 0.0113800738891306 0.0278136113151655 0.044794227719932
0.00345040669209082 0.0115471076394564 0.0262018697994899 0.0388747341017695
0.00373118343044543 0.0115568498067681 0.0264448444309046 0.052067041476868
0.00363900840514956 0.0114357734010794 0.0277626464953972 0.0433791100614427
0.00350912250524298 0.0118087222846651 0.0286686967896048 0.0382795945547423
0.00310688032096398 0.0111044468781189 0.0243050848617397 0.0341971780565033
0.00310619766679815 0.0120760498802722 0.0215021144149317 0.039173308939649
0.00338858426475841 0.0118759128448368 0.0218779025846686 0.0428432300461316
0.00323468936989242 0.0103851878943077 0.0211002504410349 0.0421089099367292
0.0034839609075572 0.00994988551268091 0.0233553804136282 0.0463314680170297
0.00331238224530247 0.0122765667339148 0.0222427620842652 0.0532219793951604
0.00355341403558877 0.0104199668920572 0.0243383763269343 0.046931495442941
0.00341981546220778 0.0105897395576649 0.0261727552453594 0.0463368455367883
0.00339125678590146 0.0122644570930851 0.0228811352090638 0.047748295553963
0.00337166524021985 0.0124786216116885 0.0219239251041323 0.04830723366283
0.00329708328339736 0.0115647005971807 0.0242791143565354 0.0489066710122807
0.00294714723144738 0.0119237957119096 0.0186348445611722 0.050569345691602
0.00340117983365702 0.0122794940229545 0.0215848623196367 0.0435761535368048
0.00318097479278312 0.0125746899703793 0.0249473666327598 0.0426501702250738
0.00314629336349618 0.0107654421299445 0.0242666085790588 0.0464888970683299
0.00337387196235484 0.0106050538451723 0.0240160591715462 0.056767173696774
0.00372376505641943 0.0116030850327449 0.0259857331898751 0.0526233536786704
0.00381175055776252 0.0114013466871476 0.0225884896743907 0.0513254195280517
0.00380128432056818 0.0106908639772407 0.0253447407017845 0.0642171047720598
0.003806608741986 0.0121332811363953 0.0269656812124376 0.044225083541943
0.00347356788189739 0.011094912828502 0.0215009293470177 0.0454683778821193
0.00390081266617867 0.011476001065974 0.0221336538589193 0.0490070607845859
0.00409706706840038 0.0110318648566031 0.023537372481748 0.0424516786720771
0.00411168337808584 0.0105434820128709 0.0263609953312159 0.0464691330161993
0.00408550841833493 0.0118901253971281 0.0249200483738401 0.045012845701159
0.00395110238996862 0.0128131782089888 0.0264246276946371 0.0456179931539892
0.00426593880914051 0.0120732011572436 0.0219818983395978 0.0518128401069186
0.00390375956721636 0.0114349240629615 0.0217318094101959 0.05006828003379
0.00342753691803837 0.010251916499638 0.0262296323820326 0.0458908195051647
0.00343288944348145 0.010483236922969 0.0243664532502764 0.0414123032475111
0.00338964618467547 0.0125123465129838 0.0235886369298796 0.0377212169181857
0.00363143366726552 0.0134470324637521 0.0234959131144526 0.0436727046572889
0.00352601695120122 0.0128720264220509 0.0277301353342446 0.0528463793048863
0.00357399586124783 0.00949437139258848 0.0246301580497835 0.047078901316944
0.00371828108616501 0.0094868371299872 0.0247150524958752 0.0418001153230373
0.00366558589268262 0.00945732495535527 0.0224880009013658 0.0456125175669986
0.00412826947418962 0.010426055730306 0.02214909496816 0.048520262135406
0.00395163462611505 0.0116710914570748 0.0279963926634176 0.0498231135773978
0.00426223799414257 0.0107435448240326 0.0284412011122362 0.0493290599748688
0.00380607692730745 0.0116088350795633 0.0226329138053593 0.0495905137644485
0.00354142485639581 0.0116466285405429 0.0230602381714484 0.0442473333154819
0.00351745933694293 0.00952349559016065 0.027064060692461 0.0429692779454076
0.00336599407362452 0.00969919543389459 0.0261231277437232 0.0463033486092317
0.00316698135470036 0.0111324039098814 0.0226800522380088 0.0466077748344636
0.00308204021581695 0.0111737594401088 0.023574187686349 0.0438726191372409
0.00353254575723172 0.0115328351805317 0.0252487561410053 0.0452946219748006
0.0032165093757426 0.012001063139396 0.0262663078581339 0.0447800824638283
0.00349358059333385 0.0113212090561362 0.0254520507357979 0.0431374366437818
0.00341324344332385 0.011693444780981 0.0235908241966802 0.0472499951569882
0.00357051889862592 0.0120070893502837 0.0266081325537394 0.0416338345683358
0.00355312434402156 0.0125017661997393 0.0248351988565892 0.0389494050344612
0.0039733675774005 0.0101487422013519 0.0210053930074685 0.0488193630667204
0.00376209516696822 0.0101803714401925 0.0226717386017886 0.0485628854391532
0.00369263833420924 0.00876342122973321 0.0217472228654529 0.043894321285977
0.00355356328120594 0.0107608639124073 0.0254243405742737 0.0458538146231279
0.00407983066618437 0.0104946123180778 0.0246350561920571 0.0551395780931066
0.00379481116255826 0.0119977908800715 0.02248257483577 0.0501368956349749
0.00372521369743079 0.0122005222107096 0.021915304005169 0.0511713487280058
0.00359410847334313 0.0135752044086299 0.0234385152019323 0.0498541299815128
0.00355033388420955 0.0099947492388436 0.0223725128404801 0.0450772827368259
0.00381356134739822 0.0112845613531863 0.0201861453498609 0.0426155052243193
0.00380891754602791 0.0108981831145447 0.0220664096043961 0.0434017998031718
0.00390897064652411 0.010173534633901 0.0203412782257321 0.047364833533192
0.00403957267654088 0.0108099239577428 0.0217358392080384 0.0493471685836077
0.00361785443222678 0.0120021074652875 0.0245014518043733 0.0490378316149221
0.00364041943100539 0.0117761099621199 0.0244592529574948 0.0499260225980649
0.00331540509754201 0.0104767513417096 0.0250124003551669 0.0409848188246902
0.00343740359579052 0.0124115778974638 0.0199186592026582 0.0432768192746442
0.00372262606734991 0.0106629591994823 0.0257301856934697 0.0467660159968272
0.0041283368214203 0.0112005836944284 0.0214660994435007 0.0417095755730671
0.00424514187889404 0.0122536364817698 0.0271557411920534 0.0440954184355488
0.00424666322834739 0.0115071937067898 0.029795475510031 0.0386659408708554
0.00381071267336384 0.0111715431538731 0.0204454522239702 0.0373131644637861
0.00351683696857308 0.0116501526205342 0.0255969199907312 0.0401554672336991
0.00403238180794998 0.0117702343429317 0.0202892961838476 0.0453099864437312
0.00409994104912187 0.0103261780776468 0.0216373831560265 0.0478389982679064
0.00420796170424248 0.0108322556119271 0.0284237603156195 0.0477088931676569
0.00419091882066402 0.0124925278180613 0.0255219255604042 0.0448677444254907
0.00403157226306305 0.0110338843869263 0.0224305076727699 0.0444179359417125
0.00434790953278448 0.0111396484603786 0.0260514073269896 0.0452729136934635
0.00399277467502175 0.0115588241048726 0.0278102557304451 0.0446588807859607
0.00397648721855618 0.0118356659058048 0.028197367858261 0.0506517612441561
0.00358208384788592 0.010800321867244 0.0263681045506237 0.0464971905123184
0.00368009906325387 0.0113928900339833 0.0242970672343257 0.0504309169066707
0.00375151547381042 0.0141958253911508 0.0234711703767023 0.051849326677082
0.00369391837807422 0.0128736744974597 0.0246311366947369 0.0512485049044754
0.00382408069878847 0.0126600749083219 0.0325902024504135 0.0498340669483344
0.00355276858081479 0.0123499526937144 0.0257935482998578 0.0461141422458122
0.00323161243498296 0.0121391983318598 0.0261372547395515 0.0440948166724634
0.00332960711525517 0.0111287777470085 0.0308131345695771 0.0490680951124321
0.00335025801705162 0.0119589038162652 0.0295374345953534 0.0426699138250359
0.00341716224188528 0.0117834868813025 0.0303732959086545 0.0402460558547961
0.00338938106828639 0.0115801567157238 0.0281105816167103 0.0489091541087718
0.00370283261582449 0.0108714190251063 0.0258191865689009 0.0505555248267217
0.00363217626462011 0.0115280458779421 0.0273901218338053 0.042745210484529
0.00357329366035303 0.0110449167447794 0.027115183216491 0.0472638097479319
0.00410545144800665 0.0126203854419167 0.0260876636283164 0.0592394149099275
0.00360840128299612 0.0137323554113234 0.0240882992700951 0.0491787706402288
0.00343285178365895 0.0128402722770273 0.0224862812373842 0.0530623357793066
0.00334296491577406 0.0126931254130104 0.026391088608838 0.0533012263646886
0.00335596071310592 0.0120514257157659 0.0318914385586618 0.0486646042004182
0.00380556597143277 0.01077380527402 0.02825342145533 0.0495130820421435
0.00340289441523677 0.0110273545018878 0.0299495894713445 0.0493234515096707
0.00339167944855559 0.00815553314837169 0.0241031357619754 0.053518963380274
0.00334192628589677 0.0104670982219988 0.0242901831827295 0.0515351594156131
0.00346765612805149 0.0109035371245547 0.0298148347358827 0.0519963792461884
0.00348982885815943 0.0123203771261591 0.0245625204144762 0.0497152496913292
0.00347106167671258 0.0114076081842473 0.0237919144657246 0.0458889139504027
0.00353262564220278 0.0115583597187947 0.0283280075229322 0.0480587222724486
0.00340315666628026 0.0131759642274395 0.0269480182712604 0.049168572771327
0.00374253087560144 0.0156441132441079 0.0257803548906643 0.0563689747922583
0.00362892442978368 0.014471016922355 0.022065911640068 0.0537222316840299
0.00353049804692237 0.0141125802509357 0.0230254352445063 0.0509286276510246
0.00341449611359277 0.0128136931007341 0.0250812423574156 0.0489827338374849
0.00284367386765103 0.0129752202203983 0.0275158224832683 0.0411275248744102
0.00284690463600947 0.0135676698217889 0.0276923548887983 0.0569997401370406
0.0029799138254905 0.0117680218690584 0.0267618387940985 0.0506136449582609
0.00298947886797081 0.0128000873206243 0.0251972061600943 0.0440385190117363
0.00313849852085325 0.0131506408340749 0.0255883528844578 0.0474344881405493
0.00286318148466742 0.0137959149024076 0.0230749058212189 0.0397723237281336
0.00298314944465741 0.0163034623675931 0.0274606526838688 0.0481652302214552
0.00320419274534561 0.0138661995527138 0.0270970207850319 0.0377237172644924
0.00290585414907535 0.012574613521612 0.0272590406076415 0.0389860839160494
0.00295931244533627 0.0134338317338622 0.024785258122906 0.0469343282250683
0.00326496683469045 0.0116006478289062 0.0204116831237886 0.0346664505912389
0.00349533697459031 0.0110920870592031 0.0246059115916617 0.0399362664235988
0.00375510329503486 0.0141813793743218 0.0266135571673876 0.0432468050562004
0.00368402157265717 0.0131018629711223 0.0261134706681709 0.0430580753569577
0.00333004944370792 0.0129908135480336 0.0281133522935072 0.0557928035258098
0.00337183617576051 0.0117788163119138 0.024484818882297 0.0595815755913681
0.00349927703888215 0.013460264471177 0.0260720521063161 0.0423724998688308
0.00354444716857805 0.0148192786788321 0.025437187455672 0.0524082891522226
0.00327803519781113 0.0133224067504486 0.0262564316641139 0.0406957399258966
0.00369687180286314 0.0116971157993464 0.0278600853560092 0.0331957039646719
0.00383827259476107 0.0127440762863516 0.0284445780336045 0.0407243154731193
0.00384161890116515 0.0110870717824963 0.0289220987903815 0.0336791190544459
0.00369319374756225 0.0120752272767457 0.0256573908197546 0.0419953363071919
0.00387459546604305 0.0123009103636103 0.0274706169073634 0.0532413729654461
0.00383454374234813 0.0136034585150943 0.0246229310990771 0.049300855588462
0.0038176073778317 0.0123097546514744 0.0222378727187366 0.0476876350484048
0.00371371705169735 0.0132700684721247 0.0220256059420846 0.045942265641148
0.00396354313883077 0.0123573078671312 0.0220315540930924 0.0522698511811432
0.00377743893082746 0.0113193409149702 0.0249180809577973 0.0461310227104008
0.00396654383214708 0.0112218908351771 0.026976219128397 0.0497694808203912
0.00408421045063499 0.00999913587992742 0.023348382716568 0.0458947217108143
0.00392747269180585 0.0116776887063363 0.0268333513706553 0.0530176062788355
0.00374518421891483 0.0117748081073789 0.0240291450330213 0.0503856845179437
0.00353162572811536 0.0110423782928826 0.0262963208857922 0.0411592583667504
0.00365560048991027 0.010701445639511 0.0265759805478048 0.0406992562617622
0.00324948245900938 0.0113031819853591 0.0273036593434412 0.0378664118534604
0.00356960021577657 0.0122648068759197 0.0228672665067701 0.0440707402721004
0.0037382046514255 0.0126229800630339 0.0263852832258778 0.0472776013421132
0.00352046092334979 0.011952332333672 0.0240744351739291 0.0477061549310165
