-0.214208 -0.296588 -0.162626 -0.238078 -0.226222 -0.213512 -0.247211 -0.249311 -0.315239 -0.180923 -0.263994 -0.184444 -0.238708 -0.256152 -0.15308 -0.255831 -0.299679 -0.214348 -0.259797 -0.228785 -0.223176 -0.261881 -0.310936 -0.274713 -0.203666 -0.29347 -0.251309 -0.253595 -0.246143 -0.191778 -0.199494 -0.208542 -0.276783 -0.200553 -0.223743 -0.237492 -0.274369 -0.219079 -0.207414 -0.220933 -0.180533 -0.230868 -0.205156 -0.230162 -0.241671 -0.269919 -0.146583 -0.17456 -0.220444 -0.26329
-0.170391 -0.199158 -0.121796 -0.216152 -0.198243 -0.218576 -0.196593 -0.182818 -0.170884 -0.126629 -0.221672 -0.146467 -0.189469 -0.18246 -0.144127 -0.209765 -0.157633 -0.164365 -0.228732 -0.16953 -0.162598 -0.234305 -0.196108 -0.166018 -0.237115 -0.266416 -0.171545 -0.175292 -0.223669 -0.149923 -0.185193 -0.155737 -0.205213 -0.184992 -0.138031 -0.212478 -0.191313 -0.184838 -0.187721 -0.160284 -0.17965 -0.193443 -0.140022 -0.156014 -0.149236 -0.173372 -0.130162 -0.134902 -0.168202 -0.189082
-0.139488 -0.156517 -0.136237 -0.170013 -0.188529 -0.162907 -0.152243 -0.169694 -0.164657 -0.125759 -0.215621 -0.137778 -0.166753 -0.130833 -0.11515 -0.180418 -0.161131 -0.152374 -0.231852 -0.16791 -0.141467 -0.16796 -0.14432 -0.143331 -0.240825 -0.234432 -0.124542 -0.162213 -0.217257 -0.140443 -0.161912 -0.133311 -0.173633 -0.130239 -0.138516 -0.173065 -0.185786 -0.175051 -0.164264 -0.125966 -0.198125 -0.147081 -0.146997 -0.156566 -0.136931 -0.183606 -0.12278 -0.120685 -0.152578 -0.169585
-0.137802 -0.13818 -0.137786 -0.160664 -0.134443 -0.139061 -0.181598 -0.199317 -0.151756 -0.119102 -0.163144 -0.137991 -0.154421 -0.131413 -0.106162 -0.170962 -0.154189 -0.143702 -0.197256 -0.172444 -0.109827 -0.149373 -0.132683 -0.135234 -0.22356 -0.239209 -0.115149 -0.148266 -0.20184 -0.133025 -0.144272 -0.12307 -0.174183 -0.120736 -0.125687 -0.158965 -0.177823 -0.156773 -0.137904 -0.126808 -0.152142 -0.141855 -0.124597 -0.16008 -0.128097 -0.160438 -0.126911 -0.112153 -0.147405 -0.131793
-0.129984 -0.148059 -0.136175 -0.149229 -0.126509 -0.131702 -0.158963 -0.14182 -0.132142 -0.124674 -0.134509 -0.122832 -0.143018 -0.103922 -0.098792 -0.153385 -0.143259 -0.138561 -0.1893 -0.174692 -0.110281 -0.147224 -0.132899 -0.125984 -0.165452 -0.202805 -0.100025 -0.141196 -0.19951 -0.122549 -0.138047 -0.116184 -0.157905 -0.128307 -0.132116 -0.143144 -0.176153 -0.153967 -0.130672 -0.123998 -0.153357 -0.142196 -0.139577 -0.143714 -0.119699 -0.138988 -0.12503 -0.108195 -0.135036 -0.128369
-0.121322 -0.135626 -0.138497 -0.136624 -0.129478 -0.138515 -0.159395 -0.131508 -0.120201 -0.138739 -0.122012 -0.115592 -0.13758 -0.105997 -0.114015 -0.11987 -0.144944 -0.12625 -0.182876 -0.169416 -0.104733 -0.142776 -0.136529 -0.114898 -0.151483 -0.174957 -0.089785 -0.137713 -0.197759 -0.120622 -0.129395 -0.12215 -0.142648 -0.12575 -0.129709 -0.136784 -0.187749 -0.162664 -0.132208 -0.12468 -0.157866 -0.199078 -0.12683 -0.137885 -0.119262 -0.127679 -0.118509 -0.097663 -0.134074 -0.135885
-0.115701 -0.131279 -0.136493 -0.09191 -0.129424 -0.132454 -0.141126 -0.12216 -0.126377 -0.118373 -0.116909 -0.094864 -0.137087 -0.10368 -0.101793 -0.118011 -0.147698 -0.121952 -0.118605 -0.175387 -0.105463 -0.135804 -0.135039 -0.116349 -0.1413 -0.160932 -0.091675 -0.134763 -0.195255 -0.117684 -0.132462 -0.120812 -0.143857 -0.105448 -0.119395 -0.134376 -0.149982 -0.153467 -0.130093 -0.119197 -0.137448 -0.136601 -0.127608 -0.113279 -0.105786 -0.125086 -0.124827 -0.096081 -0.153921 -0.127298
-0.118994 -0.129335 -0.137532 -0.09041 -0.126936 -0.129352 -0.123764 -0.107702 -0.120747 -0.119177 -0.119045 -0.098395 -0.133577 -0.103341 -0.106995 -0.122503 -0.149177 -0.123763 -0.121892 -0.166765 -0.107708 -0.137236 -0.129666 -0.119625 -0.130347 -0.151325 -0.089734 -0.132801 -0.192196 -0.118879 -0.103823 -0.124574 -0.140399 -0.104145 -0.121528 -0.136658 -0.144332 -0.146828 -0.121607 -0.116826 -0.135461 -0.140433 -0.123733 -0.122968 -0.104547 -0.116883 -0.120849 -0.094111 -0.150435 -0.126665
-0.112083 -0.112848 -0.130909 -0.090551 -0.126027 -0.123583 -0.125101 -0.109944 -0.107549 -0.118788 -0.112493 -0.087731 -0.12928 -0.107597 -0.108588 -0.121818 -0.142867 -0.12692 -0.124459 -0.150125 -0.102317 -0.136764 -0.128463 -0.120694 -0.135105 -0.126842 -0.090238 -0.125751 -0.185324 -0.117685 -0.1052 -0.120845 -0.131378 -0.105264 -0.121399 -0.115012 -0.14076 -0.141177 -0.123322 -0.114637 -0.139104 -0.137653 -0.119744 -0.120663 -0.114474 -0.117504 -0.113844 -0.101095 -0.151328 -0.12034
-0.11803 -0.118762 -0.1253 -0.092871 -0.126455 -0.12908 -0.125211 -0.108799 -0.102701 -0.134 -0.110628 -0.090408 -0.129371 -0.104585 -0.107031 -0.12096 -0.141519 -0.114244 -0.110042 -0.142721 -0.101154 -0.133382 -0.110285 -0.117059 -0.119075 -0.113745 -0.090644 -0.114147 -0.135368 -0.115001 -0.100593 -0.123092 -0.128212 -0.108262 -0.120701 -0.113807 -0.135098 -0.142981 -0.115471 -0.10551 -0.136188 -0.131145 -0.116809 -0.109889 -0.114047 -0.115981 -0.112324 -0.093642 -0.131757 -0.108282
-0.114802 -0.117255 -0.123943 -0.091478 -0.128965 -0.131667 -0.104815 -0.107922 -0.105604 -0.1242 -0.111939 -0.094599 -0.118672 -0.101877 -0.104672 -0.123956 -0.143297 -0.113714 -0.106921 -0.140998 -0.095545 -0.134312 -0.100307 -0.098942 -0.118407 -0.118349 -0.087697 -0.113157 -0.116819 -0.111959 -0.100914 -0.121834 -0.130324 -0.104012 -0.129042 -0.114381 -0.136762 -0.13436 -0.121181 -0.106135 -0.132485 -0.120423 -0.117693 -0.110792 -0.112821 -0.115043 -0.111985 -0.108468 -0.129381 -0.114432
-0.124059 -0.108847 -0.116576 -0.090273 -0.108251 -0.126651 -0.125392 -0.106552 -0.106505 -0.123189 -0.101936 -0.088652 -0.116617 -0.099555 -0.106116 -0.120537 -0.141247 -0.114878 -0.108506 -0.141902 -0.103281 -0.109346 -0.105086 -0.100575 -0.118624 -0.120344 -0.088649 -0.111968 -0.109884 -0.112886 -0.098364 -0.109471 -0.129181 -0.104913 -0.116204 -0.113049 -0.136315 -0.130771 -0.11839 -0.104563 -0.122946 -0.114273 -0.1169 -0.111786 -0.105009 -0.118476 -0.109728 -0.094365 -0.129193 -0.112679
-0.118248 -0.106908 -0.11832 -0.088857 -0.109571 -0.126963 -0.099389 -0.110619 -0.111347 -0.118462 -0.101689 -0.089434 -0.118064 -0.098903 -0.098798 -0.118207 -0.140111 -0.117394 -0.103797 -0.140624 -0.102155 -0.108382 -0.108689 -0.100857 -0.117044 -0.11649 -0.093772 -0.111701 -0.110115 -0.112265 -0.099954 -0.110577 -0.105096 -0.103813 -0.109828 -0.114451 -0.145505 -0.129283 -0.118456 -0.108659 -0.127736 -0.103709 -0.117078 -0.122212 -0.103404 -0.12215 -0.114178 -0.094967 -0.133089 -0.109328
-0.118307 -0.097205 -0.115564 -0.090902 -0.097771 -0.125786 -0.09853 -0.105202 -0.114983 -0.114876 -0.098718 -0.089673 -0.111954 -0.098766 -0.092151 -0.117463 -0.138769 -0.112778 -0.106843 -0.134338 -0.101956 -0.109559 -0.105958 -0.098765 -0.118677 -0.118055 -0.089962 -0.112123 -0.10837 -0.111233 -0.098036 -0.110405 -0.102311 -0.105049 -0.111742 -0.106005 -0.13974 -0.12704 -0.112729 -0.111833 -0.126111 -0.09819 -0.114586 -0.122252 -0.100514 -0.116129 -0.106776 -0.092991 -0.09851 -0.106774
-0.115317 -0.094858 -0.115808 -0.086861 -0.100559 -0.124891 -0.099362 -0.104942 -0.09877 -0.117319 -0.095462 -0.08876 -0.113518 -0.096881 -0.091706 -0.11635 -0.137638 -0.113726 -0.10459 -0.133026 -0.103322 -0.112779 -0.106351 -0.099819 -0.117826 -0.11261 -0.089445 -0.108563 -0.106987 -0.111197 -0.095257 -0.116423 -0.100452 -0.104147 -0.105317 -0.103921 -0.145377 -0.127797 -0.113446 -0.102685 -0.131111 -0.097424 -0.110066 -0.120908 -0.101292 -0.118393 -0.10132 -0.107621 -0.100596 -0.109878
-0.112558 -0.092841 -0.116071 -0.0812 -0.096923 -0.123743 -0.100066 -0.107265 -0.101976 -0.119413 -0.093409 -0.089716 -0.117727 -0.097767 -0.091045 -0.113787 -0.119303 -0.121882 -0.100843 -0.126701 -0.099882 -0.108313 -0.099941 -0.101922 -0.119486 -0.115416 -0.08643 -0.110212 -0.102834 -0.110355 -0.096338 -0.11239 -0.104045 -0.104592 -0.101084 -0.103471 -0.137872 -0.123959 -0.111113 -0.099485 -0.122258 -0.09757 -0.117908 -0.118183 -0.098905 -0.117119 -0.102536 -0.106833 -0.099366 -0.103627
-0.111918 -0.09663 -0.113592 -0.080909 -0.094618 -0.127061 -0.096275 -0.113805 -0.103707 -0.114233 -0.091922 -0.088545 -0.114313 -0.093367 -0.090233 -0.114409 -0.114831 -0.116691 -0.101342 -0.12455 -0.095851 -0.11085 -0.098619 -0.102586 -0.117153 -0.115078 -0.088586 -0.113916 -0.102882 -0.110155 -0.101461 -0.108421 -0.103688 -0.107385 -0.096849 -0.101471 -0.141564 -0.12417 -0.111799 -0.096194 -0.120063 -0.096929 -0.112525 -0.118095 -0.097775 -0.114619 -0.095409 -0.108075 -0.090813 -0.104466
-0.112367 -0.096415 -0.10983 -0.082051 -0.096634 -0.124941 -0.098623 -0.110226 -0.102637 -0.113645 -0.09159 -0.090568 -0.115246 -0.088699 -0.092526 -0.113464 -0.115312 -0.117678 -0.098537 -0.136284 -0.097762 -0.112875 -0.099123 -0.102283 -0.106897 -0.114173 -0.081294 -0.107895 -0.105128 -0.11071 -0.098602 -0.104226 -0.096418 -0.109142 -0.092951 -0.098626 -0.141043 -0.128978 -0.106716 -0.09808 -0.113078 -0.102637 -0.110969 -0.116238 -0.101284 -0.110095 -0.093878 -0.10731 -0.095128 -0.10405
-0.108657 -0.096344 -0.099478 -0.086538 -0.092161 -0.119831 -0.097103 -0.110726 -0.101699 -0.110454 -0.089051 -0.08841 -0.112696 -0.091354 -0.094599 -0.115516 -0.1141 -0.115372 -0.100321 -0.126271 -0.095804 -0.11041 -0.098468 -0.105273 -0.106067 -0.113372 -0.087128 -0.109152 -0.101665 -0.110661 -0.09622 -0.095281 -0.098472 -0.108569 -0.096397 -0.100558 -0.142034 -0.126901 -0.103577 -0.099847 -0.117679 -0.097928 -0.110933 -0.116197 -0.0992 -0.103882 -0.09098 -0.094696 -0.091408 -0.103038
-0.110777 -0.092796 -0.099161 -0.088179 -0.0906 -0.11774 -0.09528 -0.111199 -0.101527 -0.111111 -0.087616 -0.088725 -0.113701 -0.090161 -0.089381 -0.116541 -0.11346 -0.111198 -0.100931 -0.124728 -0.096989 -0.106771 -0.098115 -0.100276 -0.104221 -0.111563 -0.08811 -0.106371 -0.103197 -0.11215 -0.097453 -0.096151 -0.100483 -0.106383 -0.096369 -0.095664 -0.125456 -0.126627 -0.086899 -0.103549 -0.116745 -0.093538 -0.108662 -0.108417 -0.095478 -0.106833 -0.090764 -0.092123 -0.092851 -0.103545
-0.109968 -0.094785 -0.096302 -0.088579 -0.093359 -0.117164 -0.095136 -0.109152 -0.09843 -0.110126 -0.087852 -0.087287 -0.108386 -0.089925 -0.091552 -0.116813 -0.114198 -0.112499 -0.098168 -0.125193 -0.097231 -0.104629 -0.093697 -0.098826 -0.107849 -0.111429 -0.088887 -0.109264 -0.104808 -0.113798 -0.09336 -0.098583 -0.100386 -0.108488 -0.097382 -0.09499 -0.11699 -0.120674 -0.094754 -0.098647 -0.116764 -0.095958 -0.115367 -0.10723 -0.087498 -0.105962 -0.089252 -0.091962 -0.088755 -0.104023
-0.109248 -0.094809 -0.096095 -0.08801 -0.08678 -0.113664 -0.096323 -0.11042 -0.100884 -0.107296 -0.092015 -0.088303 -0.107982 -0.09226 -0.101526 -0.112102 -0.113857 -0.111077 -0.096069 -0.118155 -0.10012 -0.09712 -0.094652 -0.0953 -0.108861 -0.105762 -0.087397 -0.108321 -0.102614 -0.114186 -0.093367 -0.099411 -0.098113 -0.109 -0.092859 -0.092273 -0.112112 -0.107843 -0.089449 -0.096469 -0.116664 -0.092067 -0.113486 -0.106148 -0.087545 -0.110205 -0.090482 -0.09314 -0.087313 -0.104274
-0.10673 -0.094734 -0.095208 -0.089043 -0.084068 -0.116916 -0.093322 -0.103885 -0.101526 -0.108079 -0.093016 -0.090082 -0.099595 -0.094012 -0.098403 -0.113313 -0.113296 -0.103063 -0.100473 -0.119831 -0.100117 -0.0984 -0.090643 -0.096868 -0.109223 -0.105952 -0.087879 -0.112236 -0.101349 -0.113434 -0.096938 -0.095998 -0.090861 -0.106081 -0.092928 -0.092185 -0.114341 -0.107119 -0.090579 -0.097895 -0.116704 -0.092172 -0.112827 -0.106084 -0.084762 -0.106837 -0.092083 -0.091527 -0.083135 -0.102641
-0.107382 -0.092873 -0.082874 -0.086699 -0.085221 -0.116934 -0.097477 -0.103505 -0.101406 -0.106932 -0.093617 -0.08938 -0.100105 -0.09219 -0.095718 -0.11309 -0.115631 -0.107544 -0.09919 -0.119038 -0.100656 -0.099823 -0.094457 -0.097174 -0.110129 -0.104699 -0.087192 -0.107692 -0.104666 -0.11314 -0.097189 -0.100206 -0.093361 -0.104704 -0.09099 -0.090903 -0.110746 -0.105073 -0.091225 -0.094542 -0.113686 -0.093018 -0.110933 -0.1082 -0.083393 -0.095646 -0.09826 -0.090156 -0.083929 -0.103617
-0.106361 -0.092526 -0.084158 -0.086651 -0.086558 -0.116682 -0.098677 -0.100771 -0.086207 -0.104378 -0.094213 -0.085332 -0.096761 -0.091497 -0.095703 -0.111298 -0.109905 -0.108661 -0.092833 -0.116208 -0.100326 -0.099468 -0.094071 -0.095584 -0.112698 -0.104767 -0.08877 -0.10716 -0.102027 -0.112714 -0.096808 -0.097772 -0.097503 -0.104838 -0.095122 -0.091048 -0.108319 -0.1048 -0.092364 -0.094807 -0.114594 -0.086648 -0.107758 -0.105198 -0.093281 -0.095145 -0.098787 -0.085066 -0.084881 -0.097227
-0.106677 -0.092642 -0.083986 -0.085877 -0.086626 -0.118093 -0.097021 -0.094273 -0.086345 -0.10282 -0.092798 -0.0846 -0.10291 -0.092554 -0.09942 -0.109165 -0.108684 -0.102221 -0.092599 -0.115695 -0.100588 -0.095325 -0.094857 -0.087781 -0.101977 -0.103441 -0.088971 -0.098828 -0.106051 -0.112963 -0.093544 -0.092965 -0.096104 -0.104423 -0.095374 -0.09097 -0.10923 -0.107198 -0.091102 -0.095434 -0.114725 -0.088992 -0.10652 -0.10328 -0.083957 -0.096371 -0.09515 -0.085208 -0.083302 -0.097883
-0.105453 -0.092527 -0.086181 -0.086083 -0.083205 -0.113434 -0.097871 -0.097017 -0.083357 -0.101987 -0.086317 -0.085358 -0.101635 -0.091854 -0.098464 -0.10492 -0.111156 -0.103881 -0.087497 -0.116509 -0.098487 -0.093044 -0.093323 -0.089652 -0.103468 -0.099927 -0.089461 -0.098949 -0.098782 -0.111677 -0.093025 -0.092092 -0.096773 -0.103968 -0.099223 -0.090918 -0.11201 -0.106843 -0.088566 -0.094609 -0.113968 -0.088207 -0.090854 -0.100138 -0.084705 -0.094928 -0.09664 -0.085758 -0.08212 -0.101446
-0.104099 -0.093591 -0.082225 -0.089316 -0.08446 -0.107108 -0.097387 -0.093549 -0.080817 -0.09741 -0.090192 -0.08545 -0.102841 -0.089485 -0.090401 -0.101565 -0.111748 -0.106116 -0.089973 -0.109085 -0.097782 -0.096439 -0.091972 -0.090704 -0.103874 -0.099071 -0.08643 -0.091432 -0.105325 -0.113036 -0.091212 -0.094161 -0.096293 -0.101797 -0.09933 -0.090187 -0.106841 -0.105082 -0.088448 -0.092633 -0.120315 -0.087456 -0.094619 -0.102171 -0.08993 -0.104134 -0.092653 -0.090858 -0.084056 -0.102297
-0.096017 -0.091179 -0.082016 -0.090536 -0.082262 -0.106652 -0.094266 -0.088876 -0.081187 -0.095412 -0.088766 -0.08766 -0.104146 -0.086386 -0.089508 -0.101252 -0.107309 -0.10559 -0.090681 -0.09679 -0.094171 -0.097622 -0.091118 -0.089657 -0.102696 -0.099289 -0.087933 -0.09409 -0.105867 -0.112561 -0.086597 -0.0901 -0.101091 -0.101173 -0.092842 -0.090632 -0.109476 -0.104381 -0.087336 -0.091686 -0.11738 -0.087816 -0.092023 -0.105646 -0.089582 -0.101444 -0.100935 -0.092187 -0.084798 -0.102586
-0.095529 -0.09104 -0.082006 -0.086855 -0.082995 -0.101322 -0.096288 -0.086354 -0.083427 -0.096629 -0.087988 -0.089776 -0.101353 -0.085971 -0.090561 -0.101642 -0.109939 -0.103256 -0.093104 -0.100198 -0.094852 -0.096522 -0.089301 -0.094391 -0.102785 -0.101995 -0.087312 -0.093091 -0.106072 -0.109061 -0.089836 -0.090778 -0.095815 -0.100476 -0.095193 -0.09159 -0.108445 -0.101686 -0.088258 -0.091779 -0.117874 -0.087329 -0.091072 -0.108646 -0.090853 -0.102878 -0.093689 -0.091137 -0.077956 -0.101776
-0.096617 -0.089209 -0.08407 -0.087485 -0.083397 -0.09648 -0.096271 -0.081441 -0.080988 -0.096471 -0.0908 -0.089817 -0.102454 -0.088361 -0.08792 -0.102966 -0.107846 -0.101297 -0.091042 -0.099407 -0.094689 -0.099282 -0.086173 -0.092735 -0.105138 -0.100943 -0.086072 -0.093654 -0.105284 -0.098829 -0.091911 -0.090817 -0.098636 -0.101167 -0.090683 -0.090001 -0.107852 -0.101616 -0.089713 -0.090987 -0.114825 -0.087682 -0.093329 -0.106096 -0.085049 -0.093711 -0.093136 -0.091015 -0.07843 -0.099547
-0.097123 -0.087827 -0.084565 -0.086369 -0.083583 -0.094897 -0.090832 -0.078307 -0.083429 -0.09517 -0.089234 -0.087284 -0.099619 -0.085548 -0.084528 -0.100824 -0.110778 -0.099538 -0.092924 -0.095701 -0.094172 -0.100333 -0.089061 -0.092064 -0.106617 -0.099822 -0.083801 -0.09562 -0.105286 -0.098096 -0.091637 -0.088826 -0.095784 -0.09433 -0.095797 -0.091719 -0.106166 -0.10298 -0.087299 -0.091977 -0.109816 -0.084035 -0.089648 -0.098856 -0.090776 -0.094532 -0.097077 -0.091008 -0.075282 -0.11051
-0.098113 -0.088557 -0.089763 -0.083377 -0.084651 -0.094959 -0.090644 -0.079526 -0.084296 -0.095504 -0.089481 -0.087151 -0.102965 -0.085142 -0.086155 -0.100133 -0.104349 -0.100414 -0.094309 -0.09614 -0.094272 -0.101344 -0.090627 -0.092402 -0.105297 -0.097963 -0.08604 -0.092241 -0.109181 -0.099786 -0.091374 -0.088815 -0.094894 -0.093126 -0.098442 -0.092256 -0.107005 -0.103549 -0.087502 -0.091599 -0.110288 -0.089564 -0.096612 -0.104221 -0.088621 -0.095647 -0.100006 -0.090217 -0.077728 -0.108135
-0.098091 -0.089522 -0.089777 -0.081487 -0.083973 -0.096094 -0.090497 -0.082654 -0.078852 -0.095765 -0.08892 -0.089349 -0.101736 -0.08311 -0.085458 -0.10123 -0.109583 -0.100046 -0.0935 -0.094081 -0.092392 -0.098643 -0.094581 -0.093731 -0.103892 -0.095094 -0.085822 -0.092144 -0.114396 -0.099275 -0.092637 -0.08842 -0.094123 -0.095914 -0.098648 -0.090546 -0.102008 -0.104963 -0.088257 -0.092933 -0.111524 -0.086844 -0.095819 -0.104549 -0.088617 -0.09737 -0.097491 -0.089147 -0.077706 -0.109603
-0.089222 -0.090119 -0.090418 -0.081662 -0.083138 -0.098039 -0.090971 -0.073927 -0.074282 -0.095979 -0.088428 -0.087519 -0.106226 -0.078107 -0.084493 -0.100287 -0.108281 -0.094383 -0.094341 -0.090557 -0.093694 -0.097681 -0.092899 -0.08689 -0.103618 -0.092709 -0.078754 -0.092979 -0.112875 -0.095217 -0.091855 -0.090911 -0.095239 -0.095812 -0.095229 -0.091001 -0.100458 -0.099279 -0.089393 -0.093367 -0.11485 -0.0886 -0.095914 -0.111261 -0.084196 -0.097386 -0.098373 -0.092162 -0.076916 -0.108438
-0.091201 -0.092836 -0.090527 -0.085293 -0.084007 -0.09738 -0.089094 -0.073785 -0.074279 -0.095065 -0.088088 -0.084143 -0.104879 -0.077864 -0.084083 -0.09956 -0.107992 -0.095201 -0.091196 -0.0884 -0.093445 -0.097468 -0.095365 -0.087547 -0.102964 -0.090726 -0.080654 -0.092097 -0.101254 -0.098156 -0.091504 -0.091119 -0.093757 -0.095885 -0.091733 -0.092187 -0.101907 -0.095847 -0.088796 -0.093238 -0.113746 -0.083927 -0.095694 -0.111348 -0.086113 -0.094392 -0.092346 -0.093005 -0.081538 -0.108325
-0.091096 -0.0894 -0.090809 -0.083615 -0.082966 -0.094423 -0.090042 -0.077586 -0.074496 -0.095552 -0.086576 -0.087057 -0.107163 -0.07914 -0.085207 -0.099489 -0.107172 -0.0945 -0.095799 -0.089252 -0.094238 -0.099168 -0.094422 -0.086835 -0.100784 -0.089769 -0.080886 -0.094873 -0.10018 -0.098923 -0.093976 -0.090852 -0.094639 -0.094379 -0.092425 -0.091398 -0.102495 -0.096319 -0.086561 -0.091967 -0.114184 -0.084765 -0.096624 -0.108566 -0.08374 -0.095404 -0.092132 -0.090809 -0.076829 -0.106449
-0.090356 -0.093518 -0.094681 -0.082923 -0.084148 -0.095437 -0.089664 -0.077809 -0.073254 -0.097316 -0.086096 -0.083811 -0.104949 -0.078361 -0.08582 -0.099443 -0.107048 -0.097854 -0.094683 -0.085946 -0.08808 -0.1005 -0.092773 -0.085951 -0.100904 -0.091351 -0.084598 -0.09265 -0.099046 -0.098689 -0.090532 -0.089032 -0.09428 -0.093784 -0.093402 -0.090109 -0.108239 -0.093363 -0.088847 -0.092564 -0.112861 -0.086143 -0.098522 -0.115547 -0.083945 -0.088467 -0.096481 -0.091447 -0.074821 -0.102319
-0.08891 -0.095251 -0.09433 -0.083383 -0.08514 -0.09278 -0.080981 -0.076817 -0.074037 -0.095447 -0.086241 -0.087072 -0.103588 -0.083783 -0.078147 -0.100461 -0.110398 -0.096009 -0.09606 -0.087143 -0.09187 -0.098531 -0.093596 -0.087112 -0.104102 -0.090835 -0.083963 -0.092145 -0.092658 -0.096878 -0.090697 -0.088398 -0.095165 -0.093559 -0.089194 -0.090917 -0.106382 -0.087588 -0.085757 -0.091292 -0.106877 -0.086099 -0.096822 -0.109788 -0.089183 -0.089501 -0.094591 -0.091664 -0.073392 -0.101389
-0.090309 -0.093575 -0.088168 -0.083948 -0.084228 -0.092023 -0.081895 -0.079221 -0.072644 -0.097077 -0.085492 -0.084136 -0.103474 -0.078142 -0.076468 -0.098499 -0.112773 -0.092393 -0.088549 -0.079374 -0.092699 -0.096537 -0.094282 -0.089183 -0.101672 -0.09412 -0.08165 -0.092586 -0.092919 -0.091345 -0.091801 -0.091791 -0.093429 -0.093499 -0.092647 -0.087766 -0.108947 -0.087498 -0.088408 -0.087904 -0.104461 -0.086412 -0.097975 -0.107033 -0.090757 -0.089256 -0.090208 -0.092799 -0.072428 -0.093787
-0.089323 -0.094051 -0.087584 -0.08374 -0.083675 -0.095541 -0.081584 -0.077963 -0.073192 -0.096458 -0.085822 -0.081073 -0.095513 -0.077731 -0.079135 -0.097303 -0.111484 -0.093917 -0.091168 -0.082748 -0.086693 -0.095859 -0.09125 -0.081221 -0.099312 -0.08543 -0.083331 -0.092424 -0.090048 -0.09364 -0.092242 -0.093292 -0.092813 -0.094802 -0.092309 -0.087761 -0.106859 -0.087273 -0.088743 -0.091866 -0.105441 -0.086934 -0.095901 -0.102871 -0.087646 -0.093316 -0.083908 -0.092546 -0.076057 -0.095311
-0.090383 -0.092549 -0.087532 -0.08333 -0.082466 -0.094124 -0.073368 -0.075074 -0.073171 -0.094865 -0.085524 -0.082258 -0.097059 -0.08047 -0.079683 -0.097489 -0.10932 -0.091979 -0.094564 -0.082729 -0.087923 -0.09493 -0.090612 -0.079173 -0.102274 -0.083462 -0.082036 -0.093306 -0.092256 -0.096049 -0.090394 -0.091909 -0.090255 -0.095086 -0.096501 -0.088247 -0.104397 -0.087782 -0.089259 -0.088629 -0.104506 -0.085661 -0.097642 -0.096095 -0.091225 -0.09094 -0.087369 -0.093711 -0.076751 -0.094147
-0.088727 -0.092034 -0.088877 -0.077386 -0.08288 -0.09627 -0.075879 -0.076314 -0.078339 -0.095814 -0.085258 -0.084876 -0.097442 -0.074412 -0.077413 -0.099002 -0.108939 -0.092752 -0.093755 -0.082917 -0.086598 -0.089347 -0.090741 -0.081581 -0.098619 -0.087648 -0.082865 -0.09046 -0.092091 -0.094386 -0.083319 -0.0929 -0.091101 -0.095692 -0.094442 -0.088331 -0.105947 -0.090021 -0.086044 -0.085373 -0.104788 -0.084986 -0.099014 -0.098219 -0.091977 -0.093409 -0.08434 -0.091148 -0.078521 -0.091828
-0.089379 -0.088587 -0.088684 -0.077931 -0.081031 -0.097299 -0.074629 -0.072061 -0.07309 -0.096779 -0.085224 -0.083455 -0.09886 -0.078989 -0.073228 -0.097669 -0.108137 -0.092023 -0.095904 -0.084611 -0.08748 -0.088845 -0.093463 -0.081311 -0.098308 -0.088663 -0.079356 -0.091456 -0.091598 -0.094823 -0.087097 -0.088369 -0.09207 -0.094337 -0.091417 -0.087371 -0.106874 -0.086452 -0.088658 -0.085607 -0.102511 -0.086448 -0.100618 -0.097423 -0.090594 -0.087902 -0.090497 -0.093652 -0.071844 -0.089542
-0.088596 -0.08782 -0.089859 -0.077302 -0.084342 -0.100706 -0.070611 -0.074286 -0.075097 -0.092757 -0.082801 -0.08227 -0.097515 -0.07825 -0.074283 -0.099637 -0.101604 -0.093364 -0.095367 -0.082656 -0.082382 -0.089909 -0.08945 -0.080987 -0.099696 -0.087778 -0.078666 -0.09045 -0.091147 -0.091829 -0.081071 -0.087153 -0.093938 -0.097926 -0.08878 -0.085963 -0.106789 -0.087229 -0.088276 -0.083509 -0.102174 -0.082555 -0.099327 -0.094364 -0.090556 -0.087179 -0.091356 -0.089652 -0.075392 -0.090476
-0.090122 -0.088005 -0.089906 -0.077293 -0.085157 -0.096821 -0.071203 -0.072631 -0.073948 -0.09673 -0.083347 -0.085295 -0.100499 -0.076847 -0.074765 -0.102941 -0.099948 -0.093211 -0.093772 -0.080282 -0.082201 -0.090411 -0.092426 -0.08155 -0.100061 -0.08984 -0.081689 -0.092761 -0.090395 -0.093893 -0.082673 -0.086153 -0.093287 -0.09583 -0.090918 -0.085658 -0.107515 -0.085511 -0.087374 -0.085016 -0.102534 -0.079122 -0.098393 -0.090321 -0.09221 -0.091302 -0.08984 -0.088991 -0.078157 -0.093587
-0.089666 -0.083749 -0.088539 -0.077614 -0.085025 -0.102443 -0.071148 -0.072943 -0.078774 -0.094777 -0.08558 -0.083389 -0.09897 -0.076832 -0.072761 -0.098139 -0.098934 -0.090411 -0.094474 -0.08103 -0.082594 -0.089272 -0.089373 -0.082083 -0.100342 -0.087101 -0.08205 -0.090354 -0.090616 -0.091897 -0.082807 -0.090449 -0.092877 -0.095917 -0.093946 -0.087377 -0.106949 -0.085513 -0.086657 -0.088472 -0.101223 -0.077683 -0.0961 -0.086253 -0.090296 -0.091098 -0.088816 -0.089797 -0.077448 -0.094118
-0.09188 -0.077682 -0.087453 -0.078259 -0.08265 -0.10165 -0.072619 -0.074309 -0.07228 -0.093065 -0.085346 -0.083843 -0.096898 -0.07521 -0.071817 -0.099355 -0.099938 -0.09347 -0.092888 -0.081402 -0.082525 -0.087598 -0.088981 -0.082633 -0.091874 -0.086532 -0.081369 -0.089798 -0.088905 -0.092054 -0.083009 -0.089522 -0.092134 -0.092711 -0.093079 -0.083431 -0.112787 -0.08098 -0.087934 -0.089457 -0.102909 -0.082265 -0.095922 -0.090299 -0.091963 -0.091001 -0.090046 -0.090181 -0.075157 -0.091701
-0.091721 -0.07883 -0.088146 -0.074894 -0.080797 -0.099766 -0.072158 -0.073682 -0.072711 -0.102478 -0.087316 -0.081624 -0.089878 -0.076588 -0.072352 -0.0993 -0.101367 -0.090904 -0.092496 -0.081203 -0.080557 -0.087897 -0.090674 -0.082472 -0.092883 -0.086789 -0.078894 -0.089331 -0.08559 -0.091948 -0.082668 -0.092928 -0.091472 -0.098158 -0.093271 -0.080609 -0.113218 -0.081038 -0.086698 -0.090805 -0.103737 -0.082026 -0.095388 -0.091008 -0.090095 -0.090626 -0.091545 -0.089393 -0.073868 -0.086298
-0.090154 -0.082964 -0.085696 -0.07597 -0.084127 -0.100415 -0.070595 -0.073148 -0.073408 -0.103949 -0.085274 -0.080251 -0.094078 -0.075187 -0.073781 -0.098443 -0.10149 -0.089639 -0.094172 -0.07937 -0.083968 -0.085314 -0.087637 -0.084138 -0.092575 -0.084742 -0.078172 -0.088874 -0.083409 -0.091347 -0.090071 -0.090337 -0.093401 -0.10134 -0.093166 -0.07654 -0.113494 -0.08026 -0.086157 -0.088555 -0.104229 -0.082582 -0.096924 -0.088165 -0.090828 -0.088968 -0.091581 -0.089624 -0.078297 -0.085152
