0.348000000000013 0.280000000000001 0.268000000000001 0.280000000000001 0.335999999999984
0.635999999999996 0.591999999999985 0.587999999999994 0.560000000000002 0.639999999999986
0.951999999999998 0.879999999999967 0.855999999999995 0.852000000000004 0.96399999999997
1.28400000000002 1.16799999999998 1.14000000000001 1.12 1.27599999999998
1.57200000000003 1.47599999999997 1.42400000000001 1.40800000000002 1.60799999999998
1.85600000000002 1.76799999999997 1.708 1.71600000000001 1.98399999999998
2.16800000000003 2.06399999999999 2.01599999999999 2 2.29999999999998
2.46400000000003 2.38 2.29599999999999 2.31200000000001 2.63999999999999
2.77600000000001 2.66 2.59199999999998 2.596 2.94399999999999
3.08000000000001 2.95599999999999 2.86799999999997 2.88 3.26399999999998
3.37200000000001 3.24799999999999 3.16399999999996 3.172 3.60399999999998
3.65200000000002 3.56399999999999 3.43599999999995 3.476 3.92799999999997
3.98400000000004 3.852 3.77199999999996 3.76399999999998 4.24799999999996
4.28400000000002 4.15600000000001 4.07599999999996 4.05599999999998 4.56399999999996
4.61200000000002 4.44800000000001 4.37999999999997 4.33999999999997 4.90799999999996
4.88400000000001 4.76400000000001 4.65199999999996 4.65199999999999 5.22799999999995
5.18000000000001 5.06000000000003 4.95999999999995 4.93599999999998 5.53999999999996
5.47600000000003 5.36400000000003 5.25999999999996 5.21599999999998 5.89999999999998
5.79600000000002 5.66000000000005 5.55599999999995 5.52799999999999 6.38799999999998
6.09200000000004 5.96800000000007 5.86799999999994 5.81199999999998 6.70400000000001
6.39600000000004 6.25200000000009 6.15999999999994 6.10399999999998 7.07600000000002
6.70800000000006 6.54000000000011 6.44799999999995 6.38799999999998 7.40800000000002
7.00800000000007 6.82400000000013 6.73999999999995 6.67199999999997 7.72800000000001
7.30000000000007 7.16400000000013 7.05599999999995 6.98799999999997 8.05200000000002
7.60000000000008 7.45600000000013 7.34399999999994 7.27999999999997 8.38800000000003
7.90400000000008 7.74400000000011 7.63599999999994 7.57199999999997 8.69600000000003
8.19600000000008 8.06000000000012 7.95199999999994 7.85599999999999 9.00800000000004
8.5080000000001 8.33600000000013 8.25999999999993 8.16 9.35200000000003
8.78400000000008 8.61600000000013 8.54399999999995 8.44 9.69600000000003
9.09600000000009 8.90000000000012 8.83999999999995 8.732 10.02
9.41200000000009 9.20000000000013 9.14399999999995 9.02000000000001 10.364
9.70400000000009 9.50800000000012 9.43999999999994 9.33199999999999 10.684
9.9920000000001 9.80400000000014 9.79199999999992 9.65600000000001 11.004
10.3160000000001 10.0880000000001 10.0679999999999 9.964 11.324
10.5960000000001 10.3880000000001 10.3719999999999 10.304 11.66
10.8880000000001 10.6760000000002 10.6679999999999 10.62 11.992
11.1960000000001 10.9600000000002 10.9559999999999 10.936 12.3279999999999
11.4920000000001 11.3400000000001 11.2359999999999 11.284 12.6399999999999
11.7760000000001 11.6280000000001 11.5439999999999 11.608 12.9599999999999
12.0880000000001 11.9040000000001 11.8279999999999 11.94 13.3039999999999
12.3840000000001 12.1880000000001 12.1279999999999 12.256 13.6159999999999
12.6680000000001 12.5080000000001 12.4439999999999 12.612 13.9319999999998
12.9760000000001 12.8080000000001 12.7279999999999 12.932 14.2519999999998
13.2560000000001 13.0880000000001 13.0159999999999 13.244 14.5959999999998
13.5720000000001 13.4040000000001 13.3079999999999 13.588 14.9079999999998
13.8600000000001 13.6840000000001 13.6199999999999 13.896 15.2199999999999
14.1560000000001 13.9880000000001 13.8959999999999 14.216 15.5599999999999
14.4480000000001 14.2680000000001 14.1879999999999 14.564 15.8839999999999
14.7640000000001 14.5760000000001 14.5039999999999 14.884 16.2079999999999
15.0640000000001 14.8520000000001 14.7919999999999 15.1879999999999 16.5279999999999
