-0.201561 -0.226291 -0.310795 -0.263699 -0.234244
-0.174164 -0.159248 -0.191816 -0.156967 -0.16928
-0.178985 -0.159912 -0.165644 -0.169186 -0.140281
-0.16584 -0.143566 -0.146527 -0.169285 -0.151588
-0.143743 -0.135866 -0.122356 -0.154361 -0.139478
-0.131183 -0.138062 -0.118866 -0.139236 -0.134548
-0.125729 -0.138676 -0.10775 -0.134654 -0.127917
-0.117699 -0.13391 -0.105049 -0.125797 -0.112605
-0.121121 -0.116046 -0.105884 -0.127453 -0.113273
-0.129717 -0.117283 -0.105654 -0.108631 -0.107023
-0.123064 -0.113954 -0.105117 -0.106566 -0.096621
-0.127266 -0.11256 -0.105733 -0.107792 -0.094128
-0.118347 -0.113839 -0.092549 -0.108733 -0.095261
-0.113716 -0.108056 -0.094084 -0.103149 -0.093946
-0.112104 -0.10673 -0.088131 -0.101466 -0.095986
-0.103885 -0.106245 -0.08802 -0.101091 -0.101847
-0.104387 -0.103642 -0.083023 -0.100033 -0.101256
-0.101271 -0.11001 -0.081851 -0.096229 -0.10191
-0.101572 -0.101859 -0.083043 -0.096653 -0.100344
-0.099765 -0.10386 -0.085525 -0.091886 -0.100016
-0.097982 -0.099814 -0.087243 -0.093644 -0.100696
-0.098607 -0.09654 -0.087949 -0.092049 -0.103981
-0.096995 -0.096925 -0.085882 -0.093129 -0.101101
-0.095642 -0.097997 -0.081631 -0.091016 -0.098911
-0.096458 -0.093576 -0.087883 -0.093323 -0.100057
-0.096762 -0.093838 -0.079034 -0.091193 -0.097045
-0.093702 -0.084026 -0.079665 -0.090185 -0.098588
-0.096218 -0.079334 -0.077545 -0.089035 -0.099487
-0.094028 -0.081302 -0.076692 -0.09157 -0.099794
-0.096433 -0.0791 -0.073406 -0.086588 -0.097042
-0.094849 -0.075689 -0.071958 -0.085034 -0.098435
-0.094904 -0.078149 -0.07132 -0.083173 -0.098944
-0.0917 -0.081342 -0.071667 -0.088634 -0.101555
-0.090286 -0.076775 -0.072143 -0.084933 -0.099418
-0.094497 -0.077552 -0.072424 -0.083952 -0.095653
-0.094589 -0.07629 -0.073565 -0.076669 -0.096059
-0.093463 -0.072703 -0.072368 -0.078751 -0.096732
-0.09246 -0.072517 -0.074349 -0.080274 -0.096297
-0.093188 -0.073024 -0.07442 -0.078562 -0.093029
-0.092343 -0.074021 -0.069265 -0.080053 -0.092311
-0.093718 -0.075448 -0.072037 -0.078561 -0.092664
-0.094301 -0.073476 -0.07248 -0.075687 -0.08957
-0.095525 -0.071744 -0.071574 -0.074128 -0.088972
-0.092343 -0.073578 -0.072278 -0.072287 -0.089426
-0.088284 -0.073831 -0.072748 -0.073467 -0.089162
-0.08783 -0.075098 -0.073162 -0.074108 -0.091002
-0.08613 -0.072861 -0.073342 -0.077138 -0.093794
-0.086422 -0.073821 -0.073087 -0.072727 -0.095341
-0.085138 -0.073033 -0.075203 -0.072786 -0.092624
-0.086434 -0.073322 -0.075166 -0.073814 -0.091676
