-0.244002 -0.267824 -0.21732 -0.281338 -0.267837 -0.235104 -0.238609 -0.286141 -0.245386 -0.263126 -0.233769 -0.267501 -0.158394 -0.276241 -0.184438 -0.182483 -0.215427 -0.187122 -0.14836 -0.214057 -0.251731 -0.216545 -0.264548 -0.155311 -0.312295 -0.257397 -0.21483 -0.276387 -0.190703 -0.267317 -0.284309 -0.226773 -0.219219 -0.236258 -0.280572 -0.254918 -0.204159 -0.204093 -0.291822 -0.267402 -0.281952 -0.232408 -0.269258 -0.254481 -0.26957 -0.264907 -0.298967 -0.274113 -0.236302 -0.186345
-0.233751 -0.186145 -0.14651 -0.187864 -0.192137 -0.196335 -0.18484 -0.221823 -0.195279 -0.214582 -0.194413 -0.225453 -0.134608 -0.225413 -0.165643 -0.167259 -0.175852 -0.155537 -0.124276 -0.179747 -0.190031 -0.151664 -0.186632 -0.134517 -0.244718 -0.198125 -0.17246 -0.218662 -0.155458 -0.195319 -0.158216 -0.1981 -0.174376 -0.195933 -0.176907 -0.175666 -0.152204 -0.188769 -0.214787 -0.15547 -0.185129 -0.195222 -0.194511 -0.187567 -0.159143 -0.205512 -0.179988 -0.187872 -0.201115 -0.188427
-0.18724 -0.13033 -0.138742 -0.168153 -0.166367 -0.153992 -0.177667 -0.192288 -0.148873 -0.189752 -0.149603 -0.172424 -0.126188 -0.220922 -0.166467 -0.127581 -0.156801 -0.131568 -0.115892 -0.158705 -0.152652 -0.134945 -0.168213 -0.110441 -0.190785 -0.159326 -0.152566 -0.216659 -0.166019 -0.140175 -0.130448 -0.154208 -0.177756 -0.201269 -0.177769 -0.151101 -0.143346 -0.162573 -0.169735 -0.133217 -0.171675 -0.165426 -0.166481 -0.170132 -0.142889 -0.15322 -0.16514 -0.179855 -0.147614 -0.15398
-0.179858 -0.127799 -0.148268 -0.139579 -0.169367 -0.155648 -0.168187 -0.178581 -0.154931 -0.176279 -0.140628 -0.165216 -0.124779 -0.215151 -0.137136 -0.115179 -0.159723 -0.131249 -0.114346 -0.155699 -0.153482 -0.128663 -0.159759 -0.103272 -0.16605 -0.156949 -0.150589 -0.227871 -0.153869 -0.144604 -0.13667 -0.145117 -0.174504 -0.136559 -0.136671 -0.151686 -0.143539 -0.149805 -0.159778 -0.120291 -0.16891 -0.152216 -0.147035 -0.144396 -0.119827 -0.145309 -0.163299 -0.172257 -0.141178 -0.150268
-0.16925 -0.119133 -0.118583 -0.131253 -0.170368 -0.138539 -0.167329 -0.139406 -0.134673 -0.163769 -0.134808 -0.163552 -0.121742 -0.205716 -0.117371 -0.112991 -0.158056 -0.125248 -0.109228 -0.156907 -0.155123 -0.125892 -0.139691 -0.105806 -0.155077 -0.17012 -0.116114 -0.221923 -0.128791 -0.144976 -0.133824 -0.12175 -0.172476 -0.128204 -0.132201 -0.146006 -0.142296 -0.146363 -0.12228 -0.122092 -0.151086 -0.153637 -0.138627 -0.125445 -0.120072 -0.157096 -0.160444 -0.183432 -0.119276 -0.141608
-0.168532 -0.116516 -0.111725 -0.134665 -0.169886 -0.142487 -0.174228 -0.137471 -0.146674 -0.160442 -0.128924 -0.168597 -0.11922 -0.181231 -0.110363 -0.113042 -0.148389 -0.122538 -0.112327 -0.142317 -0.145564 -0.118633 -0.127778 -0.093538 -0.149879 -0.148033 -0.136641 -0.200974 -0.126259 -0.152746 -0.135805 -0.119323 -0.130395 -0.136061 -0.121872 -0.129851 -0.159266 -0.135032 -0.125712 -0.125927 -0.140233 -0.160732 -0.14745 -0.12513 -0.122941 -0.158935 -0.156516 -0.185379 -0.118596 -0.142265
-0.158914 -0.116369 -0.112045 -0.128772 -0.152837 -0.126654 -0.16663 -0.13374 -0.134528 -0.164342 -0.12793 -0.162304 -0.113498 -0.17138 -0.110409 -0.110756 -0.143379 -0.121911 -0.10696 -0.138763 -0.149988 -0.114352 -0.134186 -0.091768 -0.145207 -0.140876 -0.15573 -0.199596 -0.11416 -0.15687 -0.139589 -0.11494 -0.123664 -0.13222 -0.119022 -0.12347 -0.143699 -0.1345 -0.128071 -0.121098 -0.140476 -0.144305 -0.133887 -0.136181 -0.116462 -0.157653 -0.145142 -0.183708 -0.117052 -0.141665
-0.149872 -0.103139 -0.116656 -0.128885 -0.156037 -0.129862 -0.145895 -0.135828 -0.13461 -0.16378 -0.13123 -0.159393 -0.112836 -0.146882 -0.113702 -0.118639 -0.147707 -0.127141 -0.106361 -0.151647 -0.147438 -0.112985 -0.135636 -0.093545 -0.130253 -0.126027 -0.161309 -0.185476 -0.12326 -0.140493 -0.155783 -0.118684 -0.120623 -0.138269 -0.116313 -0.13053 -0.139064 -0.138992 -0.114997 -0.110198 -0.135528 -0.142314 -0.146737 -0.138851 -0.112914 -0.152058 -0.139208 -0.14977 -0.111926 -0.137912
-0.146811 -0.088165 -0.094994 -0.112972 -0.145281 -0.119012 -0.142375 -0.124413 -0.136788 -0.170364 -0.13379 -0.13955 -0.113005 -0.140355 -0.106151 -0.103887 -0.144745 -0.12242 -0.102627 -0.123874 -0.146014 -0.109652 -0.136581 -0.095209 -0.126655 -0.129507 -0.126114 -0.185344 -0.118678 -0.126293 -0.145749 -0.117437 -0.122423 -0.120902 -0.117102 -0.128455 -0.141712 -0.138459 -0.110463 -0.110474 -0.134079 -0.141186 -0.145375 -0.12924 -0.114543 -0.146358 -0.138087 -0.145078 -0.111359 -0.138887
-0.137785 -0.090618 -0.092189 -0.116025 -0.128413 -0.122434 -0.141693 -0.120628 -0.137043 -0.167532 -0.133575 -0.1327 -0.113889 -0.13888 -0.107524 -0.100873 -0.144043 -0.118408 -0.104843 -0.122534 -0.146938 -0.107792 -0.132249 -0.098897 -0.126245 -0.121369 -0.108463 -0.154028 -0.118151 -0.126798 -0.130563 -0.119553 -0.117046 -0.120978 -0.122611 -0.127458 -0.147437 -0.127227 -0.114599 -0.10011 -0.127073 -0.139207 -0.152194 -0.119902 -0.108394 -0.140296 -0.138652 -0.141432 -0.095079 -0.13422
-0.147271 -0.088491 -0.092833 -0.115122 -0.129226 -0.127262 -0.129807 -0.109632 -0.1312 -0.161329 -0.12113 -0.131368 -0.106695 -0.138746 -0.108753 -0.104716 -0.143681 -0.123517 -0.104291 -0.121276 -0.135447 -0.112523 -0.12795 -0.098969 -0.124579 -0.12521 -0.105579 -0.156547 -0.119669 -0.121631 -0.134052 -0.116359 -0.120846 -0.106729 -0.11607 -0.113917 -0.146813 -0.127008 -0.114437 -0.101604 -0.136817 -0.137912 -0.121681 -0.120694 -0.110564 -0.131439 -0.139576 -0.139599 -0.092045 -0.1368
-0.144757 -0.088509 -0.091369 -0.115263 -0.118108 -0.128992 -0.130669 -0.10949 -0.1277 -0.159751 -0.117748 -0.132745 -0.108364 -0.136076 -0.107547 -0.103436 -0.138687 -0.117673 -0.100729 -0.122605 -0.128004 -0.115955 -0.103086 -0.094602 -0.114085 -0.117075 -0.099812 -0.151166 -0.118269 -0.120864 -0.126918 -0.115223 -0.1213 -0.106231 -0.112765 -0.131939 -0.146925 -0.132744 -0.108227 -0.101493 -0.118549 -0.135111 -0.123749 -0.117045 -0.099419 -0.138257 -0.138044 -0.131214 -0.101958 -0.134072
-0.128817 -0.090553 -0.096332 -0.103318 -0.110934 -0.117239 -0.133956 -0.107677 -0.122503 -0.155432 -0.121972 -0.130983 -0.106059 -0.139213 -0.105169 -0.099103 -0.139046 -0.116882 -0.094134 -0.121729 -0.123389 -0.110661 -0.101692 -0.094886 -0.115959 -0.110249 -0.095387 -0.138587 -0.113893 -0.118049 -0.118985 -0.112326 -0.120878 -0.099445 -0.110819 -0.124404 -0.145713 -0.13527 -0.107249 -0.097607 -0.123061 -0.133489 -0.112299 -0.113415 -0.106476 -0.141087 -0.138081 -0.129676 -0.097105 -0.127986
-0.129157 -0.092519 -0.092657 -0.092709 -0.108133 -0.126615 -0.13877 -0.106347 -0.114019 -0.156833 -0.124692 -0.132832 -0.103127 -0.139399 -0.10538 -0.0994 -0.141372 -0.118018 -0.098864 -0.121853 -0.12218 -0.110285 -0.093116 -0.094298 -0.114626 -0.112249 -0.096976 -0.138435 -0.115285 -0.109427 -0.118843 -0.104654 -0.121766 -0.101895 -0.102238 -0.124219 -0.131568 -0.128449 -0.10622 -0.098714 -0.126316 -0.13128 -0.108789 -0.112727 -0.095833 -0.126472 -0.137897 -0.13069 -0.093633 -0.126911
-0.125003 -0.092041 -0.092519 -0.094005 -0.103631 -0.12576 -0.129213 -0.105241 -0.114886 -0.153411 -0.115283 -0.128394 -0.094915 -0.132719 -0.100445 -0.098742 -0.139084 -0.114145 -0.098431 -0.122019 -0.117111 -0.107009 -0.096651 -0.093899 -0.111627 -0.114306 -0.098062 -0.136463 -0.107991 -0.103679 -0.119673 -0.103899 -0.119954 -0.100103 -0.098673 -0.12915 -0.123653 -0.129358 -0.112468 -0.094779 -0.125345 -0.124522 -0.110637 -0.111973 -0.095142 -0.122851 -0.137546 -0.12445 -0.095038 -0.125742
-0.118936 -0.094119 -0.095313 -0.089672 -0.100707 -0.118735 -0.130604 -0.109787 -0.112451 -0.157626 -0.116032 -0.128271 -0.093567 -0.137183 -0.102027 -0.09717 -0.123405 -0.103853 -0.098151 -0.123276 -0.116154 -0.109316 -0.099715 -0.092615 -0.110491 -0.11193 -0.098201 -0.136563 -0.109702 -0.105784 -0.12109 -0.107202 -0.124094 -0.104402 -0.100695 -0.112256 -0.122547 -0.122606 -0.124375 -0.099434 -0.124423 -0.124906 -0.10908 -0.110527 -0.093227 -0.123789 -0.135416 -0.113952 -0.090196 -0.124574
-0.099825 -0.08829 -0.095148 -0.091744 -0.100363 -0.115542 -0.122763 -0.106323 -0.112909 -0.161291 -0.114445 -0.128511 -0.090767 -0.135937 -0.098129 -0.088835 -0.121435 -0.10399 -0.093273 -0.124222 -0.11822 -0.108133 -0.100795 -0.095637 -0.116892 -0.113145 -0.096033 -0.129283 -0.110105 -0.104113 -0.119618 -0.105245 -0.116765 -0.096916 -0.10018 -0.101279 -0.119769 -0.121001 -0.116207 -0.101386 -0.103823 -0.126383 -0.103886 -0.106062 -0.092533 -0.12378 -0.134496 -0.115847 -0.088895 -0.123135
-0.101626 -0.088442 -0.093931 -0.090893 -0.100213 -0.119505 -0.112858 -0.103116 -0.109753 -0.156757 -0.117068 -0.123045 -0.095314 -0.133488 -0.105918 -0.088826 -0.123803 -0.101342 -0.091878 -0.122982 -0.116493 -0.105231 -0.096524 -0.092658 -0.115048 -0.11118 -0.097381 -0.123502 -0.108886 -0.099332 -0.117839 -0.10783 -0.110105 -0.091375 -0.102367 -0.095128 -0.121955 -0.121444 -0.116291 -0.101117 -0.096848 -0.12626 -0.108295 -0.096759 -0.086761 -0.120669 -0.124216 -0.117883 -0.088873 -0.12955
-0.100603 -0.087133 -0.091089 -0.092811 -0.101776 -0.114381 -0.110367 -0.101318 -0.110534 -0.161871 -0.11569 -0.10903 -0.094749 -0.131094 -0.10054 -0.089382 -0.125089 -0.10935 -0.083257 -0.118621 -0.115081 -0.104962 -0.095502 -0.092305 -0.109894 -0.101539 -0.095233 -0.124521 -0.10344 -0.09499 -0.108909 -0.10449 -0.111765 -0.09503 -0.097727 -0.093385 -0.121658 -0.123485 -0.113881 -0.088612 -0.098935 -0.130807 -0.111271 -0.097867 -0.088544 -0.11871 -0.118484 -0.116761 -0.088862 -0.133995
-0.095386 -0.086184 -0.096223 -0.0918 -0.101285 -0.106182 -0.115634 -0.093914 -0.111807 -0.153213 -0.114788 -0.108324 -0.091247 -0.130664 -0.102202 -0.088222 -0.12786 -0.10889 -0.085292 -0.116949 -0.117297 -0.107041 -0.094062 -0.090594 -0.11209 -0.099329 -0.096578 -0.1218 -0.104221 -0.095059 -0.111493 -0.101251 -0.102839 -0.090923 -0.102544 -0.092245 -0.11858 -0.122235 -0.116184 -0.090133 -0.095939 -0.124408 -0.110278 -0.095439 -0.087892 -0.116372 -0.084821 -0.115386 -0.090843 -0.13166
-0.095826 -0.090517 -0.09074 -0.092448 -0.102322 -0.104692 -0.115451 -0.092009 -0.104383 -0.152194 -0.108872 -0.109803 -0.092621 -0.12145 -0.096978 -0.087914 -0.120891 -0.112432 -0.083966 -0.109818 -0.113923 -0.103836 -0.091481 -0.085468 -0.115112 -0.100042 -0.094438 -0.123122 -0.089272 -0.101118 -0.113058 -0.103666 -0.102763 -0.093074 -0.095926 -0.093688 -0.11717 -0.125899 -0.103541 -0.095725 -0.089987 -0.125588 -0.106897 -0.095978 -0.089503 -0.115818 -0.087989 -0.116798 -0.088401 -0.122153
-0.089262 -0.08736 -0.089688 -0.090148 -0.104044 -0.102036 -0.112181 -0.091048 -0.109468 -0.145618 -0.111156 -0.106916 -0.090009 -0.120199 -0.101115 -0.089325 -0.120423 -0.110254 -0.088942 -0.110415 -0.110186 -0.106353 -0.09262 -0.087776 -0.112607 -0.09773 -0.093007 -0.118483 -0.092697 -0.101012 -0.110509 -0.105578 -0.103761 -0.091292 -0.093535 -0.092285 -0.112468 -0.126072 -0.102526 -0.097618 -0.095562 -0.121269 -0.103075 -0.091769 -0.092578 -0.114065 -0.087995 -0.118245 -0.087275 -0.116236
-0.089915 -0.086494 -0.09064 -0.090963 -0.105362 -0.099323 -0.113232 -0.099768 -0.108872 -0.150279 -0.105688 -0.106446 -0.09175 -0.120882 -0.101674 -0.088959 -0.116901 -0.100925 -0.089142 -0.111193 -0.111153 -0.104482 -0.092211 -0.087635 -0.115432 -0.097286 -0.093649 -0.118838 -0.094122 -0.102144 -0.110599 -0.107748 -0.103543 -0.09094 -0.092386 -0.091032 -0.11352 -0.1297 -0.099549 -0.097152 -0.098181 -0.115366 -0.101583 -0.091452 -0.091959 -0.120309 -0.091092 -0.119439 -0.08934 -0.115775
-0.089691 -0.089123 -0.088058 -0.094943 -0.110751 -0.099183 -0.113303 -0.099916 -0.106305 -0.145667 -0.107883 -0.105922 -0.08836 -0.118325 -0.104221 -0.091335 -0.106871 -0.103913 -0.093041 -0.104322 -0.110105 -0.099726 -0.093116 -0.088113 -0.114154 -0.088123 -0.098497 -0.113835 -0.093991 -0.099013 -0.110697 -0.104617 -0.10396 -0.091938 -0.093591 -0.085128 -0.112327 -0.12541 -0.089914 -0.09871 -0.097907 -0.112437 -0.093827 -0.091507 -0.091886 -0.122448 -0.088699 -0.110064 -0.089505 -0.118846
-0.091136 -0.084661 -0.085683 -0.094136 -0.103081 -0.099094 -0.112656 -0.097311 -0.107546 -0.149611 -0.100474 -0.10755 -0.090774 -0.10339 -0.095046 -0.084726 -0.103147 -0.104993 -0.087359 -0.078808 -0.109275 -0.090296 -0.092489 -0.08846 -0.111701 -0.086486 -0.095555 -0.115077 -0.092235 -0.094277 -0.101211 -0.101585 -0.110012 -0.090383 -0.09369 -0.084901 -0.112822 -0.130217 -0.089858 -0.097826 -0.097902 -0.113392 -0.088855 -0.090502 -0.091906 -0.121823 -0.090219 -0.112819 -0.085521 -0.118098
-0.084999 -0.081419 -0.087944 -0.094242 -0.103027 -0.091785 -0.114688 -0.100227 -0.109308 -0.15522 -0.098606 -0.10824 -0.091002 -0.104035 -0.091986 -0.091554 -0.105092 -0.103816 -0.087605 -0.079627 -0.09767 -0.091377 -0.090603 -0.087622 -0.106879 -0.088433 -0.092686 -0.117174 -0.094268 -0.09688 -0.103609 -0.104788 -0.10852 -0.089525 -0.089265 -0.081753 -0.111754 -0.128525 -0.089326 -0.097543 -0.098254 -0.125074 -0.089387 -0.090026 -0.086651 -0.118222 -0.085636 -0.101974 -0.084373 -0.114122
-0.087698 -0.081405 -0.089641 -0.093137 -0.099784 -0.092864 -0.111783 -0.100779 -0.106617 -0.156023 -0.097494 -0.111668 -0.09303 -0.10437 -0.094057 -0.090197 -0.107867 -0.105013 -0.090819 -0.079548 -0.100806 -0.089311 -0.089566 -0.08835 -0.094544 -0.083714 -0.085339 -0.097959 -0.091906 -0.09273 -0.103649 -0.101396 -0.094558 -0.093585 -0.089494 -0.080336 -0.108109 -0.104636 -0.089012 -0.097725 -0.094166 -0.117672 -0.082096 -0.089273 -0.088777 -0.117744 -0.090537 -0.103762 -0.087051 -0.114063
-0.084813 -0.079202 -0.086411 -0.090062 -0.101813 -0.095468 -0.092601 -0.09863 -0.100786 -0.155275 -0.092793 -0.102126 -0.090969 -0.104287 -0.08319 -0.092162 -0.106577 -0.104622 -0.083723 -0.078929 -0.095523 -0.089985 -0.084756 -0.08281 -0.095147 -0.083921 -0.083824 -0.09582 -0.096708 -0.101133 -0.10382 -0.103829 -0.091166 -0.090523 -0.088941 -0.08035 -0.105588 -0.106438 -0.088112 -0.092581 -0.090017 -0.102696 -0.083734 -0.089159 -0.075649 -0.098321 -0.088308 -0.10057 -0.083408 -0.111639
-0.084903 -0.085503 -0.083516 -0.093205 -0.101761 -0.092498 -0.092242 -0.09864 -0.100283 -0.15788 -0.093015 -0.092907 -0.087734 -0.102908 -0.080794 -0.090404 -0.105427 -0.104981 -0.08136 -0.079213 -0.095965 -0.091191 -0.087851 -0.083594 -0.089438 -0.085973 -0.086451 -0.094905 -0.098105 -0.101748 -0.1029 -0.102891 -0.092637 -0.088684 -0.094298 -0.082644 -0.100842 -0.098634 -0.086829 -0.085076 -0.088277 -0.105664 -0.083677 -0.079549 -0.076198 -0.091798 -0.089105 -0.098282 -0.08178 -0.111781
-0.086366 -0.086068 -0.08117 -0.092966 -0.100915 -0.088252 -0.092436 -0.104509 -0.097441 -0.155981 -0.08436 -0.094981 -0.086741 -0.103666 -0.081362 -0.089336 -0.104893 -0.101398 -0.083629 -0.07878 -0.079526 -0.092972 -0.085918 -0.080597 -0.089183 -0.086964 -0.080941 -0.098131 -0.096621 -0.101352 -0.102741 -0.103585 -0.089856 -0.095314 -0.09111 -0.083311 -0.101627 -0.094981 -0.085753 -0.087207 -0.088273 -0.103931 -0.084142 -0.080859 -0.073931 -0.092939 -0.08755 -0.100994 -0.084828 -0.11049
-0.082846 -0.085649 -0.081193 -0.092026 -0.103038 -0.087715 -0.092081 -0.102581 -0.096884 -0.151252 -0.080969 -0.093391 -0.086008 -0.103829 -0.080803 -0.088132 -0.103937 -0.104592 -0.082461 -0.080627 -0.078339 -0.092992 -0.086671 -0.076747 -0.092503 -0.083873 -0.0851 -0.094264 -0.092565 -0.092831 -0.100121 -0.100279 -0.091889 -0.094928 -0.092835 -0.08129 -0.099071 -0.09601 -0.089714 -0.084828 -0.087204 -0.105991 -0.082881 -0.080229 -0.074627 -0.091306 -0.087498 -0.088448 -0.082453 -0.111001
-0.084586 -0.082749 -0.080288 -0.088124 -0.103029 -0.087068 -0.090784 -0.100481 -0.095041 -0.150068 -0.081235 -0.090922 -0.085968 -0.099743 -0.078314 -0.088883 -0.10496 -0.105351 -0.083825 -0.07783 -0.077994 -0.096674 -0.085953 -0.076469 -0.082696 -0.087439 -0.083342 -0.092449 -0.093388 -0.094431 -0.104587 -0.10105 -0.091517 -0.095147 -0.09232 -0.083925 -0.097622 -0.093664 -0.088761 -0.085095 -0.086762 -0.101694 -0.083464 -0.081606 -0.071367 -0.091657 -0.091212 -0.088723 -0.081842 -0.110535
-0.082731 -0.085205 -0.082455 -0.091049 -0.101462 -0.090158 -0.093316 -0.100607 -0.098424 -0.150673 -0.082266 -0.090487 -0.086152 -0.099511 -0.085263 -0.085851 -0.104775 -0.099696 -0.082148 -0.080141 -0.076783 -0.09422 -0.090695 -0.07714 -0.08207 -0.089089 -0.081357 -0.089268 -0.091568 -0.094069 -0.101167 -0.097304 -0.091664 -0.08686 -0.09121 -0.082107 -0.096531 -0.091833 -0.087847 -0.083149 -0.08262 -0.101516 -0.082412 -0.080398 -0.071972 -0.092352 -0.091927 -0.088126 -0.075205 -0.112954
-0.082209 -0.084105 -0.080324 -0.086889 -0.101637 -0.087577 -0.08443 -0.103186 -0.0858 -0.121724 -0.08439 -0.087328 -0.087386 -0.102833 -0.087521 -0.090644 -0.086049 -0.095691 -0.082989 -0.079699 -0.081886 -0.094011 -0.095687 -0.0775 -0.08718 -0.088842 -0.085536 -0.091613 -0.084679 -0.096184 -0.103625 -0.089994 -0.09244 -0.094684 -0.087022 -0.082921 -0.098616 -0.092476 -0.088268 -0.082372 -0.080739 -0.097796 -0.085103 -0.076997 -0.073599 -0.087212 -0.091867 -0.089084 -0.075704 -0.112502
-0.081717 -0.082198 -0.082489 -0.08624 -0.099383 -0.087984 -0.083246 -0.097401 -0.084291 -0.126642 -0.08172 -0.087634 -0.092048 -0.102568 -0.085565 -0.089831 -0.090207 -0.076652 -0.084408 -0.081582 -0.081827 -0.089963 -0.096516 -0.076891 -0.086965 -0.090134 -0.080093 -0.090644 -0.088151 -0.090804 -0.104191 -0.08724 -0.093898 -0.08996 -0.087902 -0.081791 -0.100343 -0.092293 -0.087447 -0.081626 -0.084431 -0.098786 -0.086871 -0.076172 -0.073443 -0.091343 -0.086593 -0.086207 -0.074362 -0.091443
-0.083177 -0.082479 -0.083276 -0.086733 -0.101121 -0.086562 -0.083383 -0.098408 -0.086169 -0.127009 -0.081053 -0.089453 -0.088095 -0.103572 -0.087152 -0.087121 -0.089175 -0.079716 -0.08559 -0.080016 -0.084152 -0.089006 -0.091659 -0.07662 -0.0826 -0.088883 -0.080025 -0.091982 -0.085687 -0.091388 -0.105816 -0.085848 -0.096406 -0.087749 -0.087567 -0.081134 -0.096982 -0.090453 -0.088265 -0.081012 -0.084007 -0.093198 -0.085531 -0.073074 -0.068628 -0.086715 -0.086639 -0.085016 -0.073645 -0.089961
-0.077084 -0.08208 -0.082017 -0.087084 -0.102298 -0.085972 -0.08557 -0.096948 -0.086014 -0.124266 -0.082178 -0.087645 -0.084224 -0.099406 -0.081381 -0.086727 -0.084053 -0.079727 -0.085552 -0.081238 -0.0833 -0.084726 -0.091531 -0.074108 -0.085824 -0.09084 -0.082988 -0.090916 -0.085262 -0.095019 -0.10007 -0.08792 -0.096599 -0.082797 -0.086412 -0.08369 -0.095527 -0.08901 -0.086228 -0.082594 -0.081392 -0.093577 -0.084347 -0.075801 -0.06931 -0.086855 -0.089666 -0.08497 -0.072601 -0.089894
-0.077397 -0.076168 -0.078863 -0.087771 -0.095055 -0.089117 -0.094409 -0.097 -0.085239 -0.122926 -0.08073 -0.086715 -0.089896 -0.098506 -0.08602 -0.083276 -0.084931 -0.076678 -0.08273 -0.08172 -0.077105 -0.083828 -0.088454 -0.074518 -0.091293 -0.088254 -0.081833 -0.08687 -0.09434 -0.094458 -0.10042 -0.088375 -0.094415 -0.085432 -0.08624 -0.075506 -0.094611 -0.089419 -0.086305 -0.081666 -0.081202 -0.094833 -0.082427 -0.073664 -0.070203 -0.093104 -0.088489 -0.082981 -0.069111 -0.095977
-0.078554 -0.075707 -0.079395 -0.084741 -0.098554 -0.090185 -0.090213 -0.096329 -0.082093 -0.112769 -0.079478 -0.082774 -0.081713 -0.096803 -0.080148 -0.083758 -0.086199 -0.075913 -0.083002 -0.077829 -0.074614 -0.088207 -0.08873 -0.076139 -0.091506 -0.087828 -0.077318 -0.083462 -0.09452 -0.097973 -0.100957 -0.088048 -0.092559 -0.081264 -0.084301 -0.073808 -0.09643 -0.090128 -0.089263 -0.081699 -0.082858 -0.089408 -0.079956 -0.07672 -0.069713 -0.08809 -0.088258 -0.083747 -0.069615 -0.097642
-0.077414 -0.078472 -0.078864 -0.089343 -0.098848 -0.08935 -0.087792 -0.096499 -0.083473 -0.106114 -0.077971 -0.082209 -0.082399 -0.101548 -0.081288 -0.082693 -0.086807 -0.080708 -0.082067 -0.077868 -0.073177 -0.086692 -0.083484 -0.074171 -0.091234 -0.088664 -0.075193 -0.08253 -0.096653 -0.092653 -0.101165 -0.089175 -0.092182 -0.08088 -0.085589 -0.075863 -0.096967 -0.090551 -0.088863 -0.081653 -0.081279 -0.088584 -0.0816 -0.071221 -0.073655 -0.087034 -0.089745 -0.082495 -0.069195 -0.100195
-0.078253 -0.079572 -0.077871 -0.085908 -0.099068 -0.093587 -0.087193 -0.098256 -0.082185 -0.105367 -0.076609 -0.083631 -0.080339 -0.102167 -0.079921 -0.08106 -0.083272 -0.077724 -0.079755 -0.080173 -0.072058 -0.086176 -0.083293 -0.076178 -0.09513 -0.087274 -0.075792 -0.080878 -0.092697 -0.091323 -0.099631 -0.075635 -0.088998 -0.086947 -0.084304 -0.076567 -0.090456 -0.092322 -0.088388 -0.081531 -0.073877 -0.08764 -0.081624 -0.073769 -0.072757 -0.085514 -0.090224 -0.083935 -0.06949 -0.097468
-0.078002 -0.077846 -0.078387 -0.086427 -0.096351 -0.092797 -0.086448 -0.09718 -0.082664 -0.107234 -0.074149 -0.083389 -0.079837 -0.093122 -0.078826 -0.076294 -0.082339 -0.078816 -0.08302 -0.076251 -0.067423 -0.085173 -0.082626 -0.075112 -0.079967 -0.088849 -0.079773 -0.081975 -0.091223 -0.084386 -0.098629 -0.075065 -0.086718 -0.085488 -0.078401 -0.073928 -0.094839 -0.087825 -0.08736 -0.08088 -0.07713 -0.086576 -0.079328 -0.072902 -0.073522 -0.086722 -0.088633 -0.083889 -0.07187 -0.094691
-0.079083 -0.076943 -0.079446 -0.083161 -0.095592 -0.092366 -0.088497 -0.099414 -0.083464 -0.107867 -0.073276 -0.081647 -0.081323 -0.088927 -0.080288 -0.078562 -0.082602 -0.078393 -0.079405 -0.07799 -0.065856 -0.08531 -0.080796 -0.073191 -0.078959 -0.081845 -0.075663 -0.080393 -0.096988 -0.082488 -0.095924 -0.074657 -0.08532 -0.081903 -0.078937 -0.077776 -0.091814 -0.086611 -0.087486 -0.081951 -0.074308 -0.086335 -0.086719 -0.071892 -0.072157 -0.086367 -0.092192 -0.082852 -0.072528 -0.089241
-0.078566 -0.076198 -0.077616 -0.08091 -0.091006 -0.088812 -0.085211 -0.106779 -0.083943 -0.104877 -0.074535 -0.083084 -0.080102 -0.091639 -0.080326 -0.076386 -0.077633 -0.078377 -0.077061 -0.079302 -0.065162 -0.088006 -0.081683 -0.075008 -0.085318 -0.081587 -0.076547 -0.084486 -0.091038 -0.081195 -0.095898 -0.077588 -0.085398 -0.081332 -0.072154 -0.074784 -0.093549 -0.086119 -0.087388 -0.078224 -0.073853 -0.086396 -0.085244 -0.071062 -0.069838 -0.08729 -0.091734 -0.083273 -0.072416 -0.089194
-0.079406 -0.075648 -0.077833 -0.07992 -0.090913 -0.092736 -0.078744 -0.099377 -0.080789 -0.109509 -0.074498 -0.079019 -0.075034 -0.093219 -0.081098 -0.077993 -0.077051 -0.079197 -0.077754 -0.077219 -0.068231 -0.085489 -0.07974 -0.074827 -0.08513 -0.080939 -0.075518 -0.082475 -0.092456 -0.07727 -0.092556 -0.074922 -0.077405 -0.081148 -0.071837 -0.076946 -0.090501 -0.083538 -0.086512 -0.078214 -0.075924 -0.086465 -0.085505 -0.069911 -0.07332 -0.086841 -0.09132 -0.0821 -0.07407 -0.088818
-0.079176 -0.073842 -0.078609 -0.081761 -0.089312 -0.096125 -0.078403 -0.091906 -0.081734 -0.112076 -0.073142 -0.079949 -0.074156 -0.093952 -0.079256 -0.080505 -0.075941 -0.079367 -0.077159 -0.08018 -0.067986 -0.084416 -0.07811 -0.077184 -0.081912 -0.08014 -0.077723 -0.077792 -0.085814 -0.076187 -0.095232 -0.070587 -0.076536 -0.082065 -0.072252 -0.077761 -0.092053 -0.080859 -0.086319 -0.077033 -0.076289 -0.081539 -0.088589 -0.07063 -0.07002 -0.086664 -0.081519 -0.084607 -0.073103 -0.092721
-0.075151 -0.076653 -0.077035 -0.080324 -0.088151 -0.092197 -0.077373 -0.090545 -0.082115 -0.106399 -0.07666 -0.079871 -0.074295 -0.087297 -0.078344 -0.078066 -0.076682 -0.077588 -0.077676 -0.078851 -0.068302 -0.086712 -0.075457 -0.077756 -0.079171 -0.078833 -0.072918 -0.079227 -0.088151 -0.074724 -0.09462 -0.071789 -0.086779 -0.083553 -0.071676 -0.079061 -0.091272 -0.081718 -0.090362 -0.076511 -0.076058 -0.083023 -0.087208 -0.070001 -0.074142 -0.085903 -0.079916 -0.083381 -0.072789 -0.089444
-0.076147 -0.075785 -0.076066 -0.079758 -0.087467 -0.089748 -0.08142 -0.086808 -0.082081 -0.105407 -0.072581 -0.078865 -0.07123 -0.091715 -0.076691 -0.078108 -0.076612 -0.075954 -0.07635 -0.078437 -0.066573 -0.091173 -0.079815 -0.075113 -0.079944 -0.080676 -0.073668 -0.079018 -0.08971 -0.076464 -0.094347 -0.075067 -0.083133 -0.083049 -0.070891 -0.079099 -0.088239 -0.082461 -0.089005 -0.078514 -0.074015 -0.082349 -0.087307 -0.074219 -0.069139 -0.087211 -0.079339 -0.085755 -0.072175 -0.086271
-0.071411 -0.071927 -0.077472 -0.079494 -0.089247 -0.08634 -0.079037 -0.086557 -0.079492 -0.104673 -0.076834 -0.078271 -0.071364 -0.090594 -0.076092 -0.077866 -0.07444 -0.076173 -0.074256 -0.068592 -0.066557 -0.088248 -0.079115 -0.078897 -0.077707 -0.082189 -0.072555 -0.079123 -0.088157 -0.076416 -0.092713 -0.074684 -0.087558 -0.083405 -0.071424 -0.075697 -0.089542 -0.082649 -0.090127 -0.073768 -0.074736 -0.082539 -0.087543 -0.069849 -0.069006 -0.085569 -0.082541 -0.083104 -0.07335 -0.085228
-0.075836 -0.07196 -0.076687 -0.080393 -0.090499 -0.090334 -0.071966 -0.087286 -0.082858 -0.105878 -0.075554 -0.076292 -0.070038 -0.085264 -0.076781 -0.079829 -0.075962 -0.075312 -0.074413 -0.070109 -0.065384 -0.088317 -0.078324 -0.076158 -0.076397 -0.077004 -0.072461 -0.077394 -0.09167 -0.076576 -0.094021 -0.069558 -0.085133 -0.082841 -0.071958 -0.074673 -0.084498 -0.084547 -0.088808 -0.078703 -0.073557 -0.08252 -0.088182 -0.069557 -0.070155 -0.084167 -0.074159 -0.080897 -0.073176 -0.08393
