-0.199038 -0.227712 -0.213144 -0.217708 -0.261826 -0.186105 -0.232465 -0.258624 -0.24869 -0.217469 -0.228287 -0.305583 -0.207952 -0.269313 -0.225671 -0.236629 -0.248021 -0.17528 -0.233088 -0.283447 -0.266207 -0.232911 -0.247532 -0.247161 -0.21533 -0.26374 -0.260725 -0.212175 -0.177708 -0.210854 -0.254146 -0.230601 -0.212874 -0.249062 -0.251297 -0.210284 -0.259905 -0.226437 -0.236806 -0.302751 -0.190173 -0.221432 -0.265175 -0.233595 -0.2044 -0.18362 -0.187758 -0.2458 -0.194853 -0.187174
-0.138584 -0.173716 -0.184608 -0.179648 -0.207094 -0.142046 -0.207727 -0.143902 -0.173649 -0.180178 -0.156715 -0.210104 -0.180293 -0.220211 -0.232888 -0.203795 -0.139059 -0.166892 -0.22095 -0.202378 -0.243488 -0.178924 -0.223765 -0.20179 -0.17633 -0.200105 -0.186334 -0.197382 -0.212348 -0.155451 -0.147845 -0.16371 -0.227397 -0.208138 -0.213243 -0.163174 -0.226697 -0.164697 -0.154988 -0.201204 -0.17057 -0.190784 -0.16366 -0.138593 -0.211299 -0.157959 -0.154531 -0.190588 -0.190765 -0.165957
-0.122591 -0.147456 -0.141449 -0.161625 -0.162883 -0.140812 -0.153822 -0.155507 -0.170756 -0.175782 -0.156017 -0.154649 -0.167693 -0.144237 -0.175015 -0.219091 -0.124962 -0.168406 -0.205221 -0.193213 -0.196072 -0.155462 -0.160458 -0.169292 -0.134159 -0.14896 -0.181555 -0.152078 -0.148459 -0.139696 -0.171755 -0.151681 -0.194805 -0.177611 -0.200094 -0.139182 -0.237671 -0.136133 -0.127489 -0.153097 -0.178382 -0.148027 -0.138913 -0.142529 -0.190003 -0.151085 -0.149254 -0.133656 -0.169766 -0.147758
-0.101783 -0.130293 -0.146871 -0.159979 -0.153055 -0.133101 -0.156736 -0.145043 -0.131586 -0.151258 -0.155214 -0.138461 -0.147961 -0.126051 -0.162408 -0.170822 -0.119675 -0.133242 -0.156512 -0.170293 -0.17269 -0.123752 -0.120414 -0.166031 -0.116284 -0.127507 -0.150321 -0.153146 -0.127864 -0.125545 -0.162536 -0.155641 -0.15765 -0.174838 -0.153947 -0.131748 -0.196258 -0.13441 -0.118773 -0.130847 -0.166465 -0.164034 -0.121236 -0.129457 -0.146073 -0.109184 -0.145542 -0.135961 -0.136215 -0.137641
-0.101258 -0.124819 -0.149557 -0.158328 -0.150611 -0.125291 -0.149655 -0.140055 -0.119187 -0.134911 -0.136474 -0.147416 -0.134707 -0.118478 -0.163708 -0.154219 -0.110697 -0.132639 -0.148839 -0.13028 -0.167298 -0.109498 -0.099172 -0.163318 -0.109686 -0.123786 -0.14883 -0.143114 -0.125289 -0.123648 -0.145469 -0.161699 -0.145864 -0.163196 -0.129497 -0.123616 -0.181969 -0.129408 -0.112067 -0.124743 -0.156578 -0.126625 -0.108332 -0.114459 -0.126687 -0.11129 -0.140604 -0.133063 -0.145651 -0.140695
-0.098396 -0.105173 -0.136077 -0.151875 -0.12042 -0.121557 -0.138815 -0.13593 -0.118682 -0.142804 -0.133565 -0.161493 -0.129509 -0.101612 -0.171345 -0.142828 -0.096709 -0.130293 -0.140369 -0.128316 -0.149967 -0.102848 -0.099741 -0.145909 -0.103761 -0.124274 -0.135261 -0.131759 -0.12573 -0.092282 -0.149439 -0.146747 -0.132157 -0.168317 -0.120134 -0.121136 -0.178128 -0.129817 -0.106109 -0.121194 -0.135443 -0.12009 -0.10692 -0.113848 -0.123494 -0.116525 -0.137673 -0.132013 -0.142376 -0.138827
-0.108406 -0.107666 -0.138053 -0.145503 -0.122311 -0.11948 -0.124189 -0.131734 -0.116991 -0.135427 -0.127554 -0.13981 -0.130994 -0.093953 -0.156026 -0.131919 -0.102912 -0.125832 -0.134538 -0.121578 -0.106703 -0.105448 -0.101582 -0.14781 -0.100568 -0.113866 -0.139511 -0.129988 -0.122917 -0.092417 -0.129029 -0.140332 -0.12085 -0.168213 -0.116272 -0.112934 -0.166447 -0.124824 -0.102636 -0.127907 -0.12576 -0.105037 -0.101779 -0.107807 -0.109162 -0.113755 -0.128802 -0.123357 -0.145468 -0.132543
-0.104023 -0.104494 -0.136813 -0.140249 -0.12124 -0.106483 -0.118487 -0.132343 -0.113267 -0.128761 -0.122681 -0.139089 -0.126578 -0.090875 -0.142422 -0.125577 -0.10363 -0.125376 -0.129802 -0.118525 -0.105599 -0.106131 -0.103756 -0.137828 -0.099792 -0.110708 -0.120459 -0.126039 -0.122184 -0.094605 -0.131368 -0.141184 -0.122373 -0.166409 -0.106432 -0.101075 -0.163461 -0.117974 -0.103278 -0.116598 -0.127456 -0.113448 -0.101959 -0.107557 -0.106914 -0.114182 -0.142105 -0.123819 -0.137383 -0.121809
-0.094021 -0.087765 -0.129051 -0.138727 -0.119187 -0.11312 -0.1082 -0.11162 -0.118157 -0.126665 -0.116563 -0.137719 -0.125815 -0.085704 -0.124801 -0.12513 -0.111985 -0.119391 -0.125898 -0.109661 -0.097826 -0.101313 -0.101344 -0.133881 -0.09797 -0.111377 -0.117509 -0.119629 -0.116343 -0.108656 -0.128346 -0.134403 -0.116154 -0.162801 -0.105047 -0.097813 -0.156033 -0.119898 -0.113216 -0.113496 -0.124016 -0.118702 -0.101717 -0.108703 -0.110206 -0.116925 -0.119159 -0.110278 -0.127103 -0.125597
-0.09687 -0.091436 -0.12824 -0.140354 -0.116662 -0.106599 -0.107977 -0.109829 -0.09293 -0.124695 -0.117716 -0.127256 -0.124158 -0.084253 -0.117708 -0.123517 -0.110604 -0.116409 -0.129751 -0.107538 -0.098556 -0.095501 -0.1005 -0.124704 -0.100154 -0.109392 -0.11797 -0.117475 -0.113604 -0.107757 -0.129265 -0.135528 -0.115754 -0.158398 -0.102061 -0.102755 -0.140725 -0.118237 -0.113649 -0.11258 -0.11489 -0.117724 -0.099675 -0.110363 -0.111615 -0.122014 -0.124751 -0.103348 -0.115126 -0.123071
-0.097069 -0.098064 -0.125169 -0.136504 -0.11368 -0.108237 -0.107753 -0.112034 -0.091181 -0.123906 -0.112766 -0.118909 -0.126909 -0.083348 -0.115027 -0.104539 -0.111655 -0.116238 -0.1311 -0.100381 -0.105657 -0.090194 -0.102895 -0.122989 -0.099706 -0.108191 -0.11359 -0.116557 -0.115435 -0.109208 -0.123172 -0.134872 -0.114513 -0.158557 -0.108052 -0.103674 -0.143012 -0.115874 -0.109226 -0.113518 -0.112579 -0.113228 -0.095246 -0.104398 -0.109647 -0.115277 -0.109033 -0.101249 -0.10891 -0.1218
-0.095101 -0.097378 -0.125203 -0.135772 -0.112808 -0.105691 -0.108237 -0.111342 -0.089505 -0.123241 -0.09928 -0.116726 -0.125431 -0.084297 -0.117168 -0.104488 -0.10573 -0.108188 -0.128791 -0.104391 -0.100878 -0.091648 -0.099192 -0.12479 -0.098337 -0.105545 -0.107141 -0.117685 -0.110707 -0.096265 -0.11876 -0.135765 -0.115156 -0.151772 -0.105221 -0.104523 -0.130278 -0.118492 -0.108205 -0.113471 -0.113249 -0.09717 -0.092239 -0.106041 -0.109729 -0.113762 -0.107602 -0.100932 -0.105858 -0.124155
-0.091307 -0.094092 -0.119232 -0.128208 -0.113363 -0.103283 -0.107 -0.111802 -0.092573 -0.115388 -0.097058 -0.115756 -0.123312 -0.082679 -0.104552 -0.104 -0.10436 -0.114013 -0.132341 -0.102743 -0.099344 -0.089027 -0.086932 -0.122713 -0.099284 -0.099517 -0.106249 -0.113699 -0.108018 -0.094184 -0.12285 -0.132211 -0.113212 -0.15411 -0.103706 -0.10691 -0.127672 -0.121466 -0.10802 -0.115544 -0.103128 -0.091219 -0.089341 -0.097068 -0.112695 -0.109702 -0.107448 -0.104155 -0.106479 -0.124179
-0.093449 -0.092753 -0.12985 -0.128468 -0.11049 -0.103386 -0.107881 -0.110017 -0.095677 -0.115528 -0.097658 -0.115494 -0.124478 -0.084354 -0.103329 -0.101395 -0.103904 -0.106856 -0.132001 -0.09755 -0.095092 -0.088429 -0.096597 -0.121851 -0.102077 -0.090433 -0.104015 -0.112845 -0.103203 -0.091638 -0.122314 -0.121153 -0.114912 -0.153122 -0.102284 -0.107311 -0.12731 -0.120513 -0.107373 -0.110992 -0.107799 -0.08908 -0.086008 -0.097415 -0.113081 -0.107896 -0.106761 -0.101255 -0.101795 -0.119712
-0.094633 -0.095998 -0.126347 -0.126937 -0.108057 -0.107361 -0.10274 -0.103777 -0.093364 -0.109436 -0.09682 -0.117041 -0.115773 -0.090332 -0.098616 -0.092772 -0.104843 -0.102513 -0.116086 -0.09383 -0.091856 -0.088469 -0.092973 -0.122745 -0.093941 -0.090529 -0.110805 -0.113168 -0.100577 -0.085883 -0.122704 -0.119205 -0.114879 -0.151654 -0.101922 -0.106974 -0.126872 -0.119519 -0.107658 -0.107974 -0.106741 -0.090075 -0.084784 -0.097564 -0.10831 -0.11156 -0.106958 -0.101379 -0.102001 -0.122411
-0.087737 -0.087053 -0.125607 -0.127258 -0.108353 -0.104467 -0.100768 -0.107248 -0.095234 -0.111651 -0.091023 -0.116763 -0.117471 -0.08726 -0.098299 -0.094028 -0.104993 -0.103073 -0.112153 -0.098199 -0.091999 -0.090267 -0.090047 -0.120582 -0.088978 -0.090661 -0.108722 -0.118332 -0.100428 -0.08444 -0.125133 -0.123755 -0.116669 -0.151174 -0.098056 -0.107051 -0.125445 -0.116146 -0.107652 -0.10784 -0.102937 -0.090653 -0.092347 -0.093144 -0.10673 -0.110262 -0.105898 -0.098708 -0.100033 -0.124419
-0.088041 -0.089466 -0.125366 -0.121149 -0.10848 -0.106407 -0.102889 -0.106691 -0.093606 -0.110349 -0.087771 -0.117677 -0.115256 -0.086979 -0.098084 -0.091211 -0.105547 -0.101202 -0.114097 -0.103362 -0.093741 -0.088737 -0.091468 -0.119956 -0.089491 -0.091988 -0.112216 -0.118938 -0.100664 -0.088458 -0.099854 -0.120401 -0.115437 -0.148437 -0.099692 -0.099661 -0.126333 -0.113845 -0.105389 -0.109235 -0.101916 -0.089907 -0.08851 -0.08744 -0.106952 -0.110471 -0.106075 -0.096653 -0.101084 -0.126554
-0.088602 -0.086418 -0.125631 -0.128829 -0.107587 -0.09668 -0.102861 -0.106548 -0.091721 -0.111175 -0.086996 -0.111342 -0.115715 -0.087142 -0.097621 -0.093176 -0.105422 -0.10607 -0.115214 -0.10565 -0.092371 -0.090943 -0.09045 -0.12035 -0.086364 -0.090366 -0.111255 -0.117739 -0.100057 -0.090592 -0.101562 -0.118444 -0.114285 -0.147734 -0.097565 -0.099837 -0.121416 -0.115138 -0.106734 -0.107264 -0.102967 -0.095608 -0.088151 -0.087479 -0.106269 -0.11165 -0.106969 -0.097772 -0.095721 -0.126231
-0.091044 -0.086159 -0.130125 -0.128965 -0.10733 -0.100427 -0.100456 -0.103439 -0.091594 -0.112305 -0.083136 -0.107019 -0.114749 -0.088969 -0.096187 -0.092583 -0.107552 -0.105493 -0.120409 -0.103852 -0.092671 -0.081522 -0.094382 -0.121353 -0.091205 -0.089066 -0.104496 -0.115701 -0.096854 -0.08719 -0.102676 -0.114186 -0.113148 -0.147964 -0.099748 -0.094691 -0.122768 -0.114898 -0.108246 -0.106068 -0.102535 -0.094507 -0.088255 -0.08654 -0.103013 -0.110433 -0.104853 -0.101041 -0.096218 -0.125169
-0.087782 -0.089813 -0.130156 -0.131032 -0.102671 -0.099918 -0.101224 -0.098678 -0.092436 -0.109828 -0.081752 -0.106638 -0.113177 -0.088749 -0.094657 -0.091059 -0.107073 -0.107528 -0.114547 -0.108729 -0.090226 -0.08392 -0.093287 -0.122469 -0.082254 -0.090631 -0.102734 -0.109877 -0.09657 -0.086602 -0.097571 -0.117998 -0.112955 -0.146636 -0.104536 -0.092476 -0.123512 -0.113594 -0.108366 -0.107708 -0.101104 -0.091417 -0.086205 -0.086861 -0.104949 -0.109104 -0.097754 -0.101496 -0.095242 -0.127291
-0.085848 -0.089119 -0.123361 -0.128842 -0.100186 -0.097061 -0.106509 -0.098525 -0.091195 -0.109674 -0.084321 -0.11026 -0.112876 -0.090273 -0.096628 -0.097054 -0.104857 -0.10322 -0.113263 -0.108352 -0.092716 -0.08133 -0.094846 -0.122556 -0.083555 -0.087812 -0.096676 -0.113931 -0.096999 -0.091339 -0.100995 -0.118838 -0.112325 -0.14896 -0.102702 -0.090454 -0.121245 -0.112764 -0.108178 -0.106707 -0.100487 -0.094184 -0.085699 -0.080626 -0.106142 -0.110198 -0.096129 -0.097542 -0.095505 -0.126506
-0.087866 -0.087767 -0.124165 -0.128383 -0.101881 -0.096813 -0.104189 -0.097946 -0.088769 -0.105557 -0.080158 -0.109281 -0.112973 -0.09035 -0.097325 -0.098278 -0.105963 -0.101831 -0.11367 -0.107405 -0.092361 -0.081539 -0.094821 -0.112782 -0.087976 -0.087038 -0.096087 -0.113984 -0.096247 -0.089555 -0.100544 -0.120544 -0.112765 -0.125609 -0.103196 -0.090955 -0.121132 -0.108184 -0.110778 -0.106773 -0.101417 -0.093482 -0.084253 -0.081253 -0.10427 -0.109922 -0.097128 -0.100018 -0.094423 -0.126249
-0.085503 -0.095515 -0.128714 -0.12629 -0.101763 -0.096639 -0.10274 -0.09949 -0.087657 -0.092661 -0.084474 -0.109104 -0.112385 -0.08983 -0.095952 -0.097914 -0.109384 -0.105945 -0.112557 -0.106703 -0.087446 -0.083217 -0.092831 -0.11396 -0.087412 -0.084968 -0.097898 -0.112783 -0.09704 -0.090013 -0.104516 -0.119397 -0.108991 -0.123997 -0.105731 -0.093097 -0.128162 -0.108729 -0.109599 -0.108238 -0.100709 -0.0931 -0.08857 -0.083147 -0.103234 -0.111795 -0.088809 -0.098105 -0.092682 -0.126281
-0.087487 -0.091002 -0.128654 -0.123972 -0.097667 -0.093956 -0.0988 -0.09872 -0.090098 -0.090517 -0.081795 -0.10962 -0.110505 -0.094481 -0.092929 -0.09398 -0.105449 -0.104319 -0.113493 -0.096066 -0.089162 -0.083357 -0.095376 -0.112742 -0.087202 -0.083035 -0.098818 -0.113627 -0.095265 -0.090434 -0.099648 -0.119043 -0.108095 -0.127799 -0.104802 -0.08742 -0.115088 -0.111257 -0.113793 -0.105542 -0.103383 -0.092376 -0.088943 -0.08198 -0.101751 -0.110457 -0.087796 -0.098118 -0.095738 -0.124826
-0.087487 -0.09384 -0.127226 -0.120301 -0.098764 -0.098016 -0.09946 -0.097793 -0.090336 -0.091605 -0.082533 -0.109861 -0.10412 -0.09043 -0.095708 -0.095053 -0.105874 -0.105867 -0.112665 -0.093482 -0.087821 -0.081116 -0.092683 -0.105764 -0.086387 -0.084626 -0.100018 -0.112508 -0.096614 -0.088202 -0.09943 -0.116578 -0.107399 -0.126341 -0.103974 -0.089534 -0.110343 -0.107862 -0.110108 -0.106733 -0.097473 -0.092907 -0.088195 -0.078665 -0.102088 -0.108113 -0.090406 -0.098615 -0.092276 -0.124874
-0.087846 -0.092449 -0.119436 -0.121886 -0.099642 -0.094623 -0.099382 -0.097518 -0.091162 -0.093074 -0.082163 -0.105565 -0.10342 -0.09079 -0.092951 -0.08948 -0.105854 -0.1077 -0.11148 -0.095216 -0.085419 -0.083056 -0.093514 -0.108317 -0.088979 -0.084042 -0.100422 -0.11049 -0.096616 -0.08961 -0.093547 -0.11574 -0.106005 -0.125011 -0.105727 -0.090096 -0.111563 -0.109868 -0.108913 -0.103065 -0.09914 -0.085512 -0.09135 -0.08375 -0.104574 -0.10404 -0.086737 -0.099388 -0.094126 -0.122931
-0.088732 -0.090729 -0.107055 -0.124162 -0.100608 -0.097329 -0.099667 -0.101328 -0.08756 -0.088208 -0.07749 -0.093056 -0.104346 -0.090941 -0.095863 -0.085865 -0.106959 -0.105768 -0.113 -0.092216 -0.086572 -0.082825 -0.09584 -0.106758 -0.086702 -0.078975 -0.100476 -0.110926 -0.094712 -0.090188 -0.093523 -0.115729 -0.102011 -0.118039 -0.099413 -0.092211 -0.105057 -0.108979 -0.107361 -0.103832 -0.095792 -0.086844 -0.092704 -0.085569 -0.105356 -0.100285 -0.089006 -0.098555 -0.094153 -0.124867
-0.086725 -0.090544 -0.102213 -0.125045 -0.100663 -0.096816 -0.1006 -0.101705 -0.09459 -0.087013 -0.079058 -0.094179 -0.104281 -0.090511 -0.093982 -0.083953 -0.105603 -0.10478 -0.097462 -0.091714 -0.084646 -0.08224 -0.094238 -0.107087 -0.086791 -0.077819 -0.102627 -0.110299 -0.093278 -0.090216 -0.093329 -0.111815 -0.102618 -0.120607 -0.100364 -0.093696 -0.104243 -0.108687 -0.107821 -0.104266 -0.095692 -0.086384 -0.090543 -0.078264 -0.10743 -0.09888 -0.087516 -0.099131 -0.093645 -0.124118
-0.092213 -0.08915 -0.107556 -0.123195 -0.10037 -0.096189 -0.099435 -0.102026 -0.093854 -0.086843 -0.081747 -0.092098 -0.104876 -0.096805 -0.093305 -0.08384 -0.105602 -0.106784 -0.097966 -0.092507 -0.087051 -0.082667 -0.094713 -0.106505 -0.082208 -0.077516 -0.100978 -0.10865 -0.093205 -0.088776 -0.092604 -0.114353 -0.102407 -0.11638 -0.100548 -0.091939 -0.103728 -0.106974 -0.108879 -0.102179 -0.096175 -0.082957 -0.09243 -0.079602 -0.108113 -0.101168 -0.082667 -0.096583 -0.088735 -0.123163
-0.094208 -0.088699 -0.103476 -0.120992 -0.09937 -0.09621 -0.102057 -0.09997 -0.093903 -0.087817 -0.076989 -0.093352 -0.104679 -0.094985 -0.093237 -0.083685 -0.108287 -0.100783 -0.096078 -0.091124 -0.086716 -0.083935 -0.095111 -0.092272 -0.082826 -0.076824 -0.103684 -0.110299 -0.094588 -0.089117 -0.093941 -0.113951 -0.103126 -0.111959 -0.094418 -0.091151 -0.103716 -0.106621 -0.108227 -0.102198 -0.096219 -0.083875 -0.090675 -0.079228 -0.107357 -0.102669 -0.082017 -0.098341 -0.086427 -0.104069
-0.089346 -0.084977 -0.100307 -0.124089 -0.097614 -0.096614 -0.100959 -0.099535 -0.093814 -0.088533 -0.078501 -0.094316 -0.105033 -0.094337 -0.093061 -0.082439 -0.10781 -0.101469 -0.095769 -0.088337 -0.087843 -0.081762 -0.095244 -0.089072 -0.082232 -0.077626 -0.102034 -0.110021 -0.094221 -0.087091 -0.092183 -0.111757 -0.095193 -0.115601 -0.099236 -0.089576 -0.097594 -0.101335 -0.102756 -0.106156 -0.0969 -0.080908 -0.093484 -0.078482 -0.108544 -0.103586 -0.080655 -0.092661 -0.086945 -0.107675
-0.08871 -0.086932 -0.100874 -0.125874 -0.099475 -0.09883 -0.098435 -0.098445 -0.090893 -0.088135 -0.075819 -0.093483 -0.103921 -0.094825 -0.089375 -0.083604 -0.106214 -0.098804 -0.095366 -0.088797 -0.08723 -0.08355 -0.094562 -0.08833 -0.084027 -0.078875 -0.100921 -0.107674 -0.094791 -0.094263 -0.09127 -0.114696 -0.094307 -0.115934 -0.094254 -0.093774 -0.103544 -0.100322 -0.103328 -0.105738 -0.097401 -0.079684 -0.091166 -0.079774 -0.108541 -0.100064 -0.081227 -0.096121 -0.088262 -0.108744
-0.08275 -0.088387 -0.098672 -0.124246 -0.095184 -0.09872 -0.094573 -0.100611 -0.092621 -0.088859 -0.076037 -0.091892 -0.103788 -0.09377 -0.092245 -0.085114 -0.106806 -0.093391 -0.096304 -0.087798 -0.087132 -0.081766 -0.094741 -0.090634 -0.085499 -0.079928 -0.100305 -0.108384 -0.093696 -0.093032 -0.093522 -0.114738 -0.095796 -0.118092 -0.092451 -0.089606 -0.108334 -0.101816 -0.10405 -0.103064 -0.092054 -0.07443 -0.086703 -0.079337 -0.109111 -0.102319 -0.083227 -0.090109 -0.090433 -0.106514
-0.084519 -0.089028 -0.101714 -0.12326 -0.097088 -0.101808 -0.090053 -0.102043 -0.090515 -0.092746 -0.075823 -0.092606 -0.102228 -0.095596 -0.09227 -0.082343 -0.106073 -0.097746 -0.096098 -0.085741 -0.089243 -0.084661 -0.095104 -0.089554 -0.085593 -0.079283 -0.098601 -0.10908 -0.094519 -0.089521 -0.093116 -0.113926 -0.095136 -0.118789 -0.094791 -0.088719 -0.102743 -0.099493 -0.103091 -0.10157 -0.093307 -0.080299 -0.084162 -0.077806 -0.105367 -0.096819 -0.082205 -0.094015 -0.090328 -0.103262
-0.083559 -0.088593 -0.097862 -0.124251 -0.096051 -0.099474 -0.089802 -0.095725 -0.085164 -0.090614 -0.075019 -0.090033 -0.103464 -0.094861 -0.093386 -0.08392 -0.104995 -0.098894 -0.096486 -0.085273 -0.088455 -0.083447 -0.095181 -0.088484 -0.085746 -0.082372 -0.097894 -0.103901 -0.092806 -0.091601 -0.085711 -0.112502 -0.094425 -0.11735 -0.090249 -0.090775 -0.101159 -0.100655 -0.100969 -0.108513 -0.093387 -0.080761 -0.085691 -0.078915 -0.107526 -0.096354 -0.082507 -0.093514 -0.089502 -0.098118
-0.08607 -0.086401 -0.101251 -0.124285 -0.095298 -0.101733 -0.090007 -0.100762 -0.085466 -0.093058 -0.07566 -0.089136 -0.101868 -0.094452 -0.090242 -0.082184 -0.10644 -0.099729 -0.096589 -0.08918 -0.088953 -0.083913 -0.096132 -0.089635 -0.085121 -0.079747 -0.09763 -0.106158 -0.091401 -0.091191 -0.085503 -0.113262 -0.095454 -0.114196 -0.091276 -0.088622 -0.08557 -0.099685 -0.102841 -0.106068 -0.091692 -0.074927 -0.08493 -0.07651 -0.106985 -0.098568 -0.083961 -0.095666 -0.090419 -0.097064
-0.085224 -0.08863 -0.101413 -0.124 -0.095589 -0.098477 -0.090703 -0.097387 -0.0838 -0.090723 -0.07555 -0.089477 -0.103834 -0.097001 -0.089699 -0.08123 -0.106271 -0.101665 -0.096657 -0.084745 -0.087312 -0.084513 -0.094992 -0.089558 -0.080109 -0.083752 -0.098954 -0.094079 -0.091121 -0.090637 -0.089464 -0.116188 -0.092548 -0.115973 -0.089985 -0.085025 -0.084878 -0.098208 -0.100603 -0.106945 -0.093491 -0.074442 -0.083462 -0.077722 -0.10485 -0.092951 -0.082792 -0.093549 -0.091066 -0.095099
-0.082552 -0.087795 -0.101045 -0.11921 -0.094618 -0.098705 -0.090819 -0.101127 -0.083072 -0.088374 -0.076827 -0.088818 -0.102593 -0.095551 -0.088649 -0.085333 -0.106364 -0.100713 -0.097571 -0.087159 -0.086464 -0.083624 -0.089313 -0.088145 -0.078521 -0.082855 -0.09502 -0.091009 -0.085923 -0.091915 -0.09092 -0.114082 -0.094358 -0.116015 -0.092352 -0.087943 -0.085528 -0.100403 -0.102805 -0.107874 -0.091648 -0.074134 -0.083868 -0.078766 -0.106943 -0.092889 -0.082447 -0.09048 -0.090011 -0.094609
-0.084144 -0.087208 -0.102005 -0.120844 -0.094967 -0.098352 -0.091982 -0.097081 -0.083047 -0.088926 -0.077072 -0.090386 -0.1019 -0.095558 -0.08921 -0.0837 -0.105137 -0.099441 -0.09727 -0.086917 -0.083744 -0.080972 -0.091828 -0.084765 -0.077766 -0.080846 -0.095071 -0.091456 -0.086469 -0.091501 -0.083369 -0.113737 -0.092866 -0.112853 -0.094777 -0.087126 -0.083634 -0.098807 -0.100455 -0.106044 -0.090915 -0.073863 -0.084328 -0.077617 -0.105449 -0.093139 -0.081507 -0.090409 -0.088135 -0.091708
-0.083508 -0.08983 -0.100989 -0.121071 -0.096053 -0.097082 -0.091403 -0.098337 -0.086539 -0.090197 -0.077042 -0.087895 -0.102751 -0.098256 -0.090585 -0.084016 -0.105823 -0.098621 -0.096789 -0.084686 -0.085762 -0.08064 -0.087958 -0.081743 -0.078624 -0.07982 -0.09382 -0.09143 -0.086653 -0.090842 -0.083499 -0.109667 -0.094123 -0.113346 -0.09181 -0.087593 -0.082834 -0.095805 -0.102587 -0.106389 -0.09003 -0.075202 -0.08422 -0.077261 -0.10628 -0.092599 -0.08328 -0.089338 -0.089123 -0.092105
-0.083384 -0.087846 -0.098181 -0.125972 -0.094741 -0.098654 -0.091136 -0.100676 -0.086479 -0.092323 -0.07701 -0.093076 -0.098824 -0.096787 -0.089038 -0.082437 -0.104476 -0.100532 -0.097105 -0.082836 -0.083639 -0.080966 -0.088149 -0.08298 -0.081171 -0.08221 -0.094952 -0.091516 -0.087411 -0.090621 -0.086037 -0.110621 -0.094483 -0.112152 -0.089415 -0.08614 -0.082112 -0.094636 -0.100022 -0.104183 -0.089676 -0.076061 -0.086016 -0.074691 -0.106943 -0.091426 -0.081977 -0.088247 -0.090261 -0.090833
-0.08826 -0.088181 -0.097477 -0.123912 -0.095072 -0.09757 -0.091873 -0.099634 -0.080459 -0.092291 -0.081349 -0.08923 -0.09806 -0.095782 -0.091462 -0.082882 -0.104529 -0.098904 -0.097503 -0.087516 -0.081815 -0.080799 -0.088371 -0.081876 -0.077842 -0.083005 -0.094199 -0.09292 -0.088191 -0.089631 -0.085639 -0.1067 -0.092836 -0.102165 -0.08339 -0.087417 -0.082368 -0.09495 -0.102533 -0.105122 -0.087825 -0.072205 -0.083515 -0.077292 -0.10568 -0.090619 -0.083102 -0.089688 -0.09236 -0.091726
-0.091954 -0.088735 -0.094966 -0.104197 -0.091288 -0.097219 -0.090468 -0.098639 -0.080862 -0.091678 -0.081749 -0.089729 -0.092411 -0.097843 -0.089813 -0.081578 -0.107767 -0.098368 -0.099365 -0.086524 -0.082496 -0.079126 -0.086536 -0.083034 -0.076231 -0.082043 -0.092975 -0.093045 -0.087627 -0.089487 -0.085702 -0.110111 -0.092876 -0.103999 -0.082887 -0.088489 -0.082921 -0.094688 -0.097842 -0.103709 -0.08924 -0.073419 -0.082475 -0.076456 -0.105721 -0.089067 -0.082992 -0.089472 -0.092235 -0.092972
-0.092907 -0.089383 -0.09752 -0.105969 -0.09419 -0.098671 -0.090674 -0.100529 -0.081448 -0.091441 -0.081516 -0.090743 -0.092599 -0.096935 -0.091449 -0.081438 -0.105411 -0.098773 -0.099696 -0.084968 -0.081926 -0.079781 -0.087742 -0.081822 -0.073991 -0.082281 -0.094204 -0.092642 -0.0879 -0.089915 -0.086227 -0.110689 -0.094287 -0.100501 -0.083277 -0.088967 -0.082558 -0.093583 -0.098134 -0.102698 -0.0885 -0.073327 -0.081763 -0.0783 -0.105718 -0.090174 -0.087395 -0.089366 -0.092842 -0.090064
-0.087252 -0.08821 -0.098429 -0.106663 -0.090513 -0.095735 -0.091194 -0.097426 -0.080623 -0.096795 -0.074651 -0.085914 -0.09263 -0.093957 -0.090452 -0.081077 -0.106576 -0.09886 -0.100142 -0.087426 -0.080973 -0.080003 -0.082534 -0.083233 -0.076563 -0.081235 -0.09439 -0.091686 -0.087604 -0.08935 -0.085987 -0.111685 -0.095167 -0.100566 -0.084663 -0.085669 -0.083865 -0.09576 -0.100729 -0.09871 -0.09153 -0.075072 -0.085514 -0.077236 -0.099346 -0.09139 -0.086265 -0.090534 -0.089017 -0.099176
-0.088994 -0.089124 -0.09669 -0.10627 -0.09534 -0.096083 -0.090696 -0.097719 -0.081111 -0.095278 -0.075518 -0.086015 -0.093007 -0.096468 -0.089886 -0.081557 -0.105325 -0.101896 -0.099708 -0.08171 -0.080925 -0.080705 -0.083243 -0.082895 -0.075333 -0.080639 -0.091725 -0.093011 -0.086094 -0.088986 -0.085226 -0.108167 -0.093864 -0.102403 -0.082761 -0.087023 -0.084076 -0.093167 -0.100989 -0.09922 -0.09035 -0.073692 -0.081847 -0.075643 -0.102073 -0.091454 -0.087422 -0.090062 -0.090501 -0.096857
-0.089493 -0.08869 -0.091142 -0.108096 -0.091555 -0.095168 -0.091288 -0.096031 -0.080465 -0.091786 -0.078501 -0.086538 -0.091758 -0.094377 -0.090444 -0.080032 -0.104181 -0.094793 -0.100899 -0.084295 -0.082901 -0.081435 -0.082146 -0.082184 -0.076808 -0.081505 -0.090905 -0.091257 -0.085827 -0.089343 -0.085829 -0.108304 -0.09406 -0.099363 -0.08407 -0.089094 -0.084888 -0.093029 -0.099365 -0.095889 -0.091698 -0.074516 -0.084745 -0.078474 -0.101477 -0.092957 -0.085098 -0.089814 -0.09081 -0.097282
-0.08896 -0.089186 -0.096104 -0.107952 -0.092177 -0.094743 -0.091963 -0.097666 -0.082133 -0.090161 -0.076043 -0.086662 -0.092563 -0.095466 -0.088073 -0.079848 -0.104238 -0.097319 -0.101381 -0.082882 -0.089885 -0.081977 -0.080737 -0.083853 -0.076 -0.081912 -0.091364 -0.092024 -0.086085 -0.092846 -0.085553 -0.106047 -0.094005 -0.102373 -0.083317 -0.089852 -0.083952 -0.092936 -0.095505 -0.097005 -0.091047 -0.073825 -0.083065 -0.076128 -0.102679 -0.093312 -0.082864 -0.089698 -0.092763 -0.097951
-0.087968 -0.086821 -0.092904 -0.107289 -0.094395 -0.095915 -0.090032 -0.096301 -0.082697 -0.090003 -0.076002 -0.085795 -0.091701 -0.09567 -0.089513 -0.081504 -0.101635 -0.094337 -0.099568 -0.086306 -0.089945 -0.079875 -0.081429 -0.081173 -0.075664 -0.080528 -0.092135 -0.090798 -0.084542 -0.092276 -0.08621 -0.104963 -0.093933 -0.102633 -0.082141 -0.088439 -0.084918 -0.092382 -0.097977 -0.103103 -0.089914 -0.072897 -0.082649 -0.075826 -0.102695 -0.091821 -0.083861 -0.089656 -0.090759 -0.097393
-0.085403 -0.089028 -0.093049 -0.10556 -0.095918 -0.095427 -0.090467 -0.097834 -0.0829 -0.088733 -0.076063 -0.086459 -0.091818 -0.093278 -0.086856 -0.081027 -0.101841 -0.0989 -0.098517 -0.086221 -0.089623 -0.07823 -0.082249 -0.083521 -0.076313 -0.079426 -0.0898 -0.091435 -0.086697 -0.091401 -0.087717 -0.105301 -0.093682 -0.103143 -0.081265 -0.086788 -0.084428 -0.094241 -0.097997 -0.102947 -0.090619 -0.07551 -0.08325 -0.078596 -0.102521 -0.09116 -0.081046 -0.083098 -0.09123 -0.098445
