0.36 0.228000000000002 0.199999999999996 0.240000000000009 0.183999999999997
0.544 0.423999999999999 0.351999999999997 1.23600000000002 0.35199999999999
0.688 0.576000000000001 0.488 1.88400000000001 3.35199999999999
0.88 0.731999999999999 0.643999999999998 2.01200000000001 3.49199999999999
1.02 0.856000000000002 0.771999999999998 2.15200000000002 3.63199999999999
1.164 1.02 0.895999999999994 2.29200000000002 3.78
1.312 1.144 1.016 5.29200000000002 3.89200000000001
1.444 1.304 1.15199999999999 5.42400000000001 4.00400000000002
1.552 1.452 1.276 5.56000000000002 4.13200000000002
1.644 1.58 1.38 5.67600000000002 4.24000000000002
1.772 1.68 1.484 5.79200000000002 4.34800000000001
1.876 1.828 1.604 5.90400000000001 4.47600000000001
1.996 1.928 1.724 6.01200000000001 4.60000000000001
2.092 2.076 1.856 6.13200000000002 4.69200000000001
2.2 2.172 1.948 6.24800000000002 4.816
2.304 2.288 2.04 6.34400000000002 4.92399999999999
2.388 2.4 2.128 6.43200000000002 5.04799999999999
2.476 2.504 2.216 6.54400000000003 5.17999999999998
2.58 2.624 2.316 6.62400000000002 5.26799999999997
2.704 2.752 2.44 6.73200000000003 5.35599999999997
2.804 2.852 2.524 6.81200000000003 5.44799999999996
2.932 2.972 2.6 6.90400000000002 5.56399999999996
3.008 3.084 2.68 6.99200000000002 5.65199999999997
3.104 3.188 2.764 7.07200000000002 5.75199999999997
3.204 3.264 2.84 7.18000000000002 5.83199999999997
3.32 3.34399999999999 2.94 7.26000000000002 5.91599999999997
3.416 3.416 3.052 7.36800000000002 6.01199999999997
3.504 3.52 3.136 7.45600000000003 6.09599999999998
3.604 3.596 3.204 7.52400000000003 6.20799999999998
3.732 3.70399999999999 3.28400000000001 7.62000000000003 6.29999999999998
3.82 3.812 3.36000000000001 7.69600000000003 6.41999999999999
3.92 3.892 3.43600000000001 7.80000000000004 6.48399999999998
4.232 3.952 3.51600000000001 7.87600000000003 6.58399999999997
5.248 4.036 3.59200000000001 7.95200000000004 6.68799999999997
5.676 4.168 3.69200000000001 8.03600000000003 6.77599999999997
5.784 4.248 3.776 8.13200000000003 6.85199999999996
5.892 4.34 3.864 8.20000000000005 6.95199999999996
5.968 4.432 3.928 8.26800000000004 7.06399999999996
6.06000000000001 4.51600000000001 4.00800000000001 8.34400000000004 7.15199999999996
6.14400000000001 4.596 4.08800000000001 8.42400000000004 7.23999999999997
6.25200000000001 4.66 4.19600000000001 8.51200000000004 7.32399999999997
6.33600000000001 4.752 4.268 8.59200000000006 7.40399999999997
6.42400000000001 4.836 4.332 8.67600000000006 7.47199999999997
6.56000000000001 4.92 4.416 8.74800000000006 7.57599999999996
6.62800000000001 5.036 4.48800000000001 8.83600000000007 7.67999999999998
6.71200000000001 5.12 4.56400000000001 8.92400000000008 7.75999999999998
6.81600000000001 5.196 4.66400000000001 9.01200000000009 7.83599999999998
6.92800000000001 5.26 4.736 9.09200000000008 7.89999999999999
7.00000000000001 5.34 4.816 9.16800000000009 7.996
7.09200000000001 5.424 4.91200000000001 9.26400000000008 8.068
