-0.117731 -0.154335 -0.148268 -0.121568 -0.134445
-0.12028 -0.130461 -0.139991 -0.156 -0.162988
-0.141998 -0.115549 -0.121108 -0.142946 -0.15433
-0.106061 -0.099736 -0.136412 -0.108164 -0.139613
-0.117929 -0.104349 -0.149032 -0.102341 -0.102824
-0.113601 -0.09695 -0.115681 -0.102877 -0.120383
-0.10414 -0.09416 -0.12278 -0.11363 -0.124287
-0.105494 -0.090918 -0.115557 -0.106365 -0.121514
-0.098991 -0.099728 -0.11525 -0.113907 -0.112457
-0.095619 -0.085528 -0.114666 -0.098793 -0.108182
-0.091336 -0.090684 -0.11626 -0.092256 -0.10244
-0.095798 -0.093413 -0.106602 -0.092916 -0.099571
-0.096291 -0.088596 -0.107755 -0.091415 -0.103727
-0.091803 -0.083481 -0.117595 -0.091509 -0.100677
-0.096018 -0.081191 -0.106381 -0.087288 -0.099389
-0.098508 -0.082199 -0.110571 -0.081276 -0.095509
-0.093811 -0.083971 -0.096507 -0.084579 -0.095723
-0.094663 -0.083714 -0.096567 -0.088451 -0.102342
-0.094775 -0.077945 -0.107829 -0.087267 -0.100294
-0.094093 -0.089621 -0.101471 -0.090379 -0.096053
-0.090611 -0.091898 -0.093698 -0.086101 -0.096551
-0.087944 -0.090315 -0.092277 -0.08773 -0.094355
-0.087291 -0.077076 -0.088499 -0.079274 -0.094712
-0.088872 -0.076682 -0.086487 -0.079813 -0.094067
-0.08717 -0.077843 -0.091233 -0.079266 -0.088741
-0.085538 -0.080286 -0.093588 -0.077548 -0.088398
-0.084505 -0.07593 -0.089663 -0.080304 -0.094958
-0.079882 -0.074742 -0.089883 -0.085906 -0.094676
-0.09053 -0.07209 -0.090648 -0.082738 -0.091666
-0.089891 -0.068996 -0.085945 -0.081759 -0.089705
-0.089985 -0.071809 -0.082297 -0.085938 -0.087514
-0.082269 -0.075694 -0.085459 -0.081813 -0.085169
-0.078708 -0.072436 -0.082012 -0.077034 -0.085056
-0.077803 -0.070072 -0.088821 -0.075048 -0.080301
-0.083527 -0.073209 -0.083348 -0.074837 -0.081065
-0.081251 -0.074072 -0.083629 -0.073376 -0.088216
-0.079803 -0.07364 -0.085811 -0.072706 -0.081261
-0.080505 -0.073466 -0.084387 -0.076346 -0.083807
-0.080638 -0.071213 -0.082767 -0.07836 -0.08461
-0.079488 -0.071597 -0.082504 -0.076154 -0.082261
-0.077246 -0.072215 -0.08591 -0.074407 -0.077117
-0.07563 -0.073206 -0.083796 -0.074925 -0.075007
-0.077481 -0.07755 -0.081434 -0.074269 -0.072953
-0.085824 -0.074807 -0.076998 -0.07466 -0.074719
-0.078359 -0.071825 -0.083991 -0.073186 -0.073699
-0.076646 -0.073625 -0.084769 -0.070771 -0.074294
-0.076983 -0.072489 -0.088052 -0.070734 -0.078364
-0.07762 -0.072655 -0.086053 -0.071256 -0.076118
-0.07927 -0.071526 -0.081222 -0.073537 -0.073871
-0.07909 -0.069507 -0.088778 -0.071767 -0.074297
