-0.26486 -0.223969 -0.299821 -0.189995 -0.228268 -0.26485 -0.201847 -0.206998 -0.240985 -0.218619 -0.241638 -0.23846 -0.210179 -0.247943 -0.238161 -0.218915 -0.233269 -0.234511 -0.199198 -0.19903 -0.254699 -0.263518 -0.215813 -0.250013 -0.327914 -0.248663 -0.252648 -0.219838 -0.319173 -0.213766 -0.285608 -0.208051 -0.252618 -0.247773 -0.212876 -0.24945 -0.248862 -0.232943 -0.247816 -0.198652 -0.265327 -0.266883 -0.265327 -0.335594 -0.185115 -0.211902 -0.266221 -0.270875 -0.392463 -0.25227
-0.186356 -0.241216 -0.267155 -0.174866 -0.150619 -0.192673 -0.183221 -0.195347 -0.184443 -0.202383 -0.188242 -0.217045 -0.197075 -0.183034 -0.176322 -0.180192 -0.196238 -0.240706 -0.156119 -0.182601 -0.149012 -0.231243 -0.156667 -0.190399 -0.262562 -0.204475 -0.217745 -0.242564 -0.234744 -0.159752 -0.312184 -0.181437 -0.193668 -0.22205 -0.165782 -0.205684 -0.199035 -0.20268 -0.182166 -0.134061 -0.240375 -0.189457 -0.193642 -0.241455 -0.211073 -0.185064 -0.222446 -0.171822 -0.203629 -0.188139
-0.156375 -0.167787 -0.216985 -0.156232 -0.14323 -0.160565 -0.165349 -0.229736 -0.158637 -0.175591 -0.174306 -0.191773 -0.154501 -0.168875 -0.147827 -0.17622 -0.251276 -0.192261 -0.13364 -0.193808 -0.13327 -0.212983 -0.177036 -0.174434 -0.186437 -0.14491 -0.181083 -0.134535 -0.180402 -0.189295 -0.193282 -0.164388 -0.155758 -0.215278 -0.194791 -0.188868 -0.14137 -0.181521 -0.249016 -0.143977 -0.180551 -0.147026 -0.142726 -0.228347 -0.20026 -0.15285 -0.19741 -0.195539 -0.16189 -0.182705
-0.164832 -0.137557 -0.136176 -0.135465 -0.140259 -0.209793 -0.190145 -0.161433 -0.123195 -0.195904 -0.12755 -0.177938 -0.125659 -0.187716 -0.131213 -0.176168 -0.19587 -0.191471 -0.119854 -0.149715 -0.117489 -0.142706 -0.17303 -0.160748 -0.136032 -0.133286 -0.20086 -0.145108 -0.156863 -0.177922 -0.167415 -0.147293 -0.133971 -0.181007 -0.171295 -0.157605 -0.135837 -0.172222 -0.191317 -0.182379 -0.136788 -0.14212 -0.114442 -0.190728 -0.19456 -0.128043 -0.181317 -0.152021 -0.141428 -0.158224
-0.142826 -0.125317 -0.124217 -0.15899 -0.127109 -0.123733 -0.145414 -0.182078 -0.148087 -0.154776 -0.147124 -0.166256 -0.138474 -0.160806 -0.132874 -0.198903 -0.170809 -0.182582 -0.122333 -0.137737 -0.1258 -0.147622 -0.145656 -0.126362 -0.138503 -0.120864 -0.152372 -0.144317 -0.124428 -0.162831 -0.136903 -0.157019 -0.110615 -0.164751 -0.157977 -0.133846 -0.146094 -0.134291 -0.146982 -0.167107 -0.13315 -0.130924 -0.132297 -0.188546 -0.13384 -0.126996 -0.12829 -0.12348 -0.140487 -0.14787
-0.125143 -0.157881 -0.127189 -0.15266 -0.104174 -0.118034 -0.175505 -0.159867 -0.124914 -0.108052 -0.130821 -0.167962 -0.108356 -0.154529 -0.139139 -0.106541 -0.195696 -0.161578 -0.114364 -0.124453 -0.133953 -0.13781 -0.147663 -0.129696 -0.149148 -0.148048 -0.171529 -0.145511 -0.146446 -0.148787 -0.127796 -0.157124 -0.12941 -0.113843 -0.153565 -0.121412 -0.108467 -0.136431 -0.125974 -0.169673 -0.144034 -0.123489 -0.108227 -0.164643 -0.15661 -0.151979 -0.128874 -0.111048 -0.169327 -0.138532
-0.12045 -0.149623 -0.153808 -0.12298 -0.097034 -0.127677 -0.179039 -0.153111 -0.116113 -0.125631 -0.150541 -0.128157 -0.163454 -0.116799 -0.135214 -0.105834 -0.146543 -0.141446 -0.115656 -0.118942 -0.140787 -0.180555 -0.105386 -0.109145 -0.149686 -0.143429 -0.146262 -0.134935 -0.115207 -0.128214 -0.121142 -0.158696 -0.114149 -0.109902 -0.143454 -0.117295 -0.101163 -0.11348 -0.101594 -0.162898 -0.149782 -0.121074 -0.141132 -0.173001 -0.125048 -0.143589 -0.112343 -0.113615 -0.16009 -0.114806
-0.121755 -0.150789 -0.105657 -0.111322 -0.096395 -0.140418 -0.159483 -0.140782 -0.133031 -0.090231 -0.128441 -0.142678 -0.148134 -0.121355 -0.120664 -0.1258 -0.111082 -0.131036 -0.120028 -0.130453 -0.168231 -0.118905 -0.117872 -0.111225 -0.165462 -0.13702 -0.120831 -0.118069 -0.122507 -0.132841 -0.101303 -0.142997 -0.092186 -0.122382 -0.134478 -0.120886 -0.116434 -0.109725 -0.104063 -0.159481 -0.113974 -0.140983 -0.146468 -0.13818 -0.121296 -0.147237 -0.118788 -0.108145 -0.164353 -0.131061
-0.121834 -0.144401 -0.093764 -0.108402 -0.11068 -0.112146 -0.113203 -0.135514 -0.094475 -0.105258 -0.11551 -0.107929 -0.104176 -0.115456 -0.119489 -0.136058 -0.118527 -0.146983 -0.126361 -0.117888 -0.180686 -0.152284 -0.098206 -0.119819 -0.155931 -0.114633 -0.117498 -0.105449 -0.129211 -0.127623 -0.111894 -0.177782 -0.100684 -0.131712 -0.125986 -0.128203 -0.081741 -0.094663 -0.120819 -0.132865 -0.122819 -0.127098 -0.135467 -0.128829 -0.130905 -0.121193 -0.126494 -0.110527 -0.231164 -0.110204
-0.132872 -0.129838 -0.098322 -0.105102 -0.114916 -0.12226 -0.15877 -0.117234 -0.117556 -0.112699 -0.154647 -0.109803 -0.104617 -0.119304 -0.1316 -0.108894 -0.09288 -0.129895 -0.123405 -0.126019 -0.122202 -0.128161 -0.098647 -0.120442 -0.120083 -0.120092 -0.112652 -0.114315 -0.115414 -0.10962 -0.100831 -0.149982 -0.125026 -0.102691 -0.126021 -0.098917 -0.087438 -0.118553 -0.11572 -0.154192 -0.12925 -0.123296 -0.123481 -0.13196 -0.121789 -0.101326 -0.113725 -0.135343 -0.11915 -0.110097
-0.120389 -0.11891 -0.09971 -0.115935 -0.127218 -0.126983 -0.114847 -0.128296 -0.13085 -0.085204 -0.121061 -0.123269 -0.103297 -0.124677 -0.123375 -0.112685 -0.109547 -0.127824 -0.122927 -0.122869 -0.148351 -0.113956 -0.111259 -0.122227 -0.112582 -0.135048 -0.134776 -0.108896 -0.124484 -0.092383 -0.101722 -0.140948 -0.11121 -0.096739 -0.123894 -0.101208 -0.103934 -0.110149 -0.105414 -0.132488 -0.118298 -0.104878 -0.120609 -0.112217 -0.130108 -0.107261 -0.113034 -0.124657 -0.112794 -0.124449
-0.133447 -0.138345 -0.130713 -0.113611 -0.109413 -0.142969 -0.117772 -0.123088 -0.10745 -0.089786 -0.113488 -0.102364 -0.099104 -0.13811 -0.118979 -0.109275 -0.116237 -0.111257 -0.174149 -0.110627 -0.13146 -0.089331 -0.108161 -0.111446 -0.124067 -0.134425 -0.115298 -0.111274 -0.112434 -0.106561 -0.105106 -0.139947 -0.128289 -0.1057 -0.10087 -0.091517 -0.101756 -0.091521 -0.107569 -0.142743 -0.130242 -0.134134 -0.107428 -0.10944 -0.119786 -0.13214 -0.110283 -0.131007 -0.116241 -0.146108
-0.124244 -0.120315 -0.125842 -0.109897 -0.116972 -0.170482 -0.120522 -0.116652 -0.124597 -0.085072 -0.138721 -0.104219 -0.097025 -0.126517 -0.112413 -0.099797 -0.126269 -0.095242 -0.118039 -0.113391 -0.149893 -0.10157 -0.113574 -0.109364 -0.140301 -0.148355 -0.124705 -0.135276 -0.116813 -0.118392 -0.106526 -0.104874 -0.114752 -0.100113 -0.08977 -0.091206 -0.10717 -0.080305 -0.113602 -0.122687 -0.125418 -0.131669 -0.094888 -0.113407 -0.126952 -0.111497 -0.101445 -0.127165 -0.096092 -0.119622
-0.109708 -0.128472 -0.153263 -0.130229 -0.115302 -0.156232 -0.138257 -0.102125 -0.107679 -0.089741 -0.124698 -0.106239 -0.098236 -0.117803 -0.114 -0.111854 -0.11149 -0.10737 -0.142562 -0.126368 -0.137301 -0.087502 -0.110047 -0.102257 -0.147437 -0.136048 -0.110438 -0.103776 -0.123984 -0.099915 -0.125474 -0.110067 -0.110989 -0.091003 -0.101609 -0.095225 -0.114414 -0.090517 -0.109516 -0.101681 -0.106483 -0.111094 -0.113666 -0.101293 -0.13148 -0.11009 -0.108698 -0.12582 -0.103117 -0.147346
-0.098161 -0.111072 -0.14791 -0.138129 -0.097781 -0.138184 -0.162175 -0.104265 -0.128085 -0.095839 -0.110034 -0.107338 -0.094851 -0.1085 -0.114005 -0.106406 -0.107001 -0.116722 -0.147655 -0.112519 -0.126943 -0.109757 -0.094118 -0.102991 -0.134971 -0.119359 -0.105418 -0.10543 -0.140706 -0.107965 -0.112814 -0.120562 -0.102602 -0.101651 -0.099812 -0.140751 -0.097038 -0.088362 -0.111809 -0.109815 -0.123855 -0.123927 -0.10928 -0.113111 -0.137205 -0.118869 -0.11066 -0.118894 -0.108301 -0.121799
-0.083049 -0.105194 -0.115982 -0.130258 -0.103801 -0.13208 -0.13489 -0.111441 -0.086502 -0.089386 -0.105955 -0.098201 -0.093072 -0.115933 -0.116956 -0.137046 -0.10526 -0.115477 -0.147565 -0.114661 -0.126231 -0.100737 -0.096424 -0.097484 -0.12843 -0.12077 -0.102081 -0.106891 -0.138861 -0.118983 -0.107699 -0.117199 -0.106377 -0.098276 -0.095346 -0.195182 -0.086626 -0.098683 -0.105393 -0.100534 -0.12192 -0.146542 -0.107931 -0.120129 -0.130198 -0.115109 -0.102989 -0.118954 -0.105185 -0.124505
-0.081597 -0.10442 -0.094152 -0.127223 -0.085609 -0.128861 -0.131576 -0.099907 -0.087587 -0.098237 -0.108028 -0.108207 -0.094111 -0.094202 -0.116063 -0.12271 -0.108115 -0.112389 -0.147278 -0.11565 -0.113306 -0.094117 -0.086656 -0.103835 -0.127374 -0.126627 -0.118189 -0.111941 -0.153571 -0.115383 -0.089856 -0.103592 -0.116666 -0.084191 -0.10049 -0.102693 -0.09406 -0.104771 -0.108688 -0.118543 -0.139363 -0.122843 -0.115682 -0.120191 -0.124182 -0.095072 -0.102729 -0.105997 -0.105382 -0.116746
-0.099347 -0.122551 -0.086246 -0.120638 -0.090424 -0.119494 -0.119792 -0.092273 -0.081273 -0.097879 -0.12143 -0.096352 -0.095325 -0.114956 -0.116273 -0.124869 -0.112695 -0.109025 -0.145298 -0.112866 -0.124671 -0.083234 -0.098622 -0.104414 -0.117721 -0.145378 -0.112931 -0.104932 -0.13745 -0.119118 -0.095416 -0.089451 -0.119296 -0.093418 -0.092125 -0.138369 -0.085483 -0.108941 -0.123669 -0.122225 -0.144861 -0.107935 -0.11573 -0.093331 -0.114065 -0.093277 -0.130121 -0.104145 -0.117203 -0.111573
-0.08958 -0.132611 -0.106596 -0.124568 -0.091947 -0.108733 -0.10293 -0.098442 -0.0831 -0.123377 -0.114882 -0.093695 -0.100436 -0.098589 -0.110757 -0.128248 -0.10692 -0.10959 -0.121327 -0.104784 -0.116011 -0.083129 -0.098463 -0.107057 -0.12072 -0.102102 -0.100925 -0.108429 -0.144331 -0.10767 -0.09859 -0.08981 -0.11242 -0.093207 -0.094731 -0.115524 -0.087576 -0.104165 -0.115945 -0.1005 -0.141325 -0.113432 -0.125993 -0.097258 -0.118848 -0.101763 -0.134627 -0.095643 -0.128394 -0.111548
-0.086861 -0.116914 -0.105765 -0.14532 -0.086658 -0.099389 -0.108714 -0.101566 -0.082756 -0.125776 -0.107948 -0.101762 -0.101097 -0.123346 -0.113853 -0.101536 -0.09804 -0.113565 -0.115044 -0.107516 -0.104362 -0.086482 -0.094835 -0.088357 -0.111589 -0.110196 -0.09941 -0.111356 -0.124554 -0.107573 -0.093248 -0.0849 -0.099224 -0.099559 -0.092082 -0.095685 -0.094378 -0.103256 -0.10909 -0.100195 -0.142244 -0.099501 -0.107808 -0.112665 -0.101619 -0.119998 -0.113908 -0.100285 -0.114517 -0.117784
-0.092182 -0.121974 -0.101679 -0.136913 -0.088267 -0.104992 -0.096196 -0.109015 -0.086337 -0.091956 -0.111572 -0.099198 -0.103601 -0.128111 -0.116337 -0.095439 -0.096651 -0.12184 -0.110637 -0.103615 -0.099145 -0.086781 -0.124818 -0.133148 -0.113634 -0.107293 -0.101131 -0.097267 -0.14627 -0.105512 -0.092913 -0.101408 -0.108707 -0.09538 -0.094239 -0.099334 -0.098323 -0.089513 -0.119787 -0.098198 -0.139106 -0.108482 -0.113759 -0.108569 -0.111713 -0.114034 -0.104865 -0.093243 -0.117417 -0.122331
-0.091666 -0.113428 -0.100846 -0.107175 -0.087407 -0.100718 -0.103796 -0.092822 -0.085412 -0.088245 -0.102648 -0.0989 -0.100978 -0.132514 -0.116061 -0.08423 -0.087434 -0.096632 -0.108775 -0.097698 -0.100159 -0.096046 -0.108496 -0.117256 -0.092569 -0.098387 -0.087786 -0.092665 -0.130636 -0.093956 -0.11244 -0.108541 -0.110638 -0.089686 -0.106332 -0.098568 -0.097148 -0.10777 -0.114169 -0.096244 -0.111593 -0.105511 -0.131629 -0.120802 -0.100504 -0.116587 -0.098419 -0.107217 -0.099028 -0.12545
-0.086532 -0.121847 -0.104517 -0.105264 -0.077616 -0.112363 -0.090071 -0.114584 -0.086929 -0.086967 -0.099647 -0.090789 -0.103574 -0.118686 -0.117145 -0.097713 -0.081743 -0.094135 -0.111734 -0.098342 -0.123292 -0.092434 -0.091512 -0.123282 -0.085349 -0.108239 -0.100164 -0.092048 -0.127064 -0.102018 -0.092129 -0.109902 -0.098999 -0.089573 -0.097543 -0.09196 -0.100544 -0.084934 -0.115135 -0.100303 -0.110145 -0.084606 -0.122916 -0.104843 -0.097814 -0.104132 -0.116028 -0.117826 -0.106713 -0.095659
-0.090742 -0.117205 -0.109496 -0.131211 -0.074396 -0.114813 -0.082914 -0.126973 -0.093723 -0.080084 -0.103462 -0.102299 -0.098737 -0.120659 -0.104489 -0.088145 -0.081983 -0.107305 -0.119817 -0.09749 -0.114415 -0.078226 -0.104048 -0.130473 -0.083868 -0.123137 -0.082691 -0.087107 -0.124632 -0.089007 -0.0984 -0.116412 -0.09712 -0.084746 -0.086883 -0.097001 -0.096412 -0.089942 -0.114877 -0.119071 -0.107586 -0.085253 -0.09802 -0.089687 -0.095279 -0.077932 -0.09101 -0.108398 -0.103821 -0.095368
-0.086398 -0.114302 -0.097932 -0.128144 -0.070216 -0.105797 -0.097323 -0.104028 -0.098503 -0.086373 -0.106287 -0.096542 -0.097623 -0.115901 -0.106273 -0.10988 -0.085463 -0.101806 -0.120535 -0.09801 -0.121256 -0.072898 -0.090045 -0.118672 -0.081922 -0.116584 -0.087975 -0.09682 -0.118058 -0.097315 -0.115431 -0.110359 -0.111898 -0.109058 -0.089326 -0.105546 -0.084546 -0.096381 -0.126988 -0.120977 -0.117681 -0.077509 -0.100347 -0.102438 -0.100985 -0.085071 -0.097343 -0.113201 -0.095262 -0.092748
-0.098518 -0.112241 -0.094659 -0.107812 -0.077826 -0.110493 -0.089512 -0.105395 -0.096028 -0.085803 -0.109701 -0.089557 -0.102849 -0.093244 -0.102388 -0.093067 -0.087575 -0.089636 -0.114395 -0.086644 -0.095735 -0.075981 -0.096546 -0.110533 -0.093021 -0.09941 -0.088645 -0.099445 -0.142183 -0.103957 -0.086839 -0.107723 -0.116781 -0.110472 -0.090146 -0.103074 -0.088682 -0.097821 -0.10703 -0.128285 -0.109301 -0.090484 -0.095799 -0.100871 -0.104221 -0.091255 -0.09229 -0.113152 -0.114469 -0.102005
-0.077847 -0.103695 -0.089778 -0.11568 -0.078618 -0.110554 -0.08515 -0.089624 -0.10109 -0.094188 -0.106331 -0.108043 -0.090664 -0.111839 -0.102696 -0.121435 -0.106758 -0.082767 -0.103831 -0.088693 -0.094172 -0.075759 -0.090629 -0.1129 -0.084471 -0.101716 -0.086225 -0.088767 -0.143243 -0.098509 -0.095471 -0.106022 -0.119908 -0.095519 -0.098865 -0.103209 -0.088105 -0.106961 -0.08571 -0.116721 -0.109076 -0.090639 -0.104856 -0.092127 -0.11042 -0.088816 -0.103122 -0.110577 -0.101152 -0.09988
-0.081576 -0.09983 -0.095212 -0.103296 -0.077792 -0.095569 -0.090288 -0.099093 -0.108934 -0.089188 -0.096548 -0.112557 -0.099362 -0.114716 -0.107771 -0.118191 -0.096685 -0.102448 -0.102859 -0.092494 -0.093897 -0.083458 -0.100398 -0.108993 -0.089738 -0.092606 -0.085026 -0.084009 -0.110895 -0.095155 -0.091675 -0.118567 -0.124145 -0.091583 -0.104118 -0.103585 -0.085768 -0.116636 -0.103315 -0.115152 -0.108854 -0.087897 -0.117341 -0.09804 -0.108037 -0.083565 -0.109056 -0.119903 -0.098237 -0.095704
-0.090235 -0.092155 -0.094184 -0.127426 -0.081131 -0.094937 -0.089552 -0.088171 -0.112232 -0.101651 -0.097813 -0.097147 -0.096222 -0.127991 -0.110637 -0.130648 -0.111304 -0.095694 -0.088637 -0.093005 -0.088838 -0.097904 -0.101244 -0.108356 -0.092813 -0.096896 -0.085783 -0.083949 -0.098162 -0.09499 -0.094596 -0.121257 -0.120842 -0.098376 -0.10113 -0.104309 -0.097553 -0.098003 -0.085551 -0.08173 -0.106769 -0.109335 -0.15603 -0.101457 -0.105753 -0.084509 -0.099267 -0.110343 -0.097551 -0.105142
-0.091534 -0.099196 -0.099711 -0.108368 -0.066765 -0.093451 -0.087349 -0.091449 -0.114574 -0.098905 -0.088887 -0.107612 -0.099941 -0.122798 -0.097041 -0.128101 -0.097144 -0.090774 -0.08833 -0.10072 -0.088188 -0.085656 -0.110325 -0.109924 -0.111716 -0.095907 -0.095076 -0.089374 -0.111791 -0.087929 -0.093992 -0.107056 -0.147886 -0.120144 -0.093075 -0.10104 -0.100103 -0.105329 -0.083238 -0.08769 -0.108212 -0.108745 -0.127079 -0.099492 -0.105616 -0.0847 -0.090636 -0.108451 -0.100527 -0.175567
-0.087889 -0.115723 -0.100522 -0.11015 -0.076934 -0.104185 -0.078613 -0.100674 -0.114229 -0.096085 -0.086029 -0.108673 -0.096804 -0.129033 -0.098638 -0.144325 -0.103579 -0.093667 -0.103893 -0.115676 -0.082549 -0.078856 -0.104988 -0.091749 -0.112025 -0.100716 -0.090604 -0.086803 -0.110744 -0.091239 -0.091598 -0.097196 -0.107883 -0.125397 -0.083718 -0.124568 -0.094579 -0.099151 -0.089287 -0.096606 -0.104495 -0.108626 -0.123832 -0.095449 -0.092894 -0.090709 -0.097318 -0.117729 -0.108918 -0.089372
-0.08463 -0.099735 -0.120086 -0.112363 -0.079376 -0.100361 -0.078214 -0.087187 -0.108845 -0.100771 -0.093318 -0.079636 -0.098922 -0.092173 -0.106907 -0.13035 -0.088246 -0.098019 -0.085138 -0.105843 -0.08489 -0.09945 -0.085727 -0.124022 -0.112026 -0.08843 -0.116674 -0.087706 -0.104662 -0.084852 -0.08588 -0.101862 -0.125832 -0.125303 -0.087045 -0.095751 -0.097133 -0.110788 -0.145658 -0.0925 -0.10039 -0.109471 -0.122588 -0.097734 -0.095852 -0.083938 -0.091285 -0.121946 -0.119975 -0.094242
-0.07544 -0.112036 -0.105178 -0.098722 -0.075537 -0.108012 -0.115954 -0.090939 -0.101228 -0.109298 -0.089037 -0.085264 -0.091615 -0.099768 -0.103956 -0.118144 -0.100852 -0.092451 -0.08434 -0.105184 -0.086335 -0.102784 -0.106638 -0.105687 -0.090157 -0.093155 -0.073498 -0.083321 -0.096121 -0.085963 -0.109826 -0.085436 -0.135866 -0.102277 -0.093399 -0.099434 -0.099842 -0.103458 -0.110374 -0.093335 -0.09861 -0.115126 -0.106484 -0.087074 -0.09467 -0.087187 -0.089802 -0.11131 -0.108349 -0.092932
-0.086169 -0.11318 -0.087426 -0.102628 -0.083413 -0.104004 -0.086612 -0.094491 -0.106942 -0.109447 -0.091765 -0.099134 -0.09191 -0.097547 -0.1071 -0.087259 -0.091714 -0.093585 -0.078922 -0.127633 -0.100585 -0.113837 -0.098018 -0.102945 -0.079947 -0.099848 -0.07301 -0.091134 -0.11394 -0.084176 -0.098585 -0.08616 -0.123066 -0.098567 -0.151313 -0.083395 -0.092723 -0.100928 -0.109527 -0.098627 -0.122089 -0.147559 -0.105853 -0.106183 -0.086102 -0.084789 -0.083283 -0.106781 -0.105787 -0.096404
-0.083961 -0.101914 -0.091525 -0.103277 -0.084144 -0.089676 -0.093028 -0.096042 -0.103569 -0.090077 -0.091615 -0.098209 -0.116417 -0.089714 -0.112918 -0.085268 -0.093831 -0.099097 -0.081213 -0.100731 -0.081154 -0.117289 -0.084368 -0.090222 -0.080466 -0.107452 -0.077934 -0.118356 -0.120278 -0.088707 -0.103393 -0.091379 -0.113796 -0.103051 -0.103385 -0.083652 -0.114821 -0.104676 -0.089264 -0.096907 -0.12148 -0.14701 -0.105931 -0.08817 -0.082962 -0.08678 -0.090627 -0.096661 -0.106378 -0.103954
-0.081198 -0.115502 -0.111407 -0.098499 -0.08694 -0.112987 -0.080351 -0.106082 -0.099732 -0.097713 -0.09184 -0.103937 -0.124136 -0.087325 -0.103448 -0.106998 -0.093817 -0.094992 -0.078252 -0.095346 -0.08659 -0.107693 -0.089113 -0.093382 -0.094417 -0.102237 -0.084023 -0.115965 -0.131329 -0.089733 -0.096646 -0.089591 -0.144663 -0.100547 -0.088718 -0.084881 -0.102606 -0.10461 -0.102333 -0.09136 -0.123399 -0.118795 -0.102058 -0.108883 -0.113301 -0.093516 -0.084736 -0.09889 -0.102239 -0.089908
-0.076989 -0.082193 -0.112408 -0.092996 -0.088606 -0.112638 -0.084878 -0.098488 -0.101686 -0.100104 -0.092685 -0.081317 -0.096661 -0.094079 -0.105329 -0.091568 -0.090113 -0.090296 -0.078221 -0.095958 -0.088092 -0.114083 -0.093814 -0.097095 -0.091204 -0.088491 -0.086649 -0.09719 -0.159538 -0.085061 -0.098365 -0.087968 -0.116759 -0.102415 -0.091736 -0.084014 -0.101483 -0.10602 -0.082882 -0.088775 -0.096601 -0.110124 -0.102049 -0.110361 -0.088783 -0.092393 -0.089825 -0.109635 -0.104827 -0.104439
-0.088105 -0.085129 -0.086325 -0.103159 -0.088886 -0.109108 -0.116152 -0.09371 -0.105598 -0.088475 -0.090783 -0.089795 -0.08216 -0.085209 -0.106875 -0.083591 -0.101995 -0.103717 -0.076044 -0.090855 -0.093873 -0.1002 -0.09087 -0.107248 -0.096852 -0.090169 -0.089607 -0.079338 -0.124957 -0.086112 -0.093911 -0.084955 -0.107114 -0.09547 -0.095627 -0.086537 -0.174824 -0.101742 -0.095705 -0.0883 -0.092792 -0.10388 -0.11762 -0.091089 -0.092976 -0.094335 -0.097091 -0.119359 -0.105272 -0.115227
-0.088075 -0.084472 -0.091905 -0.096442 -0.08192 -0.100921 -0.092857 -0.10208 -0.099945 -0.089727 -0.089898 -0.089873 -0.083244 -0.09406 -0.10139 -0.09826 -0.094491 -0.086636 -0.081191 -0.083824 -0.084001 -0.098687 -0.095792 -0.097084 -0.096865 -0.08891 -0.086703 -0.088821 -0.114544 -0.082944 -0.095614 -0.096724 -0.091986 -0.087142 -0.096415 -0.077136 -0.095795 -0.095328 -0.091872 -0.121354 -0.094879 -0.095985 -0.142584 -0.09443 -0.092441 -0.086925 -0.082146 -0.110909 -0.091809 -0.1082
-0.079782 -0.088993 -0.122666 -0.118979 -0.092065 -0.105949 -0.095957 -0.096168 -0.139459 -0.08212 -0.096253 -0.089964 -0.086833 -0.116189 -0.099446 -0.098781 -0.090536 -0.092502 -0.088183 -0.083961 -0.085697 -0.086579 -0.093196 -0.08669 -0.094905 -0.093469 -0.117057 -0.091018 -0.114856 -0.083855 -0.098321 -0.102735 -0.089329 -0.100807 -0.10328 -0.079888 -0.094933 -0.101525 -0.088216 -0.101158 -0.092199 -0.102007 -0.110449 -0.098718 -0.078482 -0.081084 -0.086901 -0.095274 -0.09479 -0.10309
-0.088087 -0.101727 -0.100441 -0.092019 -0.083708 -0.101718 -0.095754 -0.098234 -0.097206 -0.084464 -0.08658 -0.111624 -0.08257 -0.089245 -0.097875 -0.102127 -0.079368 -0.099736 -0.095656 -0.084011 -0.089061 -0.083504 -0.106796 -0.090828 -0.076001 -0.091764 -0.093543 -0.08105 -0.095551 -0.095216 -0.094044 -0.096374 -0.094576 -0.10595 -0.095239 -0.076853 -0.093635 -0.102786 -0.110036 -0.117659 -0.104407 -0.09424 -0.108695 -0.090531 -0.098423 -0.095905 -0.082721 -0.087318 -0.089731 -0.114968
-0.081098 -0.104586 -0.094196 -0.095937 -0.076649 -0.097677 -0.103965 -0.117043 -0.100076 -0.087723 -0.088636 -0.116217 -0.087326 -0.11171 -0.096956 -0.10209 -0.089954 -0.094983 -0.082934 -0.100052 -0.091058 -0.086226 -0.104479 -0.09479 -0.076712 -0.099682 -0.09256 -0.080569 -0.11989 -0.108629 -0.077457 -0.093796 -0.081083 -0.104873 -0.09434 -0.097705 -0.107477 -0.101077 -0.089146 -0.087232 -0.099025 -0.09929 -0.130907 -0.093607 -0.089458 -0.079265 -0.084222 -0.096829 -0.089524 -0.116192
-0.084582 -0.089957 -0.093849 -0.098113 -0.078549 -0.099516 -0.09894 -0.119585 -0.096573 -0.123754 -0.096874 -0.087407 -0.099793 -0.11568 -0.091818 -0.084742 -0.092367 -0.08341 -0.088227 -0.088285 -0.085046 -0.091983 -0.10089 -0.099164 -0.080032 -0.086048 -0.097766 -0.083415 -0.119059 -0.097742 -0.099204 -0.100873 -0.083047 -0.106259 -0.092028 -0.127865 -0.09909 -0.106279 -0.090277 -0.090746 -0.10207 -0.099009 -0.107956 -0.091229 -0.087747 -0.083725 -0.082351 -0.089817 -0.090791 -0.109684
-0.09891 -0.095517 -0.089503 -0.092383 -0.083244 -0.083164 -0.104792 -0.114317 -0.095618 -0.118891 -0.092969 -0.112318 -0.099751 -0.116732 -0.093856 -0.089711 -0.086479 -0.080636 -0.077768 -0.078486 -0.087248 -0.091886 -0.100045 -0.094868 -0.074047 -0.101207 -0.083767 -0.085474 -0.116234 -0.102141 -0.089179 -0.083464 -0.083289 -0.130779 -0.087328 -0.085039 -0.096061 -0.101847 -0.0924 -0.087235 -0.094213 -0.090944 -0.104787 -0.090306 -0.095836 -0.087659 -0.087114 -0.105223 -0.090932 -0.106493
-0.077849 -0.113138 -0.08384 -0.097926 -0.080628 -0.109768 -0.095477 -0.114741 -0.097404 -0.093029 -0.098813 -0.089741 -0.101999 -0.085459 -0.096038 -0.094195 -0.098024 -0.079094 -0.079027 -0.076892 -0.089111 -0.118125 -0.096611 -0.093852 -0.073622 -0.090927 -0.082672 -0.09243 -0.098899 -0.097827 -0.078674 -0.080889 -0.077732 -0.091189 -0.075825 -0.104628 -0.109909 -0.100821 -0.083888 -0.086417 -0.088334 -0.112345 -0.083652 -0.095109 -0.092978 -0.081621 -0.084888 -0.107033 -0.08434 -0.096222
-0.083153 -0.108508 -0.082429 -0.106231 -0.077655 -0.087771 -0.100204 -0.108381 -0.098129 -0.09078 -0.092476 -0.08707 -0.105484 -0.084367 -0.094097 -0.097381 -0.088785 -0.079148 -0.077524 -0.078111 -0.095864 -0.089318 -0.093298 -0.103877 -0.073939 -0.091331 -0.094237 -0.082544 -0.109329 -0.0996 -0.101679 -0.086003 -0.082196 -0.091743 -0.076448 -0.084105 -0.092041 -0.107404 -0.098779 -0.083644 -0.086893 -0.111617 -0.081617 -0.089775 -0.096612 -0.080194 -0.074627 -0.111853 -0.090953 -0.092109
-0.083062 -0.081029 -0.080826 -0.102426 -0.08545 -0.086343 -0.101805 -0.088379 -0.091902 -0.088526 -0.101044 -0.105583 -0.072825 -0.089013 -0.090949 -0.109312 -0.088251 -0.084494 -0.097676 -0.076059 -0.094781 -0.095727 -0.108726 -0.104639 -0.076032 -0.088308 -0.096193 -0.081922 -0.104369 -0.08603 -0.090121 -0.083317 -0.077975 -0.09469 -0.075387 -0.082426 -0.085966 -0.102456 -0.087319 -0.102844 -0.084938 -0.103809 -0.120657 -0.088271 -0.087755 -0.082099 -0.084402 -0.104247 -0.094035 -0.100889
-0.084557 -0.075528 -0.081006 -0.096361 -0.090092 -0.096599 -0.089076 -0.092263 -0.103926 -0.078346 -0.103375 -0.119436 -0.07378 -0.086365 -0.093003 -0.085429 -0.088282 -0.083524 -0.075782 -0.082649 -0.094095 -0.083874 -0.106043 -0.108044 -0.078305 -0.081818 -0.106228 -0.098874 -0.110762 -0.084842 -0.094781 -0.091815 -0.075336 -0.089433 -0.075028 -0.0882 -0.085893 -0.092798 -0.093792 -0.089601 -0.091535 -0.110962 -0.085872 -0.089707 -0.087874 -0.081382 -0.098959 -0.11223 -0.083487 -0.090241
-0.077776 -0.081725 -0.082481 -0.097399 -0.116074 -0.089424 -0.086206 -0.0993 -0.088643 -0.080133 -0.102033 -0.125123 -0.077907 -0.091823 -0.094213 -0.094292 -0.091303 -0.082813 -0.092171 -0.089138 -0.097171 -0.087077 -0.103522 -0.107843 -0.084903 -0.083062 -0.09128 -0.106153 -0.1051 -0.090613 -0.098261 -0.103435 -0.086225 -0.092272 -0.075761 -0.089165 -0.09341 -0.092312 -0.096448 -0.089564 -0.09414 -0.085517 -0.079997 -0.109803 -0.113552 -0.08157 -0.107799 -0.112074 -0.108076 -0.081619
-0.098035 -0.078147 -0.080189 -0.099041 -0.114478 -0.088477 -0.084056 -0.102875 -0.094959 -0.075008 -0.11276 -0.12636 -0.068879 -0.107033 -0.093945 -0.096014 -0.083113 -0.095881 -0.074544 -0.080035 -0.088829 -0.08687 -0.103042 -0.114897 -0.078049 -0.095033 -0.119763 -0.101463 -0.10952 -0.079317 -0.110627 -0.078424 -0.087086 -0.089924 -0.073884 -0.08708 -0.091449 -0.091348 -0.093333 -0.108004 -0.09326 -0.089053 -0.090021 -0.087613 -0.114996 -0.076682 -0.117368 -0.111079 -0.099193 -0.080223
