-0.257855 -0.272185 -0.288229 -0.207477 -0.217232
-0.210207 -0.203019 -0.187513 -0.196724 -0.221354
-0.25205 -0.141156 -0.176061 -0.149536 -0.186391
-0.18854 -0.147369 -0.134929 -0.138723 -0.162845
-0.176013 -0.138886 -0.128732 -0.1458 -0.14876
-0.148997 -0.124627 -0.13916 -0.124696 -0.186659
-0.135461 -0.105821 -0.138533 -0.116383 -0.127145
-0.145881 -0.104725 -0.137261 -0.119985 -0.124804
-0.136303 -0.100383 -0.130349 -0.115882 -0.112595
-0.121899 -0.102508 -0.115725 -0.103619 -0.107284
-0.116468 -0.099431 -0.114126 -0.109906 -0.112744
-0.100903 -0.106338 -0.113291 -0.085487 -0.108149
-0.102057 -0.10767 -0.105559 -0.084929 -0.099529
-0.108692 -0.109699 -0.100974 -0.114253 -0.10997
-0.103068 -0.126975 -0.09602 -0.089203 -0.097659
-0.114832 -0.102234 -0.09156 -0.093742 -0.100369
-0.113414 -0.100062 -0.101968 -0.112538 -0.08513
-0.099235 -0.107193 -0.111377 -0.109766 -0.092593
-0.106459 -0.106446 -0.102529 -0.116812 -0.096726
-0.095095 -0.101419 -0.114323 -0.114434 -0.097531
-0.105997 -0.11532 -0.108991 -0.103174 -0.121148
-0.110584 -0.099655 -0.1413 -0.108348 -0.096794
-0.111479 -0.126763 -0.114773 -0.109497 -0.084384
-0.103401 -0.111336 -0.115947 -0.111736 -0.085933
-0.09423 -0.078234 -0.096671 -0.111913 -0.090393
-0.093012 -0.099836 -0.114795 -0.10271 -0.083401
-0.095638 -0.090727 -0.123982 -0.115038 -0.093562
-0.089893 -0.097682 -0.098329 -0.088149 -0.084453
-0.097379 -0.109465 -0.114527 -0.092731 -0.086291
-0.093856 -0.086165 -0.121986 -0.086714 -0.080893
-0.102262 -0.108975 -0.110297 -0.085014 -0.084059
-0.084797 -0.090318 -0.10427 -0.095847 -0.096515
-0.089453 -0.09369 -0.11029 -0.093314 -0.11207
-0.11392 -0.082524 -0.115386 -0.085746 -0.102202
-0.093041 -0.087931 -0.108593 -0.086236 -0.102329
-0.114039 -0.093805 -0.113761 -0.083528 -0.087266
-0.114262 -0.095753 -0.107731 -0.085074 -0.091913
-0.085266 -0.09689 -0.109226 -0.082192 -0.097993
-0.088989 -0.099752 -0.109246 -0.077861 -0.09811
-0.103114 -0.088243 -0.107035 -0.08989 -0.090421
-0.083267 -0.089492 -0.106778 -0.079569 -0.091805
-0.086046 -0.090398 -0.103975 -0.076227 -0.098723
-0.085076 -0.087021 -0.098994 -0.087453 -0.097391
-0.100363 -0.084609 -0.093558 -0.08805 -0.085447
-0.106976 -0.086012 -0.093222 -0.082235 -0.083131
-0.08091 -0.085356 -0.098717 -0.07648 -0.083617
-0.092566 -0.090099 -0.099283 -0.082 -0.10049
-0.081653 -0.10055 -0.097232 -0.082221 -0.111997
-0.08132 -0.102209 -0.094097 -0.080455 -0.090698
-0.091132 -0.09835 -0.100928 -0.079955 -0.108715
