0.048 0.0120000000000005 0.0199999999999996 0.0159999999999982 0.0120000000000005
0.0880000000000001 0.0239999999999991 0.0360000000000014 0.0239999999999938 0.0200000000000031
0.1 0.032 0.0560000000000009 0.0319999999999965 0.0320000000000036
0.108 0.0439999999999987 0.0719999999999992 0.0439999999999969 0.0400000000000063
0.12 0.0519999999999996 0.0839999999999996 0.0600000000000023 0.0520000000000067
0.136 0.0599999999999987 0.107999999999997 0.0720000000000027 0.0600000000000023
0.148 0.0719999999999992 0.123999999999999 0.0799999999999983 0.0680000000000049
0.156 0.0879999999999992 0.143999999999998 0.0959999999999965 0.0760000000000076
0.172 0.0999999999999996 0.16 0.103999999999992 0.0840000000000103
0.184 0.112 0.176000000000002 0.111999999999995 0.0920000000000059
0.196 0.128 0.188000000000002 0.11999999999999 0.100000000000009
0.208 0.135999999999999 0.196000000000005 0.127999999999993 0.108000000000011
0.216 0.151999999999999 0.208000000000006 0.139999999999993 0.116000000000007
0.228 0.167999999999999 0.224000000000004 0.151999999999994 0.124000000000002
0.24 0.175999999999998 0.236000000000004 0.192 0.132000000000005
0.248 0.191999999999998 0.248000000000005 0.204000000000001 0.140000000000008
0.264 0.203999999999999 0.264000000000003 0.216000000000001 0.148000000000003
0.276 0.215999999999999 0.276000000000003 0.228000000000002 0.156000000000006
0.284 0.224 0.288 0.236000000000004 0.164000000000009
0.3 0.235999999999999 0.296000000000003 0.248000000000005 0.172000000000011
0.311999999999999 0.247999999999999 0.308000000000003 0.260000000000005 0.180000000000014
0.324 0.26 0.320000000000004 0.268000000000001 0.188000000000009
0.332000000000001 0.272 0.332000000000004 0.275999999999996 0.196000000000012
0.344 0.287999999999998 0.344000000000005 0.295999999999999 0.208000000000013
0.36 0.299999999999999 0.360000000000003 0.303999999999995 0.216000000000008
0.368 0.311999999999999 0.368000000000002 0.319999999999993 0.228000000000009
0.38 0.324 0.380000000000003 0.335999999999991 0.236000000000011
0.396 0.331999999999999 0.396000000000001 0.343999999999987 0.244000000000007
0.407999999999999 0.339999999999998 0.408000000000001 0.355999999999987 0.25200000000001
0.419999999999999 0.351999999999999 0.420000000000002 0.363999999999983 0.260000000000012
0.431999999999998 0.363999999999995 0.428000000000001 0.371999999999979 0.272000000000013
0.443999999999998 0.375999999999996 0.439999999999998 0.383999999999979 0.280000000000015
0.455999999999997 0.387999999999996 0.456 0.391999999999975 0.288000000000011
0.467999999999998 0.395999999999995 0.463999999999999 0.399999999999977 0.296000000000006
0.479999999999997 0.411999999999994 0.475999999999999 0.415999999999976 0.304000000000009
0.487999999999996 0.419999999999993 0.491999999999997 0.427999999999976 0.312000000000005
0.495999999999997 0.427999999999992 0.499999999999996 0.435999999999979 0.324000000000005
0.507999999999997 0.439999999999989 0.511999999999993 0.443999999999974 0.332000000000001
0.523999999999997 0.451999999999989 0.523999999999994 0.451999999999977 0.340000000000003
0.535999999999998 0.46399999999999 0.531999999999993 0.45999999999998 0.348000000000006
0.547999999999998 0.471999999999989 0.543999999999993 0.467999999999975 0.356000000000002
0.559999999999999 0.479999999999988 0.555999999999994 0.475999999999971 0.363999999999997
0.567999999999998 0.49599999999999 0.567999999999994 0.483999999999973 0.372
0.579999999999998 0.503999999999989 0.583999999999993 0.491999999999969 0.379999999999995
0.587999999999999 0.515999999999989 0.595999999999993 0.503999999999969 0.387999999999998
0.596 0.531999999999991 0.607999999999993 0.511999999999972 0.396000000000001
0.612 0.543999999999992 0.619999999999994 0.519999999999975 0.403999999999996
0.620000000000001 0.555999999999992 0.631999999999994 0.527999999999977 0.411999999999999
0.632 0.575999999999992 0.639999999999997 0.535999999999973 0.420000000000002
0.648000000000001 0.59199999999999 0.648 0.547999999999973 0.428000000000004
