0.1 0.3
0.828653753461244 1.10171344239237
0.911452334857557 1.42044570178906
0.992817645157437 1.6906414553115
1.06855549626272 1.92429050276281
1.14234772514372 2.13015123710741
1.21441840346725 2.29051502235173
1.2813429586486 2.41631152911742
1.3443777118581 2.5393313248215
1.40569553251244 2.61777076834382
1.46322079243496 2.70345613044938
1.51546433690796 2.75997813200048
1.56987355591745 2.82338470521488
1.61733511724874 2.85276422229614
1.66264729600986 2.88224775732165
1.70693943483952 2.92037740486254
1.74977111892306 2.93827908247666
1.79091427033828 2.95459732489009
1.82725278576576 2.9746837263527
1.8602068261443 3.02146779274637
1.88924030937939 3.04824906378518
1.91449844585867 3.06376052827053
1.93788550230017 3.06616034243695
1.9634609310025 3.07336409680807
1.98768952428473 3.06691785933601
2.00562565508087 3.10770240273542
2.02018750134532 3.1116256189826
2.03955050294214 3.15389174747202
2.05571918159785 3.169613407336
2.07210723926373 3.17004329182519
2.08612509738296 3.17249345243502
2.094270394035 3.2024535938739
2.1085107635224 3.20948273146762
2.12179249799585 3.2110478586542
2.133254842258 3.20845259102892
2.14107369036708 3.23682583041231
2.14720807374619 3.25427398603228
2.15443647505164 3.29004968053211
2.16427256953207 3.31300541644361
2.16879598420684 3.33350186174396
2.17699614307992 3.3418711307643
2.18246002217291 3.34976856596818
2.1836267958605 3.38621237036162
2.19227119255893 3.39602565193198
2.19221165815471 3.40093459046846
2.19807041968787 3.41725935828448
2.2035302898731 3.43757647781311
2.20952350196018 3.43121227982893
2.21009519048122 3.46162486171834
2.2036527322696 3.4607862052163
2.20506148442017 3.47411976393219
2.20855970486538 3.46933230867988
2.21192977944416 3.50039546787036
2.21353856882543 3.49491628303236
2.20920027084319 3.51702106740143
2.21342428750973 3.5497599674847
2.21759931802367 3.58003634920145
2.21778274151695 3.58798453219983
2.22030595075565 3.61555303435464
2.21800799454184 3.63161495626743
2.21896483725852 3.638090599874
2.22086370883475 3.63899098329795
2.22013900590657 3.6236965406783
2.21605910333063 3.64353192929687
2.21641783019477 3.63134836545033
2.22279177868594 3.65213301230699
2.222615713628 3.66398619914473
2.22588558903834 3.66572994818956
2.22051269915558 3.69175622396372
2.22700123178097 3.69256595175238
2.22567368721332 3.71360212599018
2.22724561330709 3.72568277570266
2.22650113375128 3.71412231912365
2.22662244543618 3.72321358574179
2.22553690376991 3.74648310420698
2.22997763495131 3.73571961078923
2.23340683203604 3.74123696340002
2.23293540343622 3.74539201792203
2.23245790957322 3.78827419172716
2.23326764449647 3.78052982500588
2.23494114483726 3.77602245306975
2.23388553065309 3.78243361770594
2.23549978251571 3.77763709873496
2.23234759441776 3.78225024956714
2.23823711185837 3.78936693154185
2.23620345610637 3.79747930489489
2.23578545225829 3.80831184328952
2.23645284338597 3.79875758448133
2.23760173285833 3.79392434882091
2.24241626655821 3.77623439616056
2.23931137481693 3.76919798960627
2.2422000437601 3.78033475014774
2.24385053049465 3.78743134133034
2.2461367067921 3.77785199229883
2.24584104381841 3.78121096340149
2.2462091581808 3.78076951365065
2.24769725813155 3.7932332836815
2.24620889894682 3.79271860353379
2.2456223426686 3.79147230343881
2.24300730630249 3.78091360638894
2.24799367263382 3.78398910306612
2.24658750124562 3.80466038209988
2.24983664459901 3.79059269022263
2.25047797067947 3.78963974798724
2.24964368024019 3.77735272094135
2.25050264166571 3.79757791755223
2.25502874783793 3.78053754276996
2.25474806398567 3.74767709575476
2.25243682624316 3.76094223573903
2.25348369802086 3.76879802576201
2.25511074188403 3.77265723486017
2.25580975408044 3.76483688303835
2.25581742028019 3.77027258066581
2.2560433182162 3.75222396846095
2.25299614699936 3.74785050693848
2.25141733230188 3.75196305191393
2.25052659088586 3.73092580015108
2.25459439614779 3.70168319898326
2.25527751348505 3.68231823638251
2.25534250865447 3.66136574579923
2.25127913836301 3.64230958820154
2.25256806147136 3.63304291272164
2.25525921245339 3.62996389239637
2.25493845973139 3.61637869703666
2.25419457352892 3.59775021901502
2.25243352818758 3.56311035866631
2.25774759941027 3.5718685524869
2.25874848581541 3.57072034496957
2.25821503358214 3.52944648350234
2.25952371629822 3.5154615854431
2.25993008091919 3.50967537591657
2.2647267912197 3.514203907742
2.2668407141987 3.51500543317586
2.26668631587797 3.51312879432592
2.26689252290569 3.51349054633564
2.26572280681287 3.48617630874499
2.26702361424993 3.48221700505237
2.26734167704004 3.46333118220006
2.26612305193018 3.45846679256993
2.26731824883325 3.45499634757565
2.26565103910371 3.44014898533
2.2674847652829 3.4311403341739
2.26848667933975 3.43882350204163
2.26674873653283 3.42808392740656
2.26308993067413 3.41424206979606
2.26692955489123 3.38954028218035
2.26343022679548 3.39756016550775
2.26593243516987 3.39147160300826
2.27087264351057 3.35611880239415
2.26826261014619 3.34390011792292
2.27031764926551 3.31410958835857
2.2686077311589 3.32069095211273
2.27106882654057 3.31350460908798
2.27190435804378 3.3112432255523
2.27249339614762 3.30184460074116
2.27374420758441 3.27989238622676
2.27304213052002 3.28592590377497
2.27439366583387 3.25531741104284
2.27818763005471 3.25881954723478
2.27539923482968 3.23613942978471
2.27935447649623 3.23018310336903
2.28057704796847 3.21334546335743
2.28341609909351 3.22260232548394
2.28136033354463 3.20486294542452
2.27880184790988 3.19026202666009
2.28538579414106 3.19596890862203
2.28670098381965 3.18745040597402
2.28698359932424 3.16260797313503
2.28967912235152 3.16983800232777
2.28837159489968 3.16166735357643
2.28703393206815 3.15805250316026
2.28274478246329 3.16878928407819
2.28510861155324 3.145224227503
2.28773421217848 3.14542922352997
2.29497135420081 3.13769342495384
2.29485898629446 3.11058085796117
2.29258569564921 3.10037438382367
2.29307586236652 3.10793889979221
2.29412431328157 3.09048191396083
2.29468692298439 3.09377603010752
2.29775960588894 3.10122302072215
2.2984579327485 3.07707937057265
2.30064249951541 3.10027531141701
2.30439322793949 3.1126526891512
2.30168553458496 3.12663479208528
2.29830675425106 3.07968025686205
2.2951473591024 3.06360943040837
2.29366239139545 3.0428916212754
2.29715993635459 3.0345363919252
2.29384691380762 3.04686518552565
2.29213110257614 3.02747020200491
2.29053719598665 3.02543768792402
2.2926055916606 3.03106940587935
2.29198111853942 3.01926526957308
2.29294650033182 3.02347328170002
2.29547910948483 3.0318291446807
2.2979390264637 3.03164016776232
2.29689392385369 3.02950818906556
2.30122217798385 3.03011691043884
2.30179467474531 3.03052609734169
2.3072422612935 3.02303763817754
2.30447506919964 3.00880574697116
2.30415871700954 3.00687458065326
2.30630518347074 3.00511678805229
2.30467312754576 3.00196290941785
2.3003975448852 3.00927523587711
2.30214207118288 3.02024511705023
2.30078927433133 3.0241214970776
2.30160653586476 3.02075630159242
2.30076826617996 3.02673425896106
2.30314799092823 3.01250108938049
2.29760393941778 3.00334959100737
2.29769159757349 3.01708096531123
2.29415624223044 3.01984045623692
2.29854172185368 3.01153085276952
2.30105408372476 3.02848357335291
2.30235939635251 2.99823343649702
2.30428170319459 3.01346130726032
2.29879582594828 3.01351918357665
2.29734983981026 2.99943700443846
2.30074568767093 2.98640653836284
2.30484806633197 2.97195815946616
2.302449122085 2.96392615331334
2.30600151964868 2.97545470563648
2.3064707083187 2.99125735370742
2.30757421670914 2.96455810850386
2.30614125158115 2.94752084208779
2.30320737209335 2.94485213500645
2.31095803493822 2.95566054662326
2.31270344681946 2.96016203495306
2.30963512665469 2.93024828523322
2.30998748437736 2.93889861218745
2.30761776214862 2.94664556807377
2.31374956734761 2.9392329007435
2.31556760614991 2.95778557031328
2.31400256247603 2.96845648340085
2.3098089677712 2.94943912260024
2.30570904207376 2.96285623947442
2.30784617679614 2.98157400939152
2.30913071840666 2.95183701410033
2.30962507436282 2.96561371155583
2.30672290517709 2.96895524382264
2.30756186953582 2.96077459485091
2.31106794995739 2.95842593399559
2.31002022372349 2.9839588888006
2.31264571572822 2.97640548970207
2.31053484151976 2.97239045787381
2.31321617140002 2.96935486898093
2.32116153009256 2.97343446837706
2.31879305988515 2.96449055752823
2.32026174722577 2.97043973802713
2.31943693302369 2.97193420048434
2.32113710084188 2.93435169773545
2.31796975010736 2.9318657679392
2.31817590573234 2.94416657160484
2.31716318682358 2.94287380991575
2.31242609993704 2.95718517501344
2.31175644640272 2.94805142474018
2.30866839407763 2.94148008170988
2.30905400542038 2.94512817007679
2.3083262964262 2.97577898358159
2.31163326589503 2.96770676702685
2.30817212804095 2.97730054319054
2.31287776768917 2.96872954902189
2.31686925116673 2.97235884257634
2.31837033870362 2.97066972943966
2.31760174483495 2.97577857898505
2.31591880694334 2.95446879423289
2.31800742625152 2.94904133322585
2.3199221829881 2.94392499865406
2.31960589938276 2.95418556326605
2.32234372532866 2.93736836136204
2.32334722775624 2.94321601210206
2.32568865879028 2.94965017408407
2.32090025335273 2.96492145294918
2.31605815178376 2.96781279410858
2.31779181030193 2.96385292674008
2.31883810386719 2.97978964239806
2.31598469712171 2.95703741986553
2.32143933952035 2.93616525487693
2.32537068039297 2.92221981057987
2.32646654011557 2.93422815192034
2.32426175469531 2.9368429229715
2.32341540156948 2.94309479062712
2.32305543140667 2.95046097898818
2.3268310539779 2.96028334706443
2.3286841419009 2.94698971576841
2.33075691444196 2.96078998252851
2.33195366689763 2.93494292747234
2.33225352850622 2.93085203337784
2.33278004248642 2.926093934525
2.33199301696827 2.93726269248329
2.33155230914468 2.9399040092919
2.32882023681245 2.94962890970144
2.32690772391829 2.94957400381509
2.3281919415024 2.94004592776751
2.3267647408377 2.94242999603036
2.32840334363859 2.94198333865774
2.32741880480085 2.94722963633611
2.32423225040006 2.96841696887509
2.32536677547194 2.95980342286841
2.32743828423931 2.94659744794855
2.32434573951641 2.96274337546356
2.32468486696406 2.96895106848168
2.32577850689921 2.98774958882231
2.32877640478361 2.97801331690023
2.326477974402 2.95263384756783
2.32737284643697 2.95573843562152
2.3255588013357 2.96420897215755
2.32179898522654 2.94118430696541
2.32455224111904 2.92676971052847
2.32258309923184 2.94188582909606
2.31826157830993 2.93641414390025
2.32059184670875 2.94237176804596
2.3181760170752 2.93835068291192
2.31847976841106 2.92966523589548
2.31863160806397 2.94569160524788
2.32078690052381 2.94150708563899
2.3254303511325 2.94731915988872
2.32868107351108 2.94560142451244
2.3296999401743 2.94562548037434
2.32973432015971 2.94902041641266
2.3295181446956 2.95263318415227
2.33308339006815 2.93919477936865
2.3333086828891 2.9219047426225
2.33058898617318 2.92768927504899
2.33188911175041 2.93737607175522
2.33315768334371 2.93903401964138
2.33093682451396 2.9651399491402
2.3316875385266 2.99212096134327
2.33200917334484 2.99848934146844
2.33239919755774 3.02229900579954
2.32791456232077 3.00306515034047
2.32536995234059 2.99602805339944
2.32506979564832 2.97837739101182
2.32530735721113 2.95554804453956
2.32210735368359 2.95686621932845
2.32265084259154 2.94801900439426
2.3263328748588 2.95682964430527
2.32873614727844 2.96059720138223
2.3290043617926 2.93374218272555
2.32808470903681 2.93338237299381
2.33148512570233 2.94436264904518
2.33170119452923 2.93497058968472
2.32872499087097 2.91515161146735
2.33213409452351 2.91836305764547
2.3310242112233 2.91065936296703
2.33220176370228 2.94878746335321
2.33020753046361 2.95031658325422
2.32917437934872 2.95544757761729
2.33000636166802 2.95629921301213
2.32536080988993 2.95263988143115
2.3224799221995 2.95090977551675
2.32159477880354 2.94983117845417
2.32447208437683 2.96017868159327
2.32533951210107 2.93360051242127
2.3256328628561 2.94842995107757
2.322239050662 2.94047961006917
2.3238781830034 2.94124872978655
2.32786324718105 2.91989305355289
2.32370031636887 2.91169850145105
2.32689359638458 2.9067319088845
2.32787549512959 2.9210226302577
2.32686168203684 2.94056229140968
2.32637776409068 2.91981308934205
2.32375006877262 2.91926479934915
2.32593868738578 2.93794394621326
2.32617842490102 2.93555594063031
2.32443423841561 2.93686354103783
2.31911334246462 2.92418576196742
2.32273544021979 2.93928193386317
2.32404612067809 2.91594769869168
2.32108372598987 2.92165371298895
2.32068227647435 2.92393351011293
2.32257731336128 2.94229045646281
2.32358108355065 2.93867387668387
2.32718689167938 2.94710256299525
2.32468113065729 2.93822902770358
2.32287073405713 2.94526554220975
2.32036452896021 2.94478757612846
2.32080320611095 2.93843125332304
2.32460154567963 2.93195715497263
2.32600188138664 2.92580040671277
2.32441133098598 2.92617994032233
2.32125340567796 2.93681837970335
2.31925235356846 2.91831955653191
2.31581992107241 2.89992402274613
2.3142668210418 2.89996145355554
2.32218843285157 2.87712135860096
2.32569492328609 2.89658868179281
2.32477660115568 2.88286929781256
2.32915623558758 2.91581158326884
2.32847755931306 2.92161112107757
2.32793750511525 2.93258955971989
2.32563117306821 2.93993786576701
2.32683884554366 2.93319325702034
2.32661667225898 2.92945945762627
2.32757406630576 2.92090435025134
2.32377866968154 2.94444707976326
2.32640153211995 2.93736510544855
2.32024058240051 2.94092499877593
2.31941270293266 2.94933792927097
2.31881341230401 2.95919528301124
2.32267515621081 2.97960816356351
2.32539967119311 2.97343160195022
2.31717726094111 2.97584523186461
2.31935761180016 2.96167984707813
2.32196552389594 2.95928147706957
2.32337894883282 2.9633398744562
2.32150551798198 2.94062472597717
2.3173893376641 2.96138790012765
2.31743253851161 2.92985930325288
2.32035956987572 2.9022889500619
2.31955683557147 2.90308658463526
2.32411978634218 2.91769188976856
2.3220369687127 2.91815314640527
2.32358210992677 2.94243912878324
2.31954457481842 2.94559184940785
2.31800078463167 2.92469622494969
2.31951830992478 2.94675783101105
2.32011642140835 2.93775414637831
2.32362661469338 2.93867480282733
2.32466532692263 2.92676194371254
2.32389736838692 2.94381034536851
2.32786041053232 2.9589145499308
2.33236552822413 2.96939590866951
2.33097880870686 2.95933646529309
2.33233199673419 2.96028340893243
2.33217516112191 2.96296443937532
2.33172668289327 2.94655088211661
2.32934661657631 2.95349384895081
2.3325936769172 2.96488822731429
2.32763755469284 2.96509119314194
2.32452994557487 2.95185243958823
2.32744156538357 2.94726292244919
2.32321512896119 2.92558106669781
2.32331118785339 2.93323245227261
2.32772899515473 2.9413638005023
2.3262639592908 2.93180558020842
2.32346054441252 2.93667621580385
2.31840390503036 2.9414722880013
2.31891378768239 2.94366285088754
2.32131830767612 2.93283373354536
2.32217999562597 2.91851032545017
2.32133656332403 2.92844756932498
2.31859118239489 2.93688828780886
2.31514251364384 2.9433756446908
2.31326700095823 2.96185547995097
2.31294901277358 2.92785698788217
2.31133143340267 2.94433663463541
2.31284402035755 2.92562315552816
2.31740695339578 2.90936304311442
2.31469920462806 2.88243172282655
2.31207971813689 2.91172423759949
2.31212151951676 2.94355223658514
2.31780011023769 2.91574356713495
2.31320678697378 2.9217134060795
2.31698648704756 2.91195203022869
2.31729374875086 2.92495188856963
2.3181145995858 2.92472375143613
2.31941989149422 2.93188358300593
2.3202952961136 2.95002288085658
2.3232840933725 2.94397159916256
2.32662144531642 2.96334105511747
2.3243596158103 2.93877946654089
2.32361129244732 2.9277313251437
2.32044867140486 2.914725096473
2.3220238591842 2.91160937399092
2.3223503997071 2.92692232529333
2.32482170626081 2.92866686711831
2.32470206620713 2.91170732920668
2.32867040537793 2.89656763345363
2.32794015759265 2.91414514481118
2.32705240682337 2.89999972589853
2.32444707033245 2.94416837347473
2.3225305132672 2.92467550152456
2.31912654911569 2.9361899472168
2.31963960536492 2.93700110404492
2.31599649014633 2.93370707593669
2.31604112865793 2.9178052074787
2.31891991038293 2.92584144655602
2.31999920598768 2.90113013290635
2.32037666422034 2.9302510557196
2.31876815868553 2.93715411874288
2.31743572741849 2.93733781145302
2.31514864859313 2.92650343884889
2.31257798849703 2.92941940605047
2.31476117757978 2.92071628787917
2.31338746571377 2.92276121695142
2.31712272388102 2.93177764912125
2.31627104213736 2.93125558567181
2.31375657327169 2.9229597924894
2.31410716352561 2.93843541235802
2.31498120402178 2.90472554033806
2.31231771827986 2.91049730756114
2.31827252435299 2.93401318725091
2.3189286650604 2.93183159950279
2.3221904954808 2.95946404568817
2.32387695274444 2.95521010187888
2.31993020854074 2.95814875222795
2.32308819799965 2.97203124593765
2.32522383943094 2.97402441177205
2.32403676547466 2.94385488701876
2.3199755020517 2.9396526675591
2.3144658978682 2.93398453897113
2.3186679840492 2.93870967752602
2.31926890706032 2.94996498366001
2.32157653865945 2.94376898177415
2.31444602984697 2.93010313181625
2.31427429414527 2.92177525681196
2.31539308369471 2.93496578823218
2.31528327093904 2.94354669523393
2.31275583270866 2.94868794651524
2.31433312549645 2.96722320246897
2.30943350075193 2.9713380469334
2.31079040637631 2.97829549476483
2.30804887355903 2.97789475758749
2.30317947103378 2.97807917773633
2.30332836764898 2.97409298928925
2.30087584373443 2.99109946533589
2.30164626741564 2.98035514667318
2.30561519881032 2.9737977209709
2.30575571274298 2.95675562071859
2.30692436244255 2.92839036099462
2.30399953923305 2.92218677317073
2.29950271892261 2.9236026878757
2.29962067476893 2.92404358925543
2.30017379761045 2.94192835174861
2.30260259926368 2.92540428608762
2.30360066116038 2.94125588166906
2.30259457995864 2.9536267690985
2.30107204694063 2.9379971630016
2.30274459640307 2.93458540241299
2.30664818773677 2.9371030857966
2.30901236245699 2.93457852010227
2.31134747245532 2.94036888531968
2.31180614178666 2.92594689222949
2.30648085607111 2.929782919335
2.30437445315842 2.93640196244776
2.30434125807294 2.9235716311651
2.30194384991783 2.93605267573805
2.30207060825133 2.93404440874321
2.30752471717619 2.92976347873947
2.30733152444461 2.92210402119352
2.30774046906483 2.91923913814616
2.30436766428358 2.9128231686335
2.30476623840106 2.91434653104738
2.30334853316236 2.91275915872066
2.30425456548406 2.92245244884709
2.30474886364008 2.95094569169324
2.30163894161017 2.94087713883952
2.29992914142324 2.90716036421111
2.29977682056618 2.91718860713862
2.29659168011468 2.91304769109041
2.30042978081493 2.92183337006378
2.30357297879043 2.92976520812349
2.3031633204394 2.9271282065843
2.30036502339197 2.92388634332469
2.29694962577826 2.95008708671869
2.29529305179325 2.93728792458081
2.29950177058348 2.92873118172521
2.30256316777235 2.92061855169276
2.30241017156389 2.91408654208997
2.29706816388327 2.92796909149713
2.29447222491463 2.9458700329746
2.29371315574433 2.91963274560291
2.29259954930769 2.91789367151596
2.29312214754472 2.91404559530237
2.29177265377087 2.91911082902054
2.29392764673879 2.92083640694807
2.29034636954383 2.92749831125139
2.29065188890141 2.91774310385753
2.29218381952114 2.92117635255548
2.29075250043635 2.93088448436034
2.29135409569227 2.9367135981773
2.28732705659249 2.94653867035273
2.29169143151867 2.95231717536546
2.29343926178238 2.96425429976631
2.2990217156889 2.95267611939004
2.29574785024553 2.9457271715022
2.29577821611305 2.94210113472441
2.29222805695949 2.95764572244525
2.29060504939147 2.95364904332634
2.29303464622936 2.95917665237926
2.29085284058073 2.94519871013981
2.28546728427868 2.96069312729262
2.28228004134974 2.96782111984486
2.28742278154476 2.98137867674722
2.28579921592651 2.97205123423104
2.28642927712354 2.96353421536013
2.28531312855065 2.959782287822
2.28557005636198 2.95737931960176
2.28776478763351 2.95433993834375
2.28686652025957 2.94848476682453
2.28497721935639 2.94721827165975
2.28531974438944 2.95904602620407
2.28316502338492 2.97510491945938
2.28830702090099 2.9503762452083
2.29384966806879 2.95288746759069
2.29464698706506 2.97662251727213
2.29313211422367 2.97045543502007
2.2956547551569 2.98636139653424
2.29479144963753 2.98068105792305
2.29360235143178 2.96344187633866
2.29379840553072 2.96440795782074
2.29240171915589 2.92844165941458
2.29296246966372 2.89478656940121
2.29123965620832 2.91465633719765
2.29155914589437 2.89923819715844
2.29211390695445 2.91287192726784
2.29511085787874 2.93222044607062
2.2938860504603 2.94368171731419
2.29069661010295 2.93634297757443
2.29083920877108 2.95306716112294
2.28540806201899 2.93804728186962
2.28596606503875 2.9501301062227
2.28154999547029 2.94603166440184
2.28191564136745 2.93790611507849
2.28439003651177 2.94760495604627
2.28208934418599 2.93875019352723
2.28174189781895 2.92195028997923
2.28228220571174 2.92794645046664
2.28347483133815 2.92213254453632
2.28179101612507 2.91311238816949
2.28242433838713 2.92108913488411
2.28151648892094 2.94327957470664
2.27979560342206 2.95027406631718
2.28142843841548 2.93649236301315
2.28254630633289 2.91884286476213
2.2831751434384 2.93879874262832
2.2825231631665 2.94917910738797
2.2801014787498 2.94636009597941
2.28158795023059 2.90892337405771
2.28027177216722 2.90822702232957
2.27920489455931 2.90900385913475
2.27916834594411 2.91291005123582
2.27746813959436 2.92736394655069
2.27724637083693 2.9300860488335
2.2771133011048 2.96573878537323
2.27575304170948 2.92624725915338
2.27549929708338 2.93066566431351
2.27147514920628 2.93782495362343
2.2708245277273 2.91532628459732
2.27140154593404 2.90747940769333
2.27403780009149 2.89408537838433
2.27427232878485 2.9214004837689
2.2734631184766 2.94367869109653
2.2704622107316 2.94279164483258
2.27050520126934 2.93235339693049
2.27024655082872 2.92451958832048
2.27164559006265 2.92540264034557
2.27594886678439 2.92058282878909
2.28209517691146 2.94503306721919
2.27915513348026 2.93907483022661
2.27918389831912 2.94542000240807
2.27472752989136 2.95001080272673
2.2787407543134 2.94209680923614
2.27655485922598 2.93997634774165
2.27440244550105 2.95394148930003
2.27343929872134 2.94574935153245
2.27064890846285 2.93529168799413
2.27077755526344 2.93693243178287
2.26548958443336 2.94747165205408
2.26752640182307 2.94231625438326
2.26905647660023 2.9380276657544
2.26632304847887 2.96196396801601
2.26490027158286 2.95236492882563
2.26792113455886 2.96381843618265
2.26836425876257 2.96700101744098
2.26821242038444 2.95561461305487
2.26878203079675 2.94171580275817
2.2715669927114 2.94982886207003
2.27210364477423 2.94044356333356
2.26840273788703 2.92713442664732
2.27299961990315 2.95596587419112
2.27480253053827 2.91416777420622
2.27500557755691 2.89747710681417
2.2758682157708 2.90046791212729
2.27297235330296 2.9017638742641
2.27549555491615 2.91461803613644
2.27879541276799 2.91228403783562
2.27886510451166 2.93114661117837
2.27538564876798 2.93279850478965
2.26713897350454 2.92923991439374
2.26766968563927 2.95460938886388
2.26709638111931 2.97606322685392
2.26792298872881 2.96905259596084
2.26926831814199 2.96082036410963
2.26647910454898 2.96569838119246
2.26835404230895 2.96145181280502
2.26591542194291 2.95291291950956
2.26403116291452 2.93525322040672
2.2598164952627 2.93608252878248
2.25808261768395 2.93262890438051
2.25384381363084 2.92790920921597
2.25194624353002 2.91365766719875
2.25557372118932 2.92368766589248
2.25909436030499 2.94180732268404
2.2598985124078 2.93249019996224
2.26191918904012 2.91728905222668
2.26314886913891 2.91519671535458
2.26483614130957 2.89637686823574
2.26423197409466 2.90116496072846
2.2673984328392 2.91536861260946
2.26636614398155 2.9202068004294
2.26524383520458 2.95961605627055
2.26362620589382 2.96462689857968
2.26260338428144 2.93880909369945
2.25720439106903 2.93683584441528
2.25695409918603 2.93981644868413
2.25823458452179 2.94550393050112
2.2578249625227 2.9568548851666
2.25503182253159 2.95617731801412
2.25258749495493 2.96951107059152
2.25416605018315 2.97010075039931
2.25460814843327 2.9538013011234
2.2541211478639 2.95291539123568
2.2518165150589 2.95271429284029
2.25212319227759 2.94863947642617
2.25011954752084 2.96338003731812
2.24992094424422 2.9692927494514
2.24815807247151 2.93138927475123
2.24498761906987 2.94393211191062
2.2478563848404 2.93731969727352
2.24149334924139 2.93228903990541
2.2428961822777 2.94080176724104
2.24802639092289 2.92925789881359
2.25056954935709 2.92692934468505
2.25081236067259 2.91280955865495
2.24669300874057 2.92486666251284
2.24874439128622 2.91442855808081
2.25113919329534 2.92700995979947
2.24722922417709 2.96017345365245
2.25316899917733 2.94978870645923
2.25432145944537 2.95633411840748
2.25001001680433 2.96546952819672
2.25023375786657 2.95435570249615
2.24815965388752 2.95639645044398
2.25163522079936 2.95933740506028
2.25152625899613 2.94831788960358
2.25107690927106 2.94987066381658
2.25036234286689 2.91911573656856
2.25201845084622 2.93588155997265
2.25298346762753 2.94617553064509
2.25014773175439 2.93676015746266
2.24791472484322 2.94260830177212
2.24812950026942 2.9453477032217
2.24752521293236 2.94156576099945
2.24580505090951 2.94239673070455
2.2481227467519 2.92314715333694
2.25366355469878 2.90818571253378
2.25275256642435 2.89863305146101
2.25039331227816 2.91689179881552
2.24838526013136 2.91430833333573
2.24662897551491 2.92061603627073
2.24554473073234 2.93075377792925
2.24768598497909 2.93825179598786
2.24730902355114 2.92807855572455
2.24840492647896 2.93359587771875
2.24638508946809 2.9214022300722
2.24562839422756 2.92233807571689
2.24384854398193 2.941668874325
2.25030396574363 2.95045164465005
2.24834570546747 2.96648474099683
2.24462347825514 2.94826390767314
2.24274187149522 2.95055777419325
2.2450522422509 2.94700797013627
2.24768253540754 2.93393632753992
2.24666471320876 2.95482879928606
2.24771192866945 2.94299893797558
2.24939193091473 2.92420987311078
2.24695502284397 2.92926390512773
2.24868023805809 2.92054269516733
2.24383304423087 2.93637851753995
2.24568542304839 2.91789926570842
2.24612720489486 2.92808157495614
2.24647663182153 2.90264666487969
2.2514304940698 2.91437845379845
2.25053540952801 2.90028314554521
2.24508756190283 2.90507054577663
2.24732423778808 2.89537970764179
2.24542700710497 2.89241857369158
2.24853179726941 2.89995740080165
2.2451036046001 2.93155470381258
2.24308597132663 2.95115145899326
2.24512229650513 2.92594480522397
2.24625545693963 2.91229800940881
2.24532477455415 2.93302820873544
2.24507218308402 2.92526864554303
2.24326482643267 2.94651562342846
2.24625516660811 2.96599212881146
2.2441002611501 2.95281646901045
2.24177039670592 2.95583395187222
2.24130928846604 2.9555427986386
2.24522551951438 2.96852585388649
2.24454632841305 2.93937819009295
2.24738642972355 2.92809158142606
2.24429594080858 2.94391359407605
2.24582962320477 2.95862982231659
2.24997195879205 2.96033809365675
2.24839272904859 2.96018834739668
2.24643918630273 2.97691166845748
2.24277277176848 2.97285694137761
2.23853001816938 2.95730113859556
2.23746695464444 2.96271359457789
2.23625534966734 2.96912867042344
2.2401361484662 2.96166646944743
2.23897447054583 2.94740169000509
2.23740257018904 2.94870866297525
2.23822533404226 2.94040807021716
2.2351798194411 2.94470640759536
2.23432420713311 2.96047913345466
2.23414441379101 2.93252664268873
2.23609052750576 2.92436753306435
2.23677301728623 2.92992050286681
2.23792869982747 2.92366528549691
2.23841171591202 2.91064021043053
2.2368103611442 2.94467764892485
2.23796589783038 2.93335962256182
2.23987497086076 2.95086534840974
2.24293570450942 2.93418352168729
2.24260107816872 2.94089313625544
2.23992561639982 2.94461100821155
2.24094891593699 2.93417954072129
2.24474245003504 2.91960608730554
2.24419220861144 2.92489398837539
2.24348504305604 2.94666283125265
2.24415886517995 2.94716647014348
2.24434324403614 2.95690409740662
2.24189079459433 2.96380626010756
2.24413338055256 2.97994380059241
2.24694479425138 2.97908944910168
2.24167790832483 2.96107148316896
2.24263831171243 2.95763677091706
