0.1
0.844558836016674
0.944487908590213
1.03851848350445
1.1298011071331
1.2180880689209
1.3030509160195
1.38626946220074
1.46621340813585
1.54009134300018
1.61152191991595
1.68063702848902
1.74593779093398
1.8045206299146
1.86226039505805
1.92133360253179
1.97689893150027
2.02748881957834
2.07548344958056
2.12126089284163
2.16350806421165
2.20720535136337
2.24461575284761
2.2799957885392
2.31048487285148
2.3426516048947
2.37040877873387
2.39702655151851
2.42613643214962
2.44890242495848
2.47524020388354
2.49595048247201
2.51734906965134
2.53695412262566
2.55688193777376
2.5744627810101
2.59198271801592
2.60030790687968
2.60843136390317
2.61987421110435
2.6298014495269
2.63300742589682
2.63279939123787
2.64048792836663
2.64293101463245
2.65078250565273
2.65606687387299
2.6667080730632
2.67014177733989
2.67666065278436
2.67765682245923
2.68533932385495
2.68628882773506
2.69592899094131
2.70076946547197
2.6971060911647
2.7048175938942
2.70579740861266
2.7076052377469
2.70932188873654
2.70911958616977
2.71373028924353
2.7133696830707
2.71550331150298
2.72134558026889
2.72770181083796
2.72237465039005
2.7299744081684
2.72812752980083
2.72898966307296
2.72782801159481
2.72616014949614
2.73072093853825
2.73584872077587
2.73785221739504
2.73477356530123
2.7346269197108
2.73800742401559
2.74153426255202
2.73997224537274
2.74560333863897
2.7400678238977
2.74470274111754
2.75033887123394
2.75011362432636
2.74908819819541
2.75249668510692
2.75084733313934
2.75325216011697
2.74753514962988
2.75207608939823
2.75286466341591
2.75673657056304
2.7615933171489
2.76370189805834
2.75796067313016
2.76504150223246
2.7700049784751
2.76923805484385
2.77005941254835
2.77033365869745
2.77528902913211
2.77821405624838
2.78234648415426
2.78663064498747
2.79103326582769
2.78725153279218
2.78035468729114
2.77995943146627
2.78216181899725
2.78271986668838
2.78499976225995
2.78935511040701
2.790641097233
2.78977864650784
2.78957123119711
2.79032305802059
2.78998990013822
2.78995725480264
2.78744158996178
2.79103963453867
2.79164480976009
2.79153001803079
2.8010487030884
2.79976059267053
2.80199235767427
2.81000002645489
2.81236832219882
2.81448761365092
2.81544288625327
2.80498232302208
2.80346591808676
2.80792195813512
2.80546336512609
2.81171880890875
2.81532117338194
2.81944699247122
2.81938609880298
2.81952465501348
2.82425139835981
2.82804427670893
2.8337544744557
2.83107245200995
2.83801369393921
2.83477326475175
2.84151519396334
2.84316060788183
2.8435148957059
2.84257551208975
2.84512469268298
2.85040850144579
2.84828697477706
2.84057765932791
2.84348552133286
2.83519013970009
2.83753807191987
2.84132556274652
2.84176227705431
2.84756203765529
2.85254806346818
2.85293358212958
2.85244961206161
2.85406183835865
2.84851315083686
2.84595317330409
2.8502092594307
2.85324956318512
2.85116726606718
2.85042513588514
2.85205897136158
2.85300805059293
2.8593662076436
2.86330029259763
2.86344009313063
2.8662193137876
2.86287630909236
2.86851466464167
2.86847238548124
2.87094382938352
2.87737375755082
2.88180115547646
2.880541425756
2.88018874147518
2.88037618741344
2.87327127340802
2.8750356383033
2.87987207989801
2.88090697049407
2.88664172881532
2.88567222098187
2.88768466878986
2.89156226996912
2.88645970700147
2.88695756372949
2.88792040156179
2.88872584792859
2.89302630613527
2.89334152837942
2.89383143196142
2.89159219331131
2.88884734578437
2.88603267345856
2.89056217151494
2.88669452331977
2.88292072255513
2.88941951895964
2.89349440688892
2.88939605968858
2.89460837630746
2.89163003051716
2.89013329337633
2.88983515121197
2.89877934289171
2.89880692493617
2.89636959591599
2.90001133953579
2.90274389710852
2.90148347950869
2.89872086596876
2.89812316703586
2.9006321115789
2.90737604259056
2.90881796410644
2.90458764227607
2.89871278658533
2.89837877858579
2.89223704260773
2.89168986563593
2.89206031392486
2.89048466116475
2.89383363653816
2.89251438794619
2.89272927940494
2.89597080875626
2.89711957097837
2.8961175151192
2.89705471311121
2.89630650500866
2.89801937959843
2.89956902173631
2.90690805245938
2.91032293095263
2.90974107286689
2.91718104643524
2.92037590408921
2.91999945151276
2.92217868709919
2.92337437453459
2.92425235320832
2.92609315149368
2.92604544753614
2.92453569326403
2.92006462949258
2.91497880845892
2.91609545324148
2.9174848541771
2.92157923785029
2.91261730268544
2.91160184930657
2.91168239067637
2.90776247926144
2.9101294743413
2.91343355508933
2.91435541062025
2.91442611418095
2.91907286670212
2.9235767927256
2.92212929368052
2.92428410978872
2.92508999616099
2.92643896573804
2.93091733252681
2.92973837527077
2.92791884784063
2.92855529229203
2.92821237196893
2.93005785637791
2.92771311364322
2.9243585220573
2.92908352185417
2.9287456428384
2.92557399843148
2.93344432193255
2.92965885899497
2.92385135923302
2.92519779113876
2.92536967456427
2.92716107613248
2.92736219324195
2.93295085951953
2.93534971593348
2.93315361025098
2.93931890048969
2.94293837234899
2.94008222422238
2.9396622514413
2.94356371796606
2.94541063412763
2.93638351818911
2.92843044205247
2.92894192523982
2.93087325866049
2.93035954325485
2.92191832396809
2.92268782029006
2.92911489775575
2.93199016690162
2.93204598540889
2.93803630703142
2.94130119629187
2.93884634390207
2.93428614800922
2.93992026630795
2.93538676922094
2.93809683260287
2.94105931359655
2.94152427831638
2.94134584266072
2.93958273430525
2.93577482071041
2.93171592482546
2.93244053151538
2.93251788770877
2.93309949356935
2.92822048692838
2.9299059524011
2.92941426384287
2.93158394241364
2.93096505008907
2.92820430233004
2.92774720092755
2.93164300155002
2.937328404202
2.93744641375858
2.94173966999271
2.94287226874528
2.94626436873021
2.94445968272231
2.94026718383346
2.93648658567911
2.93100741832413
2.93048581182466
2.93166480910816
2.9308264241478
2.93408724368835
2.93476705121074
2.93073147241262
2.93520907562654
2.93129023694434
2.93775139408987
2.93488161172294
2.93213745611815
2.93704560837619
2.93932168183807
2.94241640333804
2.94506073117188
2.94314215245205
2.93843248091009
2.93642499071999
2.93397499406543
2.93342251708017
2.93065432884215
2.93456076458652
2.94245880933379
2.94379229158766
2.94375909687865
2.94237804425326
2.94604484343536
2.94407332658956
2.94288468154629
2.94370639711955
2.94252034510665
2.93853215274333
2.93713701066062
2.9333003856311
2.92987283010743
2.93370798730878
2.93428510774733
2.93763822852479
2.93517702474932
2.93715844334639
2.93874178845032
2.93887881871589
2.93318176170499
2.93329121997686
2.92945805874825
2.92531143922692
2.93029758822245
2.93208516831867
2.93789485857307
2.93380412093385
2.92878264292613
2.9238169997805
2.92397332548288
2.91952939013386
2.92602490649366
2.92291807762507
2.92181869509043
2.91685807778529
2.91661565230777
2.9233048828607
2.92436487926468
2.92063140203625
2.92281084019517
2.92072789013269
2.9164651830112
2.91570249229572
2.91890911402396
2.92268686721662
2.92429037355872
2.92252859381334
2.91932696988072
2.92520096309277
2.92495744536353
2.92184408376488
2.92612367652449
2.92367241605129
2.92095702982769
2.92391718361905
2.91308556758782
2.92094299499517
2.92181747761636
2.91964156564728
2.91754039169168
2.92107323125246
2.92063983852191
2.91889618402126
2.91542776910671
2.91330173064669
2.92063162197292
2.91648835059776
2.90877710530814
2.91556354125996
2.91231319241709
2.91666412070752
2.91766344202428
2.92013952243703
2.91632785817126
2.91920435425194
2.91577771288192
2.90676087365474
2.91118850365796
2.91144725533357
2.90547390399902
2.90782605349734
2.90723670358433
2.91412539396829
2.91315315896644
2.91797401658444
2.91533276111969
2.9124561018382
2.91112517436997
2.91094195254324
2.90698365196205
2.90855112197514
2.90451909136647
2.90790210359346
2.91105163635649
2.90925576494415
2.91108803085287
2.91046571986786
2.90698352754799
2.90530500236737
2.90398004406478
2.90530299037053
2.90784716010369
2.90758691624907
2.90285111119309
2.9015663614458
2.90381551083694
2.90264399341392
2.90116580957375
2.90548603038071
2.90126327494879
2.90074105831432
2.89844987893417
2.89772998798468
2.89683164566755
2.89749694213571
2.89906021309834
2.89382595857187
2.90078847258296
2.90693095415816
2.90736752669568
2.91085823008773
2.90652759790454
2.89696303213539
2.90299162975482
2.90435601210076
2.90276224346663
2.89948161301717
2.89630085823888
2.89978653957998
2.90065224631083
2.89608471613318
2.89579783486137
2.89470261569551
2.89403023283336
2.89257737513765
2.90008857228314
2.89666988011138
2.89495545853782
2.89289503643191
2.88739853530812
2.88179316988456
2.88421932272182
2.88807595155063
2.88503687024781
2.87608373455353
2.86883329793424
2.86677249485479
2.86584539456858
2.86755350258303
2.86966897412846
2.87843550151612
2.87107465280532
2.8780176328641
2.87821732304103
2.87190845910069
2.87197740399028
2.87184493146265
2.86841119109855
2.8697370028044
2.86411179265847
2.86365060177771
2.8770935915896
2.87951069232149
2.87572702280986
2.86931869565611
2.86405072469543
2.86220398892671
2.86254093103174
2.85246369587298
2.85778878672362
2.84823396167511
2.84359274452861
2.84715758868984
2.84296431393
2.84352503017564
2.83989131801617
2.84195325500668
2.83659172482769
2.83348347174712
2.83652372888421
2.84107771132749
2.83553014110296
2.83230876656023
2.83830750539171
2.83810322366883
2.83785564101657
2.83495517296264
2.82979546193007
2.83280694864017
2.83838128847276
2.83448849303147
2.83583913868698
2.8378038098749
2.84037940674356
2.84426237431128
2.84599544845989
2.84813003144357
2.84677914214558
2.84939841157244
2.8476476321005
2.8466832038468
2.84171284664921
2.84698153366315
2.8471404681347
2.84462217430305
2.84183007156394
2.84516774930714
2.84302358660009
2.84896523557593
2.85031513177108
2.84927697313072
2.84489882793266
2.85108707072851
2.84967126367603
2.8465941473603
2.84598653821635
2.84265635966085
2.84861887488938
2.84616891841579
2.84600068223319
2.83869653039035
2.8335076684554
2.82229080761457
2.82581873375725
2.81989608897325
2.81990329096692
2.81275382168876
2.81069032056459
2.80342547657157
2.8087302708333
2.80953753259803
2.80561535473676
2.80261221914423
2.80558682972984
2.81230326728087
2.8094811400762
2.80359390079601
2.80505642125136
2.80097293783821
2.81094212614492
2.80861544172334
2.80737877208339
2.81412449726221
2.80548012303687
2.80284058752632
2.80832039345849
2.8120897458218
2.81451581266953
2.80984045054602
2.80351186979056
2.80634206981411
2.8027714008821
2.80064721911405
2.8034878906433
2.80738790933597
2.79935434053889
2.79952009498774
2.80047894326834
2.80344022165009
2.79614717346283
2.79438226796144
2.79653188454751
2.79903916186178
2.79865167195308
2.79667751880767
2.80052053699238
2.80169840344781
2.79847067919175
2.79869809998306
2.79788410389367
2.79865736697778
2.80346074547273
2.8042420027773
2.79398432973209
2.79846303941011
2.78930069265147
2.77823698737113
2.77824599148462
2.77794383207418
2.78032679076688
2.78498906337221
2.78307329959203
2.7780042706846
2.78172424190917
2.78497264637541
2.78545876148684
2.79419996257729
2.79308712200695
2.78596615352071
2.78218575231159
2.78450953656234
2.78622246879551
2.78026850924042
2.78488498445887
2.78860505682733
2.79391746484752
2.78963773410352
2.78444414065166
2.77762183071877
2.77893060129899
2.77639190774951
2.77272761153784
2.77454048283988
2.77629996942467
2.77364328783682
2.77069185810168
2.77225613440649
2.76892616966369
2.77141630052148
2.77747689574156
2.77426868777443
2.77076254134463
2.77100916288631
2.76991199964425
2.77205173122739
2.77580448930332
2.76894216229156
2.76999372751187
2.76839995805334
2.76845548358987
2.76757367660634
2.77110995251617
2.77545089196127
2.77809613399999
2.76966181651886
2.76426427430743
2.76145291416356
2.75736030182494
2.76400120105754
2.76362976910487
2.76173926111507
2.75672807605996
2.76012816737589
2.75167749637365
2.76043681801971
2.760230525226
2.76449184278657
2.76580271539222
2.76296495139811
2.76000964421115
2.75601764525384
2.75052178199752
2.75289586355878
2.75124166834464
2.75486010218633
2.74884148228489
2.75136101174482
2.7538742304776
2.74953854582007
2.75356277108219
2.75410881623377
2.75317922128517
2.75083006835842
2.75284339370153
2.7528385081877
2.75218515614767
2.74661491711094
2.74602727939509
2.74431898396199
2.74439568336589
2.74164684511848
2.74424069830645
2.74089682997476
2.7466891305485
2.7490084119483
2.74369974836326
2.74095203857246
2.74129239913768
2.74384173419064
2.73664223063496
2.73975444523782
2.73795509175592
2.73702034154918
2.73024180448184
2.73655257635397
2.73638489803803
2.73741553716383
2.73625342490549
2.73932597469952
2.74127312608448
2.74340800304475
2.74152443476232
2.74895611982318
2.74357787938799
2.74838886601666
2.7473143740898
2.74870492033851
2.74252912511975
2.74543280575493
2.74405909925035
2.73703231988209
2.7370074961989
2.74176022124129
2.73971780185832
2.74175973080049
2.74606009043452
2.74859894851344
2.74859534622712
2.74008437343511
2.73788689226347
2.74126910799708
2.74307541325549
2.74278860988565
2.73867005065672
2.73362262797152
2.72265875500805
2.72932504036279
2.72133244875849
2.72299860780911
2.72471025240677
2.72580803296697
2.72262329597232
2.72931466298244
2.72461303258674
2.7253838632787
2.72519615368523
2.73044373695221
2.73086580584607
2.73282250559152
2.73465285354571
2.7297324364585
2.72655496919888
2.72056463582741
2.72213546848465
2.72296068746938
2.72444660060176
2.72318570464503
2.72466483827044
2.72745907160145
2.73034800432151
2.73474033965882
2.73315363828365
2.73387870501982
2.72956711088436
2.7324117286275
2.72577624881297
2.72343874682347
2.71905920657897
2.71521087459951
2.72093462926926
2.72700500090086
2.72885228375571
2.72829871006985
2.72512887177194
2.72346378345018
2.73019460878112
2.73544890347753
2.74049003369637
2.74533550962324
2.74271774413359
2.74302664292465
2.74037461854443
2.73615956249653
2.73328005386765
2.73275048957441
2.73377216857275
2.73268806332039
2.73048524320723
2.73170153775681
2.72603918447744
2.73159695997765
2.73060283853136
2.73187185671032
2.73443740868523
2.72582036244756
2.72466278565986
2.72098376551762
2.72483466053924
2.7263016823559
2.72596245755802
2.73273234485924
2.72782300673594
2.72116813467597
2.72458854661686
2.72843151049994
2.73179717603369
2.72884643249787
2.72917143159175
2.72788500276351
2.73025497278575
2.72701350171539
2.73670827565389
2.73519370533579
2.73127825849657
2.72730787971526
2.72332572044608
2.72446836474582
2.72305608585639
2.72896540170428
2.73394957479916
2.73059573380191
2.72672426662547
2.72483019374843
2.71716516736043
2.71515679633332
2.71697042362359
2.71654058630398
2.72068222873119
2.71097815139982
2.71338553102476
2.70861810591741
2.71888016010659
2.72362297338512
2.72269551436235
2.72012526239366
2.72832897378063
2.72639610993938
2.73157511922541
2.72925562830123
2.72966802632836
2.7257669619114
2.72896822215451
2.72692244974307
2.71738269543873
2.71881067158693
2.71677516184809
2.71366003160935
2.72055553189461
2.71674997390182
2.71133831176244
2.70956242279655
2.71527678705529
2.71625284754238
2.71239436669268
2.71057374515165
2.71605904578147
2.72075439411272
2.72214598841305
2.72097803452443
2.7193406371683
2.72024335143054
2.73112821472821
2.7301205783989
2.73121137268247
2.72312026493342
2.72131650518661
2.71938953321826
2.72321915939334
2.72548327809864
2.72912101046327
2.73160959867183
2.72677299014483
2.72644033355541
2.72920926050965
2.73078013195806
2.72823569798545
2.72613813581678
2.72859285348307
2.72860770269309
2.71660256975348
2.71994521520618
2.72343279525622
2.72433929777949
2.71997501856322
2.7155933937421
2.71929437049889
2.71936032386857
2.71835134973469
2.71507738879972
2.71557182217617
2.71623535606665
2.71668924791536
2.71647349895779
2.71736985291436
2.71958234240233
2.7233882757281
2.7186459804497
2.71983128867123
2.72394183123038
2.73140729077102
2.72883310310787
2.7256621622827
2.72108919427327
2.72309407668544
2.72331020249154
2.72240508156263
2.72329626520201
2.72191426552372
2.72778039047701
2.72725022270053
2.72185904281339
2.72451214115772
2.72315056772212
2.72483615881601
2.72504009711468
2.72437651230106
2.72647575329677
2.72659360836298
2.72755347949972
2.72656637633513
2.72943692456279
2.73173733091639
2.73199951251063
2.73063636939347
2.73010705053278
2.72283162526235
2.72498861910447
2.72522861911505
2.71925520743263
2.71291216599978
2.71062592253583
2.70596985937939
2.70655901747233
2.7116006074572
2.71174972613874
2.71893143001908
2.7186426615302
2.72034352372076
2.72024291302884
2.71989803075775
2.71593851271085
2.71460418036865
2.7200214809059
2.71951911139417
2.72587213682369
2.72845069709653
2.72756718854628
2.71767294843314
2.71490910216112
2.72160198158242
2.72388080164891
2.71651088449971
2.70912102666585
2.7103970771697
2.71249347081221
2.70766210596195
2.71497785840718
2.71320823622153
2.71751133572557
2.71461810221269
2.71343000164213
2.71315548786945
2.71303567277496
2.7136644138039
2.71357845915828
2.70986462183131
2.70964908123061
2.71547450126137
2.70802357971607
2.71207162961536
2.71339552497596
2.7134849268928
2.71434084755738
2.71072834073992
2.7107522800494
2.71478057027838
2.71943781346711
2.71518462949787
2.71601766064195
2.72065049181744
2.72004619760278
2.71768316242568
2.71543735303777
2.72062131180568
2.71344591238181
2.71351091200599
2.71518617697649
2.71538091174234
2.71860995917761
2.71472492161675
2.71573555956253
2.71146624701509
2.71163625993694
2.71403145684447
2.70984116026584
2.71060428068797
2.71131855124015
2.71181593080352
2.70701069346376
2.70740123823445
2.70340866393447
2.70202391429136
2.70376429387423
2.70576107352547
2.70423800902746
2.70219206303103
2.70134272577234
2.69707842646425
2.69562188484358
2.6976753658988
2.7000515053195
2.69395503541382
2.6978219169352
2.70740512101667
2.71092011254676
2.71437494038486
2.71857816864168
2.71705203450451
2.72274017658559
2.72141229861033
2.72235885810004
2.71809458143352
2.71764546979095
2.71799616229954
2.72167998044022
2.71982189487876
2.71636930462221
2.70969962070965
2.70741616282258
2.70436664936291
2.70378957253748
2.7108653426643
2.70660995693415
2.70958347968352
2.71479940368532
2.71702791082244
2.72036486755198
2.72408420450833
2.71963633013151
2.7195087522585
2.72258890301702
2.72463570545938
2.72865414739028
2.72780796078885
2.72343906316745
2.71870710877266
2.72144661369527
2.72257638311955
2.71677524902822
2.71020002465102
2.71299934705697
2.71321435797777
2.70880303129991
2.70154344490712
2.69363251088266
2.69532418652586
2.69510522896546
2.70196622616444
2.70983679872437
2.7121364247181
2.71559432554317
2.70667176380964
2.70161505628963
2.7005870554588
2.70033691406377
2.70362985469352
2.70396082281282
2.70209321418307
2.71000947847203
2.71305235877377
2.7187762105668
2.7146706707437
2.72338384719247
2.72364907984208
2.71904524605686
2.71843943323714
2.71645859995639
2.71404805994342
2.71817709605246
2.72227843557169
2.72629872953817
2.72121542588244
2.72183772042561
2.72478229720296
2.72400070284487
2.71931706863404
2.71850759674827
2.7170319663924
2.71330297504581
2.71519303710922
2.71513777197549
2.71225730170956
2.71629890913902
2.71510107982969
2.71204060855963
2.72041052060638
2.72195535285941
2.71094762137304
2.71549990995698
2.71559065756375
2.71436893511362
2.71534115609708
2.72223409849584
2.71968497841462
2.71527238943561
2.71862882497497
2.71245195803592
2.71707799579405
2.71631534908184
2.71621169683626
2.72237245091854
2.71603179095592
2.71168867253614
2.71094239070089
2.71136421873192
2.71475593121039
2.70644690602021
2.70889711049261
2.70808611565973
2.70585710831483
2.708877317891
2.71295629940807
2.71655338112863
2.72270463892508
2.71927512076511
2.72378320672975
2.72605354678964
2.72755363977542
2.72402956920496
2.72192236732487
2.71637535983755
2.72024335269374
2.72332141527537
2.71713465260559
2.7140982989734
2.71500083555712
2.71171147175214
2.71330316239308
2.70739939162237
2.70784102808781
2.70895038107535
2.70088397693254
2.70107832975809
2.69781919804488
2.70480430231367
2.70910370761611
2.70873984183361
2.71195683528515
2.71032966838936
2.71021371581601
2.71380762164503
2.71906811727692
2.72018686408216
2.7232842841387
2.72162672793285
2.71552249956845
2.71855905892133
2.71433603124572
2.71711103443733
2.71487359133806
2.72020701607763
2.72112423484633
2.71458808564281
2.72315171961792
2.73187403481763
2.73178723272378
2.73190273108252
2.73157746120874
2.72833425843006
2.72760011088869
2.72070741741597
2.714068814426
2.70931010477084
2.71857609017871
2.71200890389731
2.70971048007477
2.71071535144641
2.71367215721684
2.71599886272315
2.72169822833891
2.72548740807573
2.71820858968713
2.71803974548944
2.71839013720713
2.71773241378818
2.71643395380076
2.71587524799401
2.71428727514324
2.7160166926908
2.71509603082749
2.71065038045641
2.71180739097056
2.71568272318044
2.7189085835158
2.72161476714724
2.72129956753832
2.72152598044436
2.7184091227123
2.72077402970394
2.72742923060109
2.7243011002073
2.72845626724847
2.73103606650945
2.72981926970043
2.72904735493451
2.73056558503403
2.73346722359299
2.72976707714343
2.72702559813931
2.72403764856842
2.72140280666034
2.71979564135599
2.71750456043595
2.71628246198323
2.71496122481793
2.71351015131078
2.7104568219236
