0.1 0.3 0.5 0.7
0.795369166833285 0.959272289441307 1.22106604541117 1.65888172547879
0.844745675148122 1.1354176865485 1.54704380411216 2.18962021835392
0.890819599016263 1.26855261191288 1.74776944434992 2.45676846198129
0.936102632981295 1.3660792692136 1.882616497467 2.62221177550547
0.977157883782158 1.44214130966157 1.95770703725363 2.75662007500218
1.01413501353136 1.50494966946824 2.00383041524753 2.81226759279067
1.04924807006379 1.54506468145279 2.04150218259004 2.89780685548029
1.08259898342195 1.58337065272912 2.07554578714694 2.92964714366013
1.11343607893761 1.602585701102 2.12077966237567 3.00792577094352
1.14190961905127 1.62475955601046 2.12706768917771 3.03328843906915
1.16856805458788 1.62361359737114 2.14315936502585 3.10781852414311
1.19182556238265 1.6392949590911 2.13282806414323 3.23130109054908
1.21497499322272 1.65228231987531 2.17160461049236 3.28787306083365
1.23614275620391 1.66707181591067 2.21548143819164 3.33257949496545
1.25418860329975 1.66342158817379 2.22586867996373 3.38461164606555
1.27197611703504 1.66611012477452 2.2489429615195 3.44006552691036
1.28616208860567 1.66017541779956 2.27602027060537 3.56341976414048
1.30023686576294 1.67440580194951 2.31463622627993 3.61239462714932
1.31390122637009 1.67961552151574 2.36716510909309 3.67598375371215
1.32526397833792 1.68817478464511 2.39261017054812 3.72104960422877
1.33623182319714 1.68844579701034 2.39998820737098 3.76835662259857
1.34545008260081 1.69058564086249 2.42960904753558 3.81273736186502
1.35471436550758 1.7028592670356 2.47946986076165 3.89798489052127
1.36178112609466 1.70737977795504 2.48767135947447 3.91760822858137
1.36687000025161 1.71539407606039 2.51094871856243 3.95194122638373
1.37155894766683 1.72381881287536 2.51680417901142 3.96479525262263
1.37675168472218 1.72878196404157 2.53103818410948 3.96746839199833
1.38277951285319 1.7266454406767 2.55033739469682 3.96673393606383
1.39043756828038 1.73126770499594 2.53017225526693 4.02849369000891
1.39374863560327 1.74630534312468 2.56570625679346 4.04603547577707
1.3986687688729 1.74740077153791 2.59333153382747 4.10202236452484
1.40111183811834 1.76121691250414 2.59537075188482 4.16046029977239
1.4030014328998 1.7680861146755 2.62076470973322 4.09527543590466
1.40579765205394 1.76339766262748 2.65316217948177 4.06661678152143
1.40790954375048 1.76757727185962 2.64294206399865 4.05654641187588
1.41007905002608 1.78036572887827 2.644660778719 4.04475874900004
1.41253440147437 1.78535178220222 2.64963227901162 3.95876076230541
1.41260244922119 1.78372871424662 2.67877145913619 3.98864585882973
1.41516635705396 1.78045555810839 2.68204919052867 3.95641069317557
1.41376315575044 1.78779909337808 2.66892631081312 3.88490737938453
1.41302538682065 1.77555130003969 2.68744120194918 3.892503445917
1.41428256650675 1.78813421694862 2.67716300981352 3.83799704621876
1.41249870742313 1.80124919271217 2.66130950893735 3.74269491752351
1.41256326919249 1.7993649618058 2.69584206552367 3.68496725988545
1.412856873088 1.79754048789512 2.72309323638011 3.63791707310202
1.41394304743987 1.80254133904868 2.72028340967617 3.58568803908028
1.41540035317785 1.80807950453134 2.72681666807403 3.56273140624656
1.41494411358917 1.81287111545728 2.72078128884219 3.50586205337147
1.41629125766091 1.82572015879461 2.6943752130694 3.48307628200281
1.41691757507819 1.83167468439161 2.69891665625345 3.4012060364228
1.4171231979226 1.82631739538012 2.71608181118452 3.35211524838656
1.41558635347988 1.82964952122061 2.70323532320225 3.27352053452762
1.4177361431609 1.83301287810148 2.69752367169991 3.30272518470956
1.41693717476963 1.84063736886014 2.69691229223751 3.31202636624351
1.41832798562142 1.84260319853492 2.70310431941598 3.21383049219648
1.41882121026108 1.83942673448197 2.69567060691052 3.17512512459377
1.41913785450215 1.84910218874581 2.68969877707224 3.14177936582879
1.41694537771045 1.84816173986124 2.67938309121228 3.102813064305
1.41731797831475 1.85515074026322 2.67688583537483 3.08709016737969
1.41556688794576 1.84311362869948 2.67051153926643 3.08915371355763
1.41500967555457 1.84316009977788 2.62028713552567 3.07451934577978
1.4152769985436 1.85118700339659 2.61013440814087 3.07030680261735
1.41354455623683 1.86593714700924 2.61147525896693 3.04563910185175
1.41281381857293 1.86207778412196 2.61495201841349 2.97742806637656
1.41459837047475 1.8573639867112 2.576499292673 2.95004464699994
1.4123467104637 1.86269062493641 2.54678076934986 2.93643699493895
1.41184498007626 1.87884430490539 2.55104316513723 2.93668701205782
1.41236597601262 1.87045850869707 2.5277744906483 2.91066682949058
1.41057107893442 1.86965547979148 2.54465965127259 2.92513827303524
1.41218199566846 1.8681564960062 2.51500416711843 2.88039195230924
1.41052988375174 1.87335371261609 2.51059447237478 2.84758123242089
1.40934452819952 1.87456257312174 2.48988317480158 2.87620999411454
1.40906754607639 1.88621796103065 2.44034989018026 2.88827546295258
1.40579978605938 1.88667688822806 2.45489930233974 2.89763710744683
1.40615544204168 1.89261835955344 2.44002975252745 2.88317730734029
1.40889579972692 1.87778839041675 2.43821029714714 2.91878182390609
1.40644750825694 1.88686050895456 2.4124219676462 2.86887499565622
1.40631773236812 1.87694370586583 2.37884169542559 2.83271713571439
1.40624732932457 1.87352096173035 2.36889537415958 2.86588426174718
1.40558944899185 1.88856607001538 2.36434019914255 2.86590166618715
1.40621097729864 1.89211166108202 2.35510350886944 2.77802451927373
1.4049602213768 1.88324148240693 2.32708219902631 2.81551685093382
1.40369571022868 1.88698915707026 2.30583323828854 2.79978310997859
1.40521670200349 1.88598174936479 2.30182144269206 2.82040668575161
1.40447847772261 1.88420749446063 2.30981652845396 2.79770824596761
1.40520943322877 1.88655877618147 2.29330932248763 2.82530027530678
1.40539048744058 1.89416608510941 2.26231539925164 2.80549579628002
1.40539681169854 1.9015821524169 2.2551979596248 2.79234921142313
1.40585102258581 1.90300388932116 2.24640227753923 2.78836716822922
1.4065728526065 1.89669292981285 2.2220401291065 2.72964153429367
1.40649305256533 1.88561175115343 2.21679870121 2.80492348312641
1.40438666302884 1.87477076139405 2.21378982072537 2.83543764698372
1.4030185754581 1.88466429390611 2.22804401958798 2.84362044152933
1.40285259970267 1.89961853260315 2.19395583899429 2.82287736207825
1.40097996327269 1.89437670827797 2.19721360460182 2.81876964792342
1.40264393426602 1.9040953744683 2.18676709729243 2.82964625677479
1.40317503248306 1.90669381527476 2.19839222060301 2.83842440282692
1.40198787397308 1.89920941793423 2.18459476965179 2.86083752655453
1.40310834915527 1.90457569696077 2.1815508190508 2.81679635076744
1.40341269036679 1.90219503613167 2.1520563499638 2.78612456010449
1.40333325106109 1.89324945820449 2.14538367865728 2.78789040427014
1.40309311899821 1.88584790020687 2.1369853922319 2.79047860213836
1.39999223159341 1.88768379117208 2.1435935200672 2.76433335588079
1.39951588468876 1.88881518751838 2.1337859675038 2.79743691773577
1.39917773142666 1.88992781775889 2.11550183050886 2.82212044928578
1.40038851879788 1.88255119895073 2.15497827209482 2.80772087046909
1.399300076929 1.89275080884915 2.15302053630897 2.81957404849172
1.40028011009961 1.88544462970543 2.12329303484443 2.77630283331415
1.3976865665756 1.88545279939007 2.13026446013923 2.81899062062479
1.39739089038948 1.88756988178766 2.1296295642859 2.81749968750566
1.39856536948659 1.87673826674853 2.11641788769388 2.8138556404203
1.3954196381755 1.87252605457048 2.12663607173967 2.80738892265924
1.39496447642835 1.8720338420848 2.15430651074802 2.82674360574207
1.39364432118349 1.87305991997745 2.14881116013707 2.81152994312589
1.39265417787835 1.87726342331509 2.11740214932012 2.82685285323048
1.3931852459379 1.88362343137376 2.11481661099368 2.82755877662308
1.39560666714566 1.87598125666146 2.12013947182653 2.8250498322984
1.39689184571138 1.88247554655383 2.10388498852828 2.80268930931538
1.39554610738106 1.8592869371737 2.09277576741971 2.79273801547207
1.39609359589107 1.85559273973535 2.09252068087606 2.80126008095399
1.39656913501292 1.85686762263919 2.08669206802257 2.79223883977219
1.39799282023067 1.85567475706549 2.07988645301709 2.7732260499166
1.39617479139693 1.84828530361281 2.08903629246568 2.74690106852697
1.39567092256154 1.85004137258451 2.08328545864411 2.76328330048052
1.39385293303601 1.85934491716505 2.08125175050348 2.79996922109394
1.39625496359624 1.8495914732977 2.06094370890861 2.78008434240574
1.39492428190853 1.85369808048769 2.06531770716548 2.77537425402558
1.39382349826309 1.85618170313138 2.08936633127554 2.80680350720103
1.3925132558546 1.84995344234626 2.09087409646815 2.7831929653764
1.39210574408263 1.84226646681228 2.0831588596317 2.79035788387287
1.39364043220348 1.84435753006137 2.08478310489314 2.78845457437448
1.39502635419906 1.84144647792987 2.08396706120813 2.79358471029413
1.39522105802328 1.82975898497846 2.07787352540888 2.81477237612966
1.39504793082584 1.82438557905614 2.03985327854498 2.86784925680359
1.39511730306767 1.82493342823769 2.04788548813205 2.82511480077842
1.39382655021782 1.81863782185111 2.07043761059933 2.77814253186852
1.39310610397313 1.80749785212516 2.07125256647422 2.77370664971128
1.39466503766983 1.81982232683013 2.06152346961654 2.77456050700257
1.39518347010755 1.81843655146292 2.05980865262577 2.79449295591418
1.39449738007378 1.82155157428397 2.06567210997592 2.79571944801448
1.39384371831432 1.80703690900764 2.07581530006436 2.79080641785846
1.39252913712775 1.8022313229713 2.04837585261679 2.78874624436919
1.39473414846261 1.79088664724475 2.06283751487984 2.78731932648257
1.39657856861814 1.79615281860759 2.07112352989602 2.76982224304142
1.39504306904232 1.79331269179218 2.06276397746777 2.77717973513495
1.3937848196334 1.79139997108395 2.06552923302517 2.77978371374842
1.3940834734935 1.79138953302166 2.05765207322558 2.80256401708359
1.39406836499211 1.78456963817373 2.09014016369255 2.82635044518963
1.39373782843597 1.77779377130929 2.09656557538326 2.79862926966474
1.39505976810548 1.77015740829044 2.04918587756382 2.79456252942133
1.39330671082809 1.77485385357434 2.06546014002896 2.79785069441028
1.3937906571773 1.77248897918058 2.08410517288321 2.78519230678113
1.39431133024465 1.76938969501763 2.08492998456472 2.8374107636125
1.39188490382646 1.76827161001486 2.07212921433004 2.80560173498342
1.39283480839314 1.75976468250231 2.06031525555816 2.79302784308231
1.39188344312596 1.75764951861781 2.05891716311777 2.75211737916768
1.39326447455154 1.75463601138091 2.07168302272244 2.7760482426569
1.39427696499126 1.74876408032337 2.06969690417663 2.752167808475
1.39207926993279 1.73846131067539 2.06178162780521 2.74199243736392
1.39035095228542 1.73845404348946 2.03962534284108 2.71523002586694
1.39120892466905 1.74229561963597 2.06024439085423 2.76792161972626
1.39442780226776 1.74130738012786 2.06325518973215 2.79037485206668
1.39373073731899 1.73630576473897 2.0894238175743 2.78362973851486
1.39339612438089 1.73610236462975 2.06186472753214 2.77967488924666
1.39593839316125 1.73176358592931 2.05645761118357 2.80862165366474
1.39589028133696 1.72594914929395 2.05967149367023 2.84653563165671
1.39509657631654 1.73401999761741 2.04228241422099 2.78346657586218
1.39638176253786 1.72991676218864 2.05235402291143 2.82364463461212
1.39767819592737 1.72802664690852 2.0399300511224 2.81384756585274
1.39693937156276 1.72500557877654 2.05612709646284 2.7936969682787
1.39425428708577 1.72182207631996 2.06287760601664 2.78965822309003
1.39376435653107 1.7181333852383 2.03938348746881 2.82071935451442
1.39199695606092 1.71773034502678 2.02010959549174 2.83573672304755
1.39117713738016 1.71599192880398 2.03347317553527 2.81843254395775
1.39327688626889 1.72851268804876 2.03124593543018 2.82911129298407
1.39449612837039 1.7233688902006 2.05528903356506 2.83482508120977
1.39482332392324 1.71292892921784 2.03304088109426 2.78989949708536
1.39504950736091 1.7148997588362 2.02700712210606 2.81734935497459
1.39346124797501 1.70203984031673 2.04075880719735 2.84774061323922
1.39178199728097 1.70202815924352 2.05295422177667 2.79566044757041
1.392083984594 1.7021470982744 2.06047216455292 2.72043753575056
1.39249530062577 1.70659258180675 2.04187673369161 2.71880623267987
1.39443933971211 1.70682125721072 2.03690681588265 2.75776933573912
1.39648269602723 1.71291848362124 2.0220197151965 2.7917902284348
1.39695475181743 1.71698026630999 2.05234084673869 2.80561837408761
1.39756610335978 1.70946205503942 2.06514208316998 2.78408697932124
1.39740955252246 1.69942370350132 2.03851527927093 2.77044550382707
1.39655362260536 1.68589632214603 2.04590351586347 2.77984337244814
1.39601250771877 1.68872250135537 2.03010563671682 2.76507061511845
1.395828823196 1.68660488513328 2.0354342938538 2.73591524129033
1.39499862802897 1.69130464637612 2.04117255016081 2.80255573460277
1.39472922967858 1.69723345225224 2.05015562163657 2.83051040672544
1.3918436532794 1.68756887313527 2.06079159275496 2.82021326008843
1.39535968072202 1.70499269146089 2.04463973404427 2.85093228406037
1.39268310126968 1.7019728869842 2.05380136671483 2.83360478118215
1.39241369918722 1.69857486654385 2.02548186890593 2.83391447276798
1.39318736438484 1.69767421925467 2.056377198576 2.81098019356871
1.39243145366413 1.68862403967692 2.04545433337298 2.78047657837994
1.39205510680356 1.68971183178511 2.02784522714833 2.81294319950903
1.39241013850136 1.68513779929121 2.0312477707537 2.81471707676372
1.39192119343437 1.68238664838066 2.05223259000564 2.81839572088591
1.39105439526023 1.68476356629644 2.068484177006 2.78577645622381
1.39037794600288 1.67525053050046 2.06341772563095 2.79872143066171
1.39357464367467 1.69392498627296 2.07991537531388 2.86325524502639
1.39232802777465 1.69102637351097 2.06528457285782 2.79431884723349
1.39302923117755 1.68196642023238 2.04850654613477 2.80263815988762
1.39214413585294 1.67592541306174 2.04117877304906 2.76677147003302
1.3946944320881 1.67371619180548 2.01778691381556 2.78991820244942
1.39311875191466 1.67498301670019 2.03243652846342 2.75655057521882
1.39235088229693 1.68012512900887 2.03872884361462 2.8002372778213
1.39268965810874 1.67105814063316 2.0530261150229 2.79510551795727
1.3930707699956 1.68418892243608 2.04218598190879 2.8308696198998
1.39352584186518 1.68211059750154 2.03346650139766 2.79640192063233
1.39324732283609 1.66969800171489 2.0493916321299 2.75752579766624
1.39168230725317 1.66563584134449 2.02474501828377 2.76344869668612
1.39118373175018 1.66229812157304 2.03115222465513 2.8022243963436
1.391870072403 1.67797356841203 2.01945193060429 2.77481731008925
1.39199250214675 1.68038674765498 2.02892013915109 2.80342531820108
1.39218697584032 1.67854521186496 1.99784329599429 2.837796021935
1.39259008230487 1.68476897874138 2.02299513791363 2.86620419160171
1.39252056264423 1.68198838509908 2.0219683819899 2.82461982845865
1.39287821719002 1.68090721501283 2.03818870184663 2.84283563503102
1.39234360582184 1.68804352688681 2.04259420469063 2.84209262165579
1.39437601273627 1.68841115595766 2.02233974409882 2.79501328897179
1.39603798869937 1.68988219777557 2.0126443970138 2.77382396150913
1.39458964281801 1.6819765697641 2.01318995321263 2.76969451548663
1.39783478415248 1.6879481196634 2.02766893642225 2.76310398445422
1.39848244947607 1.68613309103512 2.00794886784073 2.86965019436442
1.39555442735223 1.67989372826801 2.00374243508861 2.8408420151037
1.39555365060428 1.67165176132964 1.99756628199927 2.7383933897598
1.39427743371791 1.66751405288323 1.99588781105819 2.7696463634954
1.39481464336332 1.67371586337466 2.00350654585084 2.79659374650596
1.39395039706283 1.67373178321489 2.03067197880836 2.8340148195808
1.3931345396628 1.67985524262331 2.02255177046317 2.78789484525974
1.3923561586042 1.67529329963967 2.02828120455251 2.75881043769478
1.39023937706587 1.66279425448956 2.02545501179026 2.78923483537963
1.39282819461571 1.66103006286988 2.04013632284224 2.77618605250077
1.39392840260617 1.65434389231881 2.05632257997792 2.78812709090966
1.39379182957164 1.65322417592746 2.04301379126862 2.75276034508924
1.3948915164649 1.66451363381005 2.04883629321662 2.79387933937056
1.39712627635252 1.66756073917148 2.04745070317647 2.82881655502461
1.39902731644763 1.66241113959559 2.02828369015979 2.80534685704692
1.39933322728373 1.66485250840377 2.02159242388143 2.79116808669781
1.39703809955288 1.66810752893549 2.04288247736674 2.76318836997511
1.39778731229743 1.66544031217877 2.06543066708181 2.75211907952851
1.39582871649681 1.66088934313926 2.02195541206746 2.75088660374183
1.3969812445554 1.6643541903085 2.03146312526478 2.78018386285977
1.39474504459859 1.65845465824446 2.05868361907023 2.81066437619639
1.39444985141709 1.6675612306677 2.05402310085374 2.76931102492418
1.39439333988085 1.66548131598725 2.06316217916977 2.83782028233324
1.39375199191864 1.67107149541109 2.06025434479817 2.83500444588717
1.39351211306787 1.670161625808 2.05711309948106 2.850595262142
1.39418165788248 1.65951929127935 2.04127036601291 2.84286963863137
1.39432621926662 1.64934465003874 2.03342782133851 2.81716451107621
1.39350793409581 1.66238494835118 2.06623687132924 2.82964499314021
1.39233894048254 1.66032052920297 2.0644520216346 2.80643566683471
1.39253297000412 1.65350062335919 2.0776704649597 2.77565234129235
1.39409515036499 1.66612106670628 2.0714040295119 2.80825268585885
1.39183372506727 1.66874048490277 2.05033888736808 2.78238132819651
1.391365177683 1.65005052491172 2.03955241472575 2.79644554917377
1.39346434437859 1.65594797605794 2.04251664555678 2.82366547674159
1.39429889835968 1.66697786760359 2.03845716668421 2.83860570595721
1.39286497749994 1.66064532052584 2.04737593839498 2.77135533084788
1.39234168244255 1.66364460915226 2.05870082503716 2.80030976988061
1.39227198949123 1.65671468743041 2.02006017786434 2.80192088008945
1.391405444568 1.6526986523553 2.04800736918328 2.80699354285471
1.39129796166677 1.64785035714125 2.05984010833968 2.83260086998073
1.38961299595048 1.6422949996772 2.04041365340245 2.86551278998384
1.38754595774378 1.64406124283434 2.04886243462407 2.79192740640992
1.38912464340358 1.65709918903706 2.06022396362889 2.80827104802931
1.38739879663332 1.65606347104237 2.06941257620172 2.79881315566054
1.38803316335581 1.65060288332381 2.05220988962288 2.78311863834535
1.3880283750931 1.65249505346406 2.04047428323041 2.84289335371404
1.38949288794057 1.65693059054122 2.03856664525024 2.78551580836323
1.38868074557859 1.66615993140957 2.05404559914048 2.78112952564095
1.38816260455348 1.6659460378186 2.05385665004689 2.7675786973937
1.38851688007955 1.66029806074617 2.02201676354868 2.80845855612621
1.38777626482572 1.65333367139046 2.02134869564976 2.81435281615077
1.38709990794163 1.66332299290075 2.03766127120117 2.80849473345357
1.38728529743729 1.67262807024381 2.03096630735469 2.75428974990317
1.38754329474781 1.65586959028216 2.03324027097555 2.76728224302571
1.38894421350654 1.65578083070575 2.03584313094212 2.72466581660122
1.38831492425578 1.66659141812218 2.03003695497117 2.73418776510165
1.38798499508315 1.66068234959122 2.04828952819751 2.78537204311145
1.38809072996463 1.64865054210565 2.02568409125068 2.78761013419723
1.38984290784167 1.65685537347464 2.05529971860399 2.74385446047036
1.38809071661137 1.66054973777669 2.08515696723587 2.75837832705558
1.38760615949497 1.65775891638134 2.05821974169889 2.74057250782415
1.39060332285304 1.66302052664526 2.04708349296706 2.76699953397834
1.39067535553641 1.66462659139962 2.06436250052876 2.76814675594431
1.3905152947346 1.67020820443741 2.06224199502525 2.76318793486928
1.39067859474729 1.66617143094005 2.05805648097735 2.80616807122247
1.39079614470899 1.66685523112749 2.03767444673659 2.84227810774532
1.39273453133721 1.65988938681129 2.04007389765495 2.80400813691156
1.39467682256382 1.66294410968985 2.05159227347787 2.81202607327812
1.39235334568595 1.6566001687695 2.02269658585905 2.7905094898192
1.39207751997722 1.64774426841859 2.00222202973999 2.804179397445
1.39104578566745 1.65468912894247 2.03967021351678 2.82913846566426
1.39145270835335 1.65983997446424 2.04104079439558 2.80342366200179
1.3914293813924 1.65688974267413 2.02459580683024 2.83362232077373
1.39284340819782 1.66034099056099 2.06325382001022 2.78932539982038
1.39242174392413 1.65799235831406 2.07695109518841 2.78495671941514
1.39122593354395 1.6620243244299 2.05281638865192 2.78372647956551
1.3922220018696 1.65481673065318 2.05006787718644 2.82901788013521
1.39067106098974 1.64822631313351 2.02707266865862 2.83694999453942
1.39054632394664 1.65894116298257 2.0429470646813 2.81001555419626
1.39055519134161 1.67735815185767 2.02215147019776 2.76306896103358
1.38859393287074 1.67305767066479 2.03738008443486 2.80332681744946
1.38711213708109 1.66604346663795 2.03720010025367 2.82716052906869
1.38845859431435 1.66830013606387 2.04035307013832 2.81884459394332
1.38895682479699 1.66730543507122 2.06257647112109 2.85033331853804
1.38766229263655 1.66315779409189 2.03890279022562 2.85164827962792
1.38800974099137 1.6618606694315 2.02527777611432 2.83214895113027
1.3874203918088 1.65570624634788 2.05503067893485 2.86564889097722
1.3878776607053 1.6566982406941 2.05812294018143 2.85429258071829
1.38783111392569 1.65616846873217 2.06312615302811 2.82277866013163
1.3903503039273 1.66753701096835 2.04921259891875 2.77674810612573
1.39226942877978 1.66098907812021 2.04976598914029 2.75449315319428
1.39197553933878 1.65846299151954 2.00464885814814 2.80489314447438
1.39276935244356 1.65076386602988 2.01823428210905 2.80376671651631
1.39176071556035 1.65719018522292 2.04530486713441 2.79420557568865
1.39318966636289 1.64940566910583 2.01588508812175 2.80022530685504
1.39278561477743 1.63787327498266 2.03100609028207 2.82360635126463
1.39245237237875 1.65416843368672 2.03421504042213 2.83612573612097
1.39127780969729 1.65554422251267 2.01115937049106 2.78772261150921
1.3914678658056 1.66303072314968 2.04331229614422 2.80693537957477
1.39280485821113 1.66242628013516 2.04452952484454 2.80629412780234
1.39289042897724 1.66253848216902 2.02980993797469 2.80858535293295
1.39201767385993 1.66133090944714 2.0360801138075 2.81676566906155
1.39264663235599 1.65512553627989 2.06619785933849 2.82186405953076
1.39141822335362 1.66321211678182 2.05924244388822 2.77290067454522
1.38943560692877 1.64826937505127 2.07418163667922 2.80760765413376
1.38977234151864 1.6587905504376 2.04533488229396 2.79668509723193
1.38839929151979 1.65877557221595 2.05410377468349 2.7757168134888
1.38843903796742 1.65369565123385 2.05424294652493 2.76955890783844
1.38907117412036 1.65869058173134 2.06138780774134 2.79120806159415
1.38717042851072 1.66163201399532 2.0348877575544 2.78827547132146
1.38924155032531 1.64023054979887 1.99434769989702 2.77138928334817
1.38944442398367 1.64241318300962 2.03338933026129 2.76056793344843
1.39310255159439 1.64932330080257 2.05303178067417 2.74527872155611
1.39269392317662 1.65776517124853 2.01621749867371 2.8220246755669
1.39302379014331 1.65161151834088 2.03733034095225 2.82380164995644
1.3926848667927 1.65624852564713 2.05032776147392 2.80108224204487
1.39235003948652 1.65413799641702 2.04405589249644 2.76300348642901
1.39285797283595 1.658317717856 2.01328130387818 2.80750496925105
1.39218592564144 1.66058712431723 2.02188202695612 2.81303305270943
1.39195488145815 1.6658362562386 2.04842671395605 2.87146709214477
1.39030270961487 1.66718670715598 2.0649950503183 2.84950119228357
1.3918005421632 1.66063863923658 2.0608858843269 2.8131653088084
1.39160818184984 1.67689376211705 2.06762151048456 2.80860761482018
1.38890168186385 1.6778825268876 2.03698232277049 2.79397109492976
1.39031385469926 1.66452588040589 2.03693362943963 2.82608179776705
1.39115033972151 1.66061926784448 2.04272347830256 2.80311239532654
1.39013226882115 1.65211041794759 2.03260258823997 2.78186127068341
1.39008194784172 1.64482695968342 2.03495959151417 2.76116418338526
1.39293454955004 1.65037470127404 2.02304171883647 2.78372834166852
1.39324500308273 1.65693043296027 2.04301500031211 2.79976617519704
