0.1 0.3
0.00146918300440364 0.0027615104908746
0.00140161408714961 0.00467207319321853
0.00181035217900039 0.004804523493124
0.00195471130353131 0.00603111005437136
0.00203805200195309 0.00785200439047445
0.00216341145313232 0.00748632244903954
0.00221450862789794 0.00893076835020783
0.00222244879991006 0.00869818727532447
0.00216403663293723 0.0103328048525987
0.00223639844566088 0.0102693069188086
0.00259518447954734 0.0113258667965043
0.00280185013604634 0.0132555706000375
0.00281933384073613 0.0132401700023481
0.00252150879457057 0.014804692140943
0.00231532056650975 0.0153714055164881
0.00248774704824844 0.0145206737097612
0.00279893012196959 0.0139657108647053
0.0029336144008431 0.0157186048630498
0.00314751788513491 0.0134304672400478
0.00293713815888527 0.0137029462205864
0.00267615308267558 0.014088571479152
0.00246591314543536 0.0146591234675872
0.00253190830139127 0.0142607855795361
0.00274120588471263 0.0141361529442525
0.00322309306095918 0.0146352811925382
0.00364100752767003 0.0150090335954591
0.00330129113187307 0.0140939839684715
0.00324977129712711 0.0139984685991486
0.00351070247040808 0.0121624530928168
0.00372106722626053 0.0142185298587077
0.00359616473820823 0.013629859973232
0.00343084803418907 0.0122924412346424
0.00348904393619471 0.0142308710904768
0.00346190244280932 0.013248097611538
0.00349901955823966 0.0150997595875671
0.00417279711533311 0.0158330469827358
0.00443683844362753 0.0134776791917967
0.00457245212538043 0.0153953530887307
0.00475986277843827 0.0143880473996268
0.0045716828737431 0.0142913898794276
0.00484616355555268 0.0151084503510386
0.00500007441372528 0.0153534204792295
0.00455031373141242 0.0166345708315667
0.00448797593368875 0.0159035674220631
0.00435297014974742 0.0173759559377155
0.00435124920949197 0.0171380857408436
0.00477774769776657 0.0152652015267716
0.00425882316876599 0.015764189454553
0.00396432561836213 0.0157568839568356
0.00393664349757341 0.0150447447567481
0.00338580380024031 0.0153697201922984
0.00377805152135599 0.014176815771264
0.00389501618673421 0.0139676655933708
0.00391216767040209 0.0167905269000692
0.00390140041523896 0.0171287340716267
0.00383633435419039 0.0172518758625223
0.00360740523058609 0.0158342647822534
0.00390819118896021 0.0152907995618177
0.00385379216858709 0.0148504599785749
0.00413973152332316 0.0154729448891797
0.00381594980821442 0.0145056970729142
0.00367814333143752 0.0139695561301326
0.0033864389509866 0.0155260125115056
0.0037696369544066 0.015175028977821
0.0043454452776127 0.0153102753434506
0.00359663440593146 0.0148820240338597
0.00400648708544854 0.0175289042695392
0.00419969101285734 0.0169697358759179
0.00404046400212283 0.0164009671120637
0.00383439960202759 0.0147032012032223
0.00351171312941914 0.0159379461497756
0.00373443861903497 0.0189097443320851
0.0038320055533089 0.0162777061732404
0.00362826547642299 0.0149784325267327
0.00356823166045047 0.0130424409525595
0.0033330201183129 0.0125898912074668
0.00351536687469818 0.0162225704537276
0.00364683114572675 0.0170647499038761
0.00393759642133668 0.0176014969412809
0.00401263112776492 0.0173631500289592
0.00407425837085297 0.0167488480661097
0.00456448895670972 0.0162159338892795
0.00478905722058471 0.0153868100522461
0.004803238847573 0.015694078738238
0.00490140139082997 0.0165399061319269
0.00452692655449905 0.0157429136347943
0.00408318133253841 0.0139038026722228
0.00413618557692932 0.0148204644784253
0.00441482426824118 0.0126323623213424
0.0042562010151654 0.0146247594525203
0.00431676424458778 0.0132407275908259
0.0043214164291012 0.0170637262478271
0.00413467799289006 0.0170061767588418
0.00392281251105352 0.0180271900220593
0.00423126013137526 0.0193311378058771
0.00423878321734237 0.0174767250279691
0.00442013883725845 0.0170881589882282
0.00424285726194868 0.0192709092759448
0.00394032874934567 0.0227688269848272
0.00380720203297769 0.0216319769026093
0.00394431976387916 0.0208762082486708
0.00389748379785949 0.0225396666031345
0.00387854993725985 0.0225748103636206
0.00394048959013889 0.0217279290750973
0.00427813184651556 0.0185230935522172
0.00411367780275052 0.0199355878414676
0.00404298668565395 0.0216193110730034
0.00462430702778586 0.0200255762847471
0.00453313695581254 0.0209132115885632
0.00452678800148214 0.0200305520394009
0.00465249101594224 0.020070822656311
0.00458827774971955 0.0218861190715667
0.00496467862660506 0.0243444448343836
0.00438043801530532 0.0250637834063473
0.004645221935946 0.0251265336919564
0.00443319143998975 0.0251759761845246
0.0041923144099559 0.0259827659900451
0.00397809587514984 0.0258566446792619
0.0040217506513065 0.0256296159348968
0.0038726110738704 0.0259258275963618
0.00414198175818866 0.0248849863174827
0.00385764673507696 0.0249748320624529
0.00372308978100572 0.0264053008680171
0.00380185309599585 0.0251873233933387
0.00412904172389372 0.0239915764541318
0.00378266604632603 0.0246069873943387
0.00332054238608946 0.0259774609791145
0.00329523289101134 0.028611752078961
0.00354098135063855 0.028417412548835
0.00299134275495638 0.0264135206265807
0.0031928757861022 0.0287164365515071
0.00308223054603549 0.027120301862609
0.00325610656779065 0.0247501486409067
0.00364097367946602 0.0269366671448415
0.00371772490798137 0.026123211612451
0.00395479876459291 0.0229515962758054
0.0037532694933569 0.0217431427295633
0.0034935687595849 0.0241605186876513
0.00397641803232059 0.0225515641578496
0.00408414878647486 0.0260150977432716
0.0046099371182951 0.0246981214775024
0.00459956498148079 0.0245896915000072
0.00442687801870031 0.0257929075700779
0.00416121487535564 0.0254724557778003
0.00416452287688323 0.0254822849125178
0.00442220767898888 0.0239725426696573
0.00431593876281601 0.0255262496844437
0.0042173108394899 0.023728643144994
0.00499680789716519 0.0257729715154891
0.00469994808065855 0.0240500558028292
0.00484972193755797 0.0270730942953197
0.00464463223756888 0.0279764505103737
0.0046372389001992 0.0255551002855722
0.00451607341310069 0.0240656659019755
0.0042469664803552 0.0264769762754147
0.00414741290660491 0.0233687027299983
0.00401489137546984 0.021472532190909
0.00400955272139646 0.024451921257729
0.00403710819441049 0.0261615756941182
0.00447255123938905 0.0252702696360559
0.00443032885684542 0.0229626507299627
0.00453182160628118 0.0213102755439577
0.00423687288126373 0.0209638752636145
0.00431198662264492 0.0238023527510323
0.0043954036541393 0.0233533007088368
0.00460018423712955 0.021877748893178
0.00470911481520566 0.0251381820320567
0.00388313563989669 0.0234059670766591
0.00354936841255223 0.0242630964433227
0.00335778996997491 0.0244144344370265
0.00352810203154786 0.0228166667052955
0.00350154213724554 0.0220500974085365
0.00409120688545024 0.0205087228412368
0.0040828561606343 0.0201914303953357
0.00374273048873351 0.0226702021371051
0.00402420018886012 0.0225309720750667
0.00386291880816257 0.0191176203020048
0.00405110609136936 0.0185123055300506
0.00406263419148342 0.0187459414479648
0.00395013542675002 0.0180962653838046
0.00378614994888289 0.0185606213783435
0.00386917096764109 0.0192061611073481
0.00411659824098748 0.0217465982950064
0.0041832380977018 0.019542486617186
0.00421588317841971 0.0211104174697738
0.0039956056300609 0.0211417715411543
0.00440472253976221 0.0182280143019445
0.00457810944077436 0.0177516297220885
0.00486317229923912 0.0200366181687501
0.00484643302221524 0.019665697344405
0.00458254780047018 0.0200094877800696
0.00423821701315309 0.0179875797493989
0.00395459996863964 0.0181558765545113
0.00390176371965739 0.0220888204396864
0.00403453449780018 0.0205675763419267
0.00437497364385962 0.0189562948309229
0.0045165152464559 0.0186981688245041
0.00424568277604657 0.0212030810046911
0.00402287153351263 0.0188448805852058
0.00352887685835718 0.0175363645490979
0.00361956551504815 0.0168540438544227
0.00380538667082204 0.0203107712183777
0.00350794993214627 0.0212509067185151
0.00373857188243322 0.0197100608147486
0.00421618131720938 0.0188861113164118
0.0040933080619159 0.0188724894235708
0.00412536806731929 0.0195122018585943
0.00390637580695929 0.0186803581708894
0.00401516955891721 0.0161959373943173
0.00354171181672989 0.0150797792834908
0.0036256320588561 0.0159603425409147
0.00350120955831786 0.014451945398708
0.00390449938349592 0.0143950220794084
0.00390224102999837 0.0162945476577281
0.00392788903931153 0.0166281948638207
0.00440726017360109 0.0160060214693856
0.00442655242498326 0.0156324524529433
0.00458631347785292 0.0143855841246292
0.00481958068319448 0.0164770079722114
0.00459467211988747 0.0161092631529399
0.00434273103118081 0.0155469916479533
0.00422868329420616 0.0146488580373819
0.00434461941968589 0.0150228308834163
0.00444318130541544 0.0131454297488705
0.00450619098616488 0.0146025517822973
0.00389146325102087 0.0172612849873791
0.0042020565016336 0.0170368321473547
0.00466498292877987 0.0157992819040018
0.00481687269473617 0.0156637821593197
0.00475600455972759 0.0174099699048418
0.00431823178117794 0.017554679696452
0.00430710588352577 0.0181949623575387
0.00366121110680098 0.0185381564109123
0.00356499426071842 0.0142256217130997
0.00344066868378923 0.0162270357042199
0.00359388063231612 0.0168517607736386
0.00384859918882982 0.0146962326257959
0.00408854885100883 0.0154615715599037
0.00409659674972189 0.0139329251891833
0.00423663717803001 0.0153394449914586
0.00454286886057211 0.0136927370366574
0.00468601060555536 0.0153342969276667
0.00466272015580562 0.0155658392055699
0.00416996520647128 0.0160681651732163
0.00348139283755862 0.0181669807389364
0.00377455155339649 0.0195472925944933
0.0037195439063058 0.0186972514332141
0.00385502818891931 0.0190672811134155
0.0042939989686807 0.016544112444411
0.00409486785078398 0.0148231475736097
0.00434959943437817 0.0163055547553708
0.00446745255966178 0.0148288361944799
0.0045207923297952 0.0157373589095626
0.00431804584622626 0.0156381371067647
0.00409732768584033 0.0137159721328832
0.0042905419371639 0.0148921357030433
0.00393315567864852 0.01452556016503
0.0041595273966582 0.0152737743034305
0.00396038897776788 0.0178690737527716
0.00407998347627046 0.0150253942857525
0.00419608555337109 0.0175780299315798
0.0040174688736612 0.0195431429547143
0.00414077112161841 0.0172356599598859
0.00397414891511136 0.0174910446083335
0.00444127448509237 0.0171871794860457
0.00491057545517356 0.0163911645467971
0.00503340953647809 0.0147063388782179
0.00476652149945668 0.0139284565750478
0.00505277961531293 0.0150144072623574
0.00483012570120829 0.0156560832613139
0.0049007806955003 0.0153548623016359
0.00479618554908636 0.0145788648420238
0.00409038809735493 0.0138009667358229
0.00399818625733619 0.0144538307477156
0.00400886672904777 0.0137096296814844
0.00426595891904754 0.0143238046546261
0.0038891199309581 0.0145344710073669
0.00394533563116351 0.0168455486497168
0.00451463955266281 0.0181979055366371
0.00441850623155103 0.0173911215375301
0.00392253192767718 0.017075335257776
0.00465655067197671 0.0177688644996499
0.00455141750855063 0.0171691399028149
0.00409254982589808 0.0168183626148149
0.00424083434719864 0.0123130449016263
0.00389686731361144 0.0148611982497881
0.00398264459545879 0.0136939676242989
0.00362347664794479 0.0156838486709344
0.00388642617586495 0.0141984400929431
0.00411858461125449 0.0140822990731333
0.00417293383193269 0.0159575810693711
0.00402017027646572 0.016100952560074
0.00373896579106587 0.0146580862311233
0.00383241216307595 0.0161841335237144
0.00429071690898892 0.0188446328137529
0.00414085915550143 0.0140923401962096
0.00421467954480714 0.0155920408652543
0.00401025430858467 0.0149261979212385
0.00444773055890872 0.0160544841573891
0.00408170595061402 0.0149819047054121
0.00399624171536733 0.0156343582702581
0.00417661664500172 0.01287647696642
0.00417728580152845 0.0150285941365091
0.00408053495508392 0.0132923232637343
0.00376865506055369 0.0125262228137291
0.00384412768404916 0.013265590692626
0.00428484192237116 0.0144755085755503
0.00436814432742138 0.0141055977986099
0.00378710540729557 0.0154100385233408
0.00371353994026452 0.0153955333770515
0.00366049718446632 0.0141265779541628
0.00369008896171776 0.0116424080259093
0.00367929819419347 0.0114549731040815
0.00388049626020959 0.0105994926667484
0.00339846501907488 0.0154243505819846
0.00312322645139884 0.0151132597169584
0.00329438012713948 0.0155884344866924
0.00354992326899294 0.0159387051980718
0.00337049264491444 0.0160287073182825
0.00392406819344228 0.0170300866061569
0.00408648378604724 0.0178807440436093
0.00407865696685346 0.0146565189035175
0.00380824267416576 0.0132891327745403
0.00421430664325652 0.0148860831885454
0.00414774803793651 0.0130208196852944
0.00420263233293184 0.0161565581381278
0.00390764266465239 0.0144017712632847
0.00360152218941679 0.0150887282296011
0.00354174260323522 0.0162056883103275
0.00382938706752782 0.0158853912291957
0.00404337285400723 0.015627405997673
0.00423621722213245 0.0171643118717052
0.00384064149415907 0.0166888424239842
0.00430727701622761 0.0170092203667219
0.00428112220666221 0.018108832707946
0.00426500004867655 0.0163188556531339
0.00449036288903983 0.0181959870355314
0.00419860927950761 0.0184740313932639
0.00355399854704742 0.0154115836954611
0.00414980063118597 0.0129130212168806
0.00400888289792189 0.0149851862166775
0.00397560504208693 0.0144786691981419
0.00384163332069102 0.0149187505242998
0.00447726090838523 0.0160213122796497
0.00467005941608918 0.0154435854997147
0.0044748963584504 0.0151740498140096
0.00426622691728893 0.0139830936085778
0.00483798744502708 0.0136612848828156
0.00525113732964545 0.0117825049573428
0.00457920841974991 0.0141828029567642
0.00503450312625558 0.0137975761265214
0.0049408802672144 0.0139319854320295
0.00477711525492272 0.0150942665376614
0.00452487676015088 0.0156333746148883
0.00469595891452085 0.0146848548886278
0.00462827917073238 0.0121412031852111
0.00410967437775501 0.0119741442563085
0.00417184975577473 0.0125753786423284
0.00411781948521613 0.0131304693115936
0.00411056858637436 0.0138931394687627
0.00422275522171781 0.0142566397295151
0.00399577298990829 0.0138816389653904
0.00407309023693152 0.0145909956272925
0.0041009861851612 0.0150776135398973
0.00391487831907181 0.0141465974954485
0.00442147582786625 0.0123079792714988
0.00491370319243696 0.0141519323982227
0.00499935301104204 0.0153390429364296
0.00515162921019888 0.0139850397855937
0.00528306078135053 0.0142620580754822
0.00537378439851089 0.0134279419598109
0.00480404919882858 0.0132391848646477
0.00470658984959244 0.013729984898362
0.00418901002277356 0.0133781934921443
0.00432966878342143 0.0135542076314187
0.00417115525936091 0.014350400543387
0.00441800794808841 0.0147511697599093
0.00457236433384988 0.0140818120604723
0.00406621571305026 0.0158006394589865
0.00408680381105428 0.0156832781089928
0.00409691737307547 0.0164441632140403
0.00402413160993724 0.0166503101011743
0.00373027953089941 0.0152745089029944
0.00380446906855139 0.0156862108470042
0.00362752906213686 0.0162545192881708
0.00402924340607271 0.0162545417299846
0.00387394499824309 0.0154569425691917
0.00394205708000838 0.0151228822403858
0.00411042234261521 0.014828398533835
0.00417887681327916 0.0134866184281855
0.00392100594559485 0.0150332616996784
0.00421629609984018 0.0134945986635691
0.00398650265637913 0.0172333344177728
0.00375682141771106 0.0163584599454249
0.00389110376488648 0.0149464465685111
0.00369384662532984 0.0164568936467973
0.00373897698816546 0.0146826307312595
0.00373991314968761 0.0151233574489045
0.00398211563872675 0.0156608219317043
0.00365494663521999 0.0151817961820612
0.00398957667288285 0.0137763431836081
0.00436282186455928 0.0120400980924569
0.00447580744354704 0.0128045831826483
0.00473536012272498 0.0128793350567153
0.00492885655710793 0.0119267756263925
0.00462301219544856 0.0136815807200558
0.00490871155100654 0.0148458808281934
0.00477477301894696 0.015365274071634
0.00477232111755738 0.0146259875829986
0.00498035379737287 0.013276173184396
0.00490751908228559 0.0136560884201553
0.00481591908679942 0.0157247143438278
0.00451762709511074 0.0153197801662622
0.0043359398073097 0.0132177630500932
0.00503454204957726 0.0155364536260508
0.00479389777172235 0.0147817282413509
0.00502170898569236 0.0165242659944602
0.00475522893915969 0.0144988910594826
0.00425494418584097 0.0157978344493396
0.00430250068242307 0.0146116943413701
0.00441723039655383 0.0115970567292359
0.00422594431678544 0.0117281105684672
0.00368936505807605 0.0136086394383805
0.00347699295613907 0.0146194755694989
0.00376649915301555 0.0167520296544809
0.00337171163369286 0.0154496764297758
0.00363570852837537 0.0148912086064846
0.00394289533264357 0.0132303739067346
0.0042818272582443 0.0120663330343296
0.00424337240597091 0.0139739904283216
0.00467623234567902 0.0144875847283179
0.00427790878958237 0.0123425678735872
0.00370877704582477 0.0141797870363936
0.00367906726369376 0.0138416642636879
0.00361182225601089 0.0132926873596479
0.00369631553548122 0.0132529482824004
0.00390169568629229 0.0125325176745266
0.0042829218972432 0.012487815086147
0.00432789903562968 0.0121549252740517
0.00396614583443947 0.0135211069513293
0.00396668324389207 0.0120247143331684
0.00381460881341089 0.014363686678086
0.00328512198290863 0.0155114695260019
0.00362106359685425 0.0155088025640209
0.00394026647320607 0.0149961973797297
0.00386438705332775 0.0136311204997503
0.00455719822825764 0.0135390562389025
0.00471532162435518 0.011396560033305
0.00453926406708579 0.013738694849038
0.0043972603884358 0.0126259148418965
0.00423920194432798 0.014199381489977
0.00380206341217059 0.0167353062143608
0.00393970549202783 0.0162349714552532
0.00390348819560318 0.0165550670324929
0.00394336224118417 0.0146552807358762
0.00384006390977309 0.0134198264010774
0.00382994904142025 0.0138819852705505
0.0035644095110517 0.0146482759756539
0.00401828693342642 0.012219165490155
0.00418250124894409 0.0142247827891878
0.00431597407012259 0.0149710026944902
0.00436556745174011 0.012886512834701
0.00423786727345965 0.0150081085074499
0.00423818404081005 0.0150730471603033
0.00400865640385717 0.0160935379915404
0.0040919545775698 0.0157194966968006
0.00419652094075583 0.0172443373852014
0.00434515750396687 0.0152714136970453
0.00429245006380682 0.0166137637236595
0.0043381156144503 0.017613191490119
0.00417562318587179 0.0153437342976045
0.00427062450443292 0.0159885672934624
0.00401549331551026 0.0162574657174873
0.00472754693693741 0.0123138624728318
0.00443951575362543 0.0130723417008922
0.00421199564807933 0.0146315519158912
0.00448645762207148 0.0155757215335979
0.00432149451548489 0.014793077855456
0.00455805610269104 0.0163514323924962
0.00457679982810546 0.0160373335671529
0.00414943047395021 0.0151117919507983
0.00413740127482973 0.0165552395907924
0.0041287719689782 0.0154519746666135
0.00451809501980386 0.0136387520531819
0.00497656780951137 0.0130724645842287
0.00451867051160027 0.0135046879034339
0.00429473448519732 0.0139139332174684
0.00396797219922722 0.0125555291782995
0.0039745950714593 0.0136743643733036
0.00431090671586555 0.0125036614836658
0.00440267119237286 0.0126308483040152
0.00466040346436108 0.0144844042111642
0.00453481908426934 0.0138636583752677
0.00476157286567581 0.0133613124507249
0.00458764404542518 0.015098966538912
0.004280014698333 0.0151232214236273
0.00436521125694384 0.0151271489477983
0.00416314367870741 0.0150561849546854
0.00412256164902609 0.0166156123930817
0.00438692603511156 0.0162973728203087
0.00433073162649513 0.0152394097385959
0.00413723530391885 0.0156284904903212
0.00463529689507726 0.0141859810334303
0.00426240554996346 0.0126097748382665
0.00490768962355838 0.013441169468532
0.00481984779798389 0.0150735939935241
0.0046520532348756 0.0157971053648227
0.00470400008976161 0.0162426503350646
0.00405423942913083 0.0159092111322882
0.00420386190977746 0.0163932134188577
0.00417093269039573 0.016258493249285
0.00416085169041383 0.0146882842002905
0.0040988507434341 0.0140852406094793
0.00417443246960964 0.016373676903852
0.00460277997969962 0.0161843122072848
0.00466510210792402 0.0152040322823313
0.00454281270043705 0.0143117908490098
0.00441909632255649 0.0147135575591452
0.00480824470968923 0.0131108371039355
0.0046633409990341 0.0138770362955533
0.00486318669694508 0.0151461620668416
0.00521803192090677 0.0145520356478757
0.00469753332340722 0.0139706127997591
0.00443052395869236 0.0159360367811137
0.00446371091095451 0.0144548559482745
0.00405353472489265 0.0144161962772796
0.0039600301772831 0.0148548904117963
0.00416013019688654 0.0151671533159237
0.00386039789318717 0.0158854474473405
0.00336648843851326 0.0170407570470182
0.00358905667982426 0.0157879710442808
0.00356655146084716 0.0150442435061394
0.00358443574457799 0.0157096223012522
0.00383276247811099 0.01483802356869
0.00397308206833821 0.0153114111335969
0.00446089333032771 0.0143243100725135
0.00409000468859914 0.0155821103201951
0.00422092543818503 0.0151808260872181
0.00438129855832165 0.013354054116839
0.00451262358447288 0.014364402352058
0.00478309902142254 0.0145648309921132
0.00480083868156816 0.01446048080931
0.00463186253716017 0.0154557853347994
0.0048690941984272 0.0146823813246166
0.00483069793094186 0.0149982904425083
0.00496907093688125 0.0144969333607813
0.00464158000501568 0.0139538531026434
0.00455225774184527 0.0134401505141968
0.00469867165261061 0.0143416458539147
0.00477314251816678 0.0141430246945646
0.00436453526539861 0.0131838739760278
0.00397225363711057 0.0146535191030838
0.00414104755729096 0.0157243437045393
0.00448788327818304 0.015277735877227
0.00442893901853275 0.0146088623462254
0.00430952187570282 0.0162734543499945
0.00404700071915375 0.0164039160079076
0.00402580867598641 0.015700252749206
0.00406510818487518 0.015146546563232
0.00397774701718037 0.0160193088695912
0.00444319105298328 0.0143248019975781
0.00430761899353505 0.0167313341095543
0.00388089364782024 0.0167976442034037
0.00374426183844112 0.0168857449156128
0.00402258080999339 0.0147333963930275
0.00412958799260095 0.0143318775255482
0.00445085358022905 0.0130534104401312
0.00521824719614968 0.0133949937979608
0.00497530560659499 0.0151487736334061
0.00435034365065456 0.014493333115184
0.00417763113518038 0.0149110065280126
0.00436344004722763 0.0168794936025157
0.00392088171032398 0.0167091100139709
0.00394369433673662 0.0175017081117667
0.00409516061683095 0.0178959227567519
0.00391764829324608 0.0175281662028124
0.00408131003732704 0.0159677785933985
0.00418120220600321 0.0164309405574563
0.00391144599017818 0.0137444460679327
0.00420524871581023 0.0126678852791422
0.00410558582355427 0.0148441295985761
0.00411622739267766 0.0128303285634763
0.00384289769818874 0.0130852110272854
0.00454157205508743 0.0133418820525897
0.00477529467219628 0.0154235768221136
0.00468737945038078 0.0141561968267075
0.0049241161493172 0.0156513486926104
0.00447335912567414 0.0148498732917359
0.00480175525909073 0.0140970887016776
0.00454150348990706 0.0148435392218076
0.00470620194235985 0.0133740585158489
0.00458483009774599 0.0126233075541085
0.00476475210748534 0.0142190711895002
0.00523754548524167 0.0136442365637085
0.00585136168392916 0.0167858404956725
0.00548773445130184 0.0173899912658321
0.00565234641097169 0.0179374561971965
0.00515851382984513 0.0155207518880582
0.00499176815125194 0.0179325345249242
0.00503380445409076 0.0159054876981072
0.00464250607828601 0.0156135485550062
0.00414550663930691 0.0156144824343405
0.00475174443606925 0.0149949093675532
0.00443504824377952 0.0161414457010486
0.00469318218743075 0.0161945844905949
0.00459651080814731 0.0173523908206793
0.00424032915634117 0.0160616885255978
0.00430394878456059 0.0195911834208491
0.00476164241839601 0.0149295507374995
0.00475139096427137 0.0123443277766644
0.00477635053023295 0.0136125866083872
0.00427133116773007 0.0137887930678598
0.00391535171367896 0.0156016181750974
0.00433624930022511 0.0149269081758337
0.00430852402288654 0.0161314879687559
0.00451783257282449 0.0159843981102467
0.00456661966238641 0.0146378427455365
0.00422324543513835 0.0147488912661799
0.00408049973114606 0.0147826238424423
0.00443393584868084 0.0161883116436135
0.00442684353432522 0.0122307454623696
0.00429757124335837 0.0124418228982768
0.00419158988181607 0.0139209466149146
0.00410016763077694 0.0143972793002774
0.00366168356764301 0.015392191188526
