0.1 0.3 0.5 0.7 1
0.739005001571568 0.745263735675107 0.764047959543691 0.808020952245239 0.786117879330659
0.736172554727783 0.745348382148099 0.765540291817171 0.811870484356133 0.734578783849522
0.734332261501266 0.744485574045885 0.770311279573604 0.810734092603558 0.684081978667402
0.732470825790906 0.742783999832113 0.765102380443729 0.799521319490114 0.641595192317293
0.731060556487865 0.741694795491599 0.760817425527325 0.800044233929154 0.59786317603847
0.730030211608495 0.739394053370522 0.756255070807206 0.792967230268907 0.566001528165969
0.728894058613164 0.737173401735209 0.753298392654508 0.789939959412645 0.552818945836863
0.728085425558375 0.735522389306937 0.750186750687437 0.794746592064871 0.526996480433755
0.72716231819815 0.734122325248921 0.746256494057104 0.789916856609366 0.504065078603297
0.726069495633416 0.731376249018536 0.742159322155945 0.781413195630424 0.493026350826546
0.725109998382958 0.727487207094666 0.739757091409084 0.790683677974927 0.469826786950846
0.724135428816487 0.724947611127589 0.740800909788204 0.794661111400975 0.459514912065657
0.723466529391134 0.722895040483584 0.735265634340166 0.797662249331895 0.442512709914379
0.722519214244127 0.719993245483183 0.729262772184364 0.799552683501135 0.429899368287706
0.721718796733851 0.718591809866032 0.731184939171527 0.805165294328447 0.410794244398564
0.721188244438249 0.715660651271792 0.733511359316252 0.807016069334539 0.362914508600372
0.720205702474828 0.711730004773439 0.72933020609708 0.809464835596884 0.332105401383659
0.71940780069269 0.709131737278328 0.726687782425849 0.812042080083021 0.266758071697264
0.718190929782706 0.706917843090156 0.72345115597626 0.814932016563837 0.183060045470399
0.717433763707636 0.703301848704543 0.724498345211269 0.812564665598359 0.13629741826034
0.716228526269283 0.699795602792383 0.722302960208658 0.813939528136712 0.0911158569034004
0.715447949683976 0.69626234566125 0.72752218710927 0.809492760492192 0.0483971311581069
0.714126332176209 0.695862803097292 0.726300374178282 0.823869474750214 0.0175140492907413
0.713083521727625 0.693277553398549 0.723964044690177 0.817646185998029 0.00971701943559424
0.711894635589336 0.690148903112296 0.720190402044912 0.820265542133977 0.00109599658209657
0.71094158630075 0.689720963904072 0.721987012710599 0.82569939922201 -0.000201760911869167
0.709917482372946 0.687770678349901 0.719975388498131 0.822685862869502 -5.02945994542321e-05
0.709042660342791 0.685990810324667 0.724799922634129 0.832328975701316 -2.97339312279392e-05
0.708245974174264 0.684870473033919 0.725995880057523 0.821913979094787 0
0.707554723503679 0.683730472864981 0.724598566859495 0.816496564619677 0
0.706585242694873 0.680972136306192 0.726079689955172 0.825759292689969 0
0.705844800996638 0.680379144010329 0.7260000380101 0.824519584285217 0
0.704800095941363 0.67740662900642 0.726103352968146 0.827737001779474 0
0.704301591194708 0.676598372352059 0.724114543973448 0.832607275912626 0
0.703250581493402 0.674171318379302 0.721769153333496 0.833050992023874 0
0.702379701822334 0.673112109667193 0.720385293233664 0.830028025072829 0
0.701663265117896 0.67211667183166 0.719743025975105 0.834380130133143 0
0.700598025416976 0.668922937236241 0.723468537823755 0.832739618305795 0
0.699321454490218 0.670172910721532 0.723685230135184 0.841844924498468 0
0.697847692165798 0.668399452989104 0.720668563646555 0.830370135549187 0
0.696812384446994 0.66638975602529 0.722769921041767 0.835006197233169 0
0.695540841336933 0.666282422103933 0.725741311317455 0.839640002047196 0
0.694348849264502 0.666022798121023 0.726978535803912 0.838913761786285 0
0.693102078076418 0.664085417079135 0.724804314475597 0.835846225369356 0
0.692048846352601 0.664959877366506 0.722645774716931 0.841823374066793 0
0.691063518300333 0.663317909693626 0.721097803912132 0.839704297417177 0
0.689808882049759 0.662145662551303 0.722869016916607 0.836180227634734 0
0.688627914702122 0.662192968274599 0.723049160494832 0.843364514144773 0
0.687426126644084 0.662166922453793 0.721739749357346 0.842973607827618 0
0.686431974443084 0.661611471630592 0.720863477434968 0.841435812501378 0
0.685199728686291 0.660930824340642 0.717248857632111 0.842334385271413 0
0.68419856999892 0.659294833236517 0.717599652016805 0.843262982569034 0
0.683500185426753 0.657875620832924 0.716761008685195 0.838823053951044 0
0.682241774535875 0.656763543351827 0.719276973254498 0.844114674366543 0
0.681269877547488 0.657189052644861 0.720280282617751 0.837147968745038 0
0.679674646671797 0.657786236421579 0.719671133463198 0.839226397562379 0
0.678406307544316 0.658122378759267 0.719505339050768 0.835668354860432 0
0.677018152655165 0.658248520973974 0.719363939198506 0.844667376185713 0
0.675654670299147 0.656412260075029 0.722063615527357 0.840430454955471 0
0.675263673072163 0.655843659658957 0.723847031064423 0.835077517713242 0
0.673850591301041 0.654673732070916 0.72463244286442 0.832271485944747 0
0.673081141435611 0.656698021832139 0.719241507588595 0.825475103790052 0
