1
0.792299099084608
0.776730814947702
0.763945513797189
0.754609166618803
0.748280798873178
0.737717507030319
0.740603445301608
0.737348843380185
0.73821223610519
0.732301457330888
0.740185035750034
0.742217819138666
0.741063956013184
0.746461516787385
0.738411037196887
0.740333582986993
0.748067870269633
0.745425101102481
0.747276123598734
0.741066477200999
0.735986037766569
0.732551870936736
0.728499946902202
0.727190549281333
0.728418771394498
0.722789881227497
0.710032927887373
0.690995346291094
0.682295848312824
0.661527087245166
0.664958467045174
0.640728023348344
0.628707244318669
0.605777131525618
0.590076963597075
0.577261989377815
0.555499466572669
0.540242961739992
0.526643939408311
0.499799384438787
0.482375040828288
