1
0.00304909891480789
0.00396950588871606
0.00389296011885053
0.00415876093151421
0.0046100867031775
0.00522000762985034
0.00542880141167638
0.00566218692927707
0.0059056701680286
0.0051393416805702
0.00547704664918708
0.0062073376136879
0.00610142426823556
0.00637452094581104
0.00734580005694954
0.00679509897582086
0.0076308780987137
0.00713617599245047
0.00746985947087949
0.00730879716043059
0.00827366967951248
0.00920193122912027
0.00812079924204236
0.00819981437785668
0.00865622946573341
0.00867653702775866
0.00940911822747387
0.010641506405287
0.0100836076112994
0.0112185357842405
0.0109088955527601
0.0115858967783533
0.011219345878891
0.011895536828091
0.0117310488420636
0.0119544892868171
0.0125779191579289
0.0126074200359053
0.0130491537127224
0.0134831595255278
0.0136341922776744
