0.1
0.00149234334968158
0.001909689874655
0.00199244158207806
0.00250254840862296
0.00270834468149285
0.00260289096300862
0.00266483666335544
0.00281004687085805
0.00311015463266783
0.00300216749127453
0.00281139173047489
0.00313676225615548
0.00302577839564137
0.00317572954023801
0.00312827566026155
0.00321495540496042
0.00357454314743617
0.00433631946843925
0.00476041045239396
0.00483848117227136
0.00439214315632554
0.00473250304386491
0.00529634071526664
0.00522457656876392
0.00549974890284093
0.00538316997356282
0.00540928900757215
0.00565990610451818
0.00548677687098695
0.00538241171872801
0.00549864178178777
0.00597556163799841
0.00660555723064231
0.00676760873683508
0.0065956116013275
0.00718225961802518
0.0074403200791592
0.00726071471510738
0.00709905226150899
0.00674303222292665
0.00622923777535461
0.00620738191801186
0.00584050445845644
0.0065035038938732
0.00621031542017198
0.00651919364147888
0.00668864968488325
0.00633289972288051
0.00707991392716988
0.00763008883655322
0.00734175533880704
0.00796388923549119
0.00802044951786758
0.00820996277563119
0.0067288485532199
0.00628158342229036
0.00708630029689612
0.00774456614635577
0.00689442218331577
0.00642748871279895
0.00665442649445629
0.00789678592823891
0.00770006912189964
0.00797755025848748
0.00757590871342223
0.00694342616523768
0.00723991541553497
0.00589389781920573
0.00617769952052
0.00706909427181508
0.00709816966249071
0.0071857016608565
0.00633346807070715
0.00663232632829552
0.00698938870175718
0.00720472301093298
0.00737990382614024
0.00712256309117598
0.00680975104270201
0.00729594556054805
0.00775717183381574
0.00684481278937287
0.00669210186963327
0.00624819283879256
0.00530534587724251
0.00569316422977938
0.00655206185908289
0.00712891126456934
0.00668192241599837
0.00657459770907152
0.00790389919311751
0.00793630012790543
0.00793717780348442
0.00770194607345736
0.00787500696889725
0.00745674603480521
0.00752982661692824
0.00786345665479579
0.00818314403769819
0.00788539387557159
0.00801454986046146
0.00835130415630501
0.00924322818792005
0.0085628654747361
0.00944763615682969
0.00905253546381942
0.00802253343717559
0.00894793505371949
0.00910766190263423
0.00839949440967149
0.00872449904584762
0.00812144173852784
0.00749384846568406
0.00782973254556006
0.00787485079310438
0.00854083529401232
0.00842833598718301
0.00776618323521293
0.00746849133463005
0.00801959263066358
0.00727679052560281
0.0078220481995234
0.0077722328600418
0.00739443295252792
0.00772751959908546
0.00858331766422368
0.00838569794369932
0.00853864829869786
0.00943606742616734
0.00835225382186899
0.00840390819107448
0.00777770524645916
0.0076408898465619
0.00738994495338665
0.00793863874079437
0.00736807329628473
0.00706898482182377
0.00696700090378707
0.00647942018872268
0.00668799185780031
0.00691468264469425
0.00802471458716267
0.00779118079560654
0.00749174153277649
0.0082548754590924
0.00784651051981607
0.00773638989516781
0.00824986755938067
0.00788089951682318
0.00705313551393115
0.00739873446303159
0.00808212814036263
0.00802358358176382
0.00782268949189134
0.00766990940253148
0.00745167395629807
0.0072789213780037
0.00779221751447215
0.00840836522176439
0.00873316053927359
0.00762643040319783
0.00739152509584719
0.00735030996896837
0.00739056563338161
0.00760074191750511
0.00768287427415042
0.00703884413627677
0.00727077024072597
0.00781278371409559
0.00738850001649971
0.00673019154175551
0.00711926293058381
0.00724934785705122
0.00721694207213598
0.00760184817613145
0.00824645878008769
0.0090800249517917
0.00849573506108375
0.00848595954662464
0.00838919295689586
0.00885404036795818
0.00872549099672196
0.00891812045258751
0.0082432443657409
0.00774642312805064
0.00814692477218358
0.00769560197422454
0.00772978530771729
0.00776974156610938
0.00769754973173866
0.00834705205539614
0.00792297362533826
0.00790912578006659
0.00764991175187836
0.00755870269652603
0.00773559318281903
0.00841556512528766
0.00778689115867062
0.00774130842701967
0.0078105162781306
0.00712473115262801
0.00774222155332892
0.00794066565312399
0.0081872398780438
0.00861393775174412
0.00881754094785538
0.00954566930124258
0.0102109105575217
0.0101758172974837
0.00904650671518296
0.00959160251622092
0.0100190952961433
0.00931511138396105
0.0084080076021004
0.00875794583710359
0.00913207286227976
0.00847567661544735
0.00891105247459818
0.00910493914701548
0.00960571991368486
0.00982479111231185
0.0105145233096309
0.00828617191530948
0.00765877742140066
0.00720191977058947
0.00782630624730478
0.00789262226873219
0.00800688565994083
0.00756837220637439
0.00775768473472717
0.00927646770172715
0.00910886036739959
0.00897055610404036
0.00970072066744761
0.00935695186971287
0.00874681431558968
0.00935071420670956
0.00818515362724318
0.00866270598477223
0.00823666076219147
0.00736977888828886
0.00714228633319394
0.00723343283845979
0.00698632619122975
0.00743900371207411
0.00710834883969384
0.00772552999989708
0.00779971695155839
0.00862266621519654
0.00941981439798541
0.0092160212013484
0.00928630835258988
0.00936107802518335
0.00874499394807992
0.00841492047336701
0.00870553496541483
0.00885833883631233
0.00846419390611733
0.00807176821236279
0.00763103022982929
0.00752944454518202
0.00829947952760695
0.00801928837686994
0.00871569461684253
0.00890396231389558
0.00902476122443252
0.00982308057733769
0.00953747493820812
0.00974820897785099
0.00917790649502221
0.00837856538189698
0.00856526243112432
0.00857508141888111
0.00815541919005565
0.00851269779201616
0.00835992159544245
0.00843887346106252
0.00917263797167722
0.0091271267672511
0.00876831947449435
0.00870955344053472
0.00844802648118056
0.00776927397007101
0.00753975172012661
0.00786267068236035
0.00657824874609584
0.00742069630610425
0.00758129682399735
0.00759650657503187
0.00825991667027729
0.00844051388343812
0.00821453829553503
0.0079699682158552
0.00791325159770877
0.00824148830078966
0.00803409368344386
0.00851046837186877
0.00902106467135546
0.00973366233492162
0.00939627427038892
0.0101314828072413
0.00939801561828917
0.00755140621407098
0.00672435802840051
0.00756035210711561
0.00767258850253434
0.00827926556931593
0.00799980855271001
0.00795609706331162
0.00845407618527978
0.00800693780164526
0.0086800431868194
0.00936667248977953
0.0092160061787145
0.00951418829288104
0.00888133584834547
0.00895386908064803
0.00987764370165523
0.0100125442739375
0.0100780629566491
0.00999829309129247
0.0100754095577361
0.0105334663624286
0.00911293910507356
0.00870919753121802
0.00823814631045947
0.00882675313010921
0.0088943118807374
0.00925866785511202
0.00897672038846931
0.00894075447743113
0.00893448796704313
0.00878997470095712
0.00876862269678766
0.00925507359179316
0.0089238080145534
0.00884926955813522
0.00908181714444562
0.00832018384994656
0.00740906747032626
0.00712028718596594
0.00775195587909296
0.00765638171797918
0.00807651920751751
0.00820280570946936
0.00930868795265756
0.00836864793400505
0.00929204776832957
0.0095890218388961
0.0096043679937516
0.00976614432184866
0.00981629669022539
0.0101346601148565
0.0104156937653795
0.00970969423088341
0.00956983636437326
0.0083760907776158
0.00765310417822536
0.00815704409932878
0.00818366267971398
0.00803825169688379
0.00783719658813577
0.00770830475086771
0.00808599948729253
0.00781777319698499
0.00899283005334214
0.00993376051849152
0.00892779675389125
0.00938786165331804
0.00902731166152915
0.00853958418867903
0.00821619918557977
0.00779751150655385
0.00834181072255416
0.0085613141460104
0.0086271700889171
0.00966031652827395
0.0102826848229655
0.0104517831777963
0.0102935087386997
0.0105438101991217
0.0104287925950831
0.0103821783657244
0.0101410364105785
0.00935066339531426
0.00990949566360914
0.0101992586596397
0.0102392594197229
0.00966407659677178
0.0104284995217992
0.00945329161502442
0.010163693042892
0.0102850945464021
0.00906701914619863
0.00829135511587758
0.00861072911868524
0.00931200061200894
0.00920697500479493
0.00942752501694103
0.00982711041511516
0.0104453413885688
0.0103871544903162
0.0105961608835483
0.0102549496741365
0.0104284394562869
0.00960271526368025
0.00979230935138168
0.00953424456868626
0.00979246340209615
0.00920058377974781
0.0100420299333293
0.0101995674259304
0.0106020003873348
0.0110788896208151
0.0102340748669455
0.0107567775705972
0.010777670075808
0.0109655581201852
0.00981660930906452
0.0101977194836693
0.010715839573901
0.0109735472339962
0.0116226594716192
0.0118990266290815
0.0118987906987663
0.012063631943715
0.0117315593138893
0.0117348519918904
0.0118463899716862
0.0119416590840449
0.0115738002757179
0.0111300170431912
0.0107468103584788
0.0112624834402856
0.0109545778090425
0.0107846103593102
0.0101606568348565
0.0108623151697458
0.0117075938733157
0.0109798856339051
0.0105461123548494
0.010209963137178
0.0105647771526705
0.0105225722850818
0.0109986387839272
0.0110200498539546
0.0117189391774531
0.010609349829576
0.0101771014145601
0.00945742740345665
0.00893231743465353
0.00987581545560398
0.0100746091591674
0.00972744174809994
0.00987804542615688
0.0104214753916488
0.0105430375748118
0.00895314651742166
0.00893373365626707
0.00958038467453522
0.00970306155350171
0.0106315411851034
0.0104854654131873
0.0107100558540457
0.0099846961777404
0.00979741704453506
0.00995383186382223
0.0103197363546547
0.0111605358294539
0.0105716634341249
0.0122135488250622
0.0128253858289345
0.0131622294343467
0.0130866144045171
0.0139646645134526
0.0143227565294043
0.0136818297267585
0.0135629202378588
0.0135971343934921
0.0133811206853074
0.0137039096462263
0.0139908834567292
0.0133341161961071
0.0135768914797159
0.0143908446161891
0.014156864714883
0.014268460136793
0.0140246962984528
0.0130295951140495
0.0130637161072862
0.013140858590155
0.0128001489477618
0.0132069973976971
0.0126298126583173
0.0125143706198935
0.0126672754402069
0.0108229965523006
0.0108392938056455
0.0103891728877635
0.0104616249888581
0.0106772224524275
0.0114916709181252
0.0120106849132476
0.0128244474628609
0.012755501464992
0.0123729433273305
0.0128461138707286
0.0128414702894962
0.0135953781475819
0.012965471490077
0.0122346736235204
0.0119812689912076
0.0125247400427465
0.0127573537382446
0.012401444329684
0.0124683606739014
0.0128772740219042
0.0127395699660123
0.0124442168152422
0.0128510599097604
0.0129464811632107
0.0135769566985988
0.0132753272379532
0.0138432020136124
0.0138591395976433
0.0145824096263975
0.0139571916586081
0.012927981880315
0.0124432597382081
0.011926778779162
0.0127635863891991
0.0128006759208891
0.0129407848488551
0.0128515005934826
0.0129304943478156
0.0127773573146952
0.0127037151659512
0.0127726454911918
0.0122216721718071
0.0122612974932514
0.0119063539197207
0.0111647638549573
0.0115782590202346
0.0120544859397061
0.0121056396383666
0.0115547551905891
0.0118984212448594
0.0107074707915394
0.0109189507129419
0.0114530590620964
0.0114746655828111
0.0116281342130219
0.0108363873566694
0.0114514212199896
0.011079894618288
0.0109767163254533
0.0116091113274841
0.0121645264767849
0.0118061452075111
0.0130201000985521
0.0124824501045469
0.0117843891007241
0.0118986497923399
0.0112543131845489
0.0115464202984383
0.0111708253407877
0.0109669793484267
0.0104776525421881
0.0100267236693502
0.00981293234603469
0.0102903761782376
0.0116435069197197
0.0111788767182916
0.0113557643610201
0.0113407791565168
0.012344815536625
0.012891883628417
0.012697441401721
0.0135063794218203
0.0134726493044875
0.0132081217876418
0.01331448811568
0.0143379871546148
0.0152148918553402
0.0143853362301818
0.013643548568666
0.0132377429836253
0.0140920141147032
0.0129832018478535
0.0126722277640731
0.0115977760233182
0.0110652930176886
0.0103537481634802
0.010258853907247
0.00996976776320004
0.0108107364006053
0.010924977471473
0.0122053220877833
0.0119352139148002
0.0117457051500116
0.0117949998399397
0.0121146296453963
0.0124689370135917
0.0123600470013438
0.0136632368186634
0.0133858298795167
0.0138059432993563
0.0138474388063712
0.0135832831551863
0.0130653434250702
0.0129570972921988
0.0131791552458592
0.0128441275462342
0.0124367903299462
0.0119821443379539
0.0123737097760502
0.011882128451031
0.0116427631693711
0.0113952011354792
0.0110805977081462
0.0111915693633453
0.0109782956120028
0.0113247313695201
0.0112219969328579
0.0123130936018651
0.0119730525196994
0.012228088117028
0.0126931462678441
0.0131269799421671
0.0121305188109965
0.0120275148868254
0.0117188802677759
0.0125026860646004
0.0123115944242939
0.0122877033645874
0.0124686064655838
0.012844142139792
0.0129600466748099
0.0113753508410668
0.0124233473178809
0.0111965763139446
0.0113198112936237
0.0109333669369566
0.0106892659017054
0.0114648058614264
0.0109071768434359
0.0112854673937618
0.0119681193151966
0.0112673032721451
0.0108150826091386
0.0106037905858361
0.010828233975982
0.0115428471120803
0.0112606572501909
0.0112558041230375
0.0107551851472098
0.0111723153427562
0.0106981815809687
0.0113916700537896
0.0114835411734716
0.0108605993129853
0.0103501378875834
0.0111136212702983
0.0111580255137793
0.0109724606428421
0.0108341091468944
0.0104343446684938
0.0100787444331314
0.00967662553600841
0.00983550422698814
0.0103130628166916
0.010461601558521
0.0100677046555384
0.0102955597407406
0.0103413450327063
0.0109857344886643
0.0102342204429258
0.010224874386575
0.00972976788503691
0.00831720440571805
0.00895309977871961
0.00849718118250245
0.00950069273341801
0.00856323856023096
0.00940071030186444
0.0100840298230707
0.0100780902970547
0.0098661646898076
0.0102782292975195
0.0107152786493425
0.010251895195279
0.0099464281479839
0.00936762282399964
0.00969181147812373
0.00992558748020105
0.00968710260511403
0.00967668414928847
0.00944748649285654
0.0095962574648818
0.00959914499761747
0.00949144356599799
0.00956040725431993
0.00834166851608796
0.00929932375367452
0.00912660700331379
0.00823393453673742
0.00817441626569143
0.0077337466272963
0.00781163380334634
0.00725806359443181
0.00735490098807727
0.00772025878489941
0.00839882197878853
0.00823403416151627
0.00867734892766757
0.00821149709256596
0.0083529728609429
0.00810069746060417
0.00815414282721665
0.00730497463496728
0.00820423575459618
0.00823406429052199
0.00779256604766806
0.00865871605194455
0.00865841795136432
0.00804876116042118
0.00759416695162866
0.00769584009303408
0.00921653521878412
0.00941531898859805
0.0092827714251561
0.00884857476124559
0.00878099656797707
0.00828488392861187
0.00816994544308249
0.0082120901810617
0.0082890868213534
0.00874812817826788
0.00950390951805457
0.00900276783179318
0.00887746466338123
0.00863239103096463
0.00812420261394049
0.00854626104602313
0.00925181585707378
0.00954233936195354
0.00877414175944357
0.00868208585591397
0.00760755028472998
0.00778839398131588
0.00914644809897056
0.00982665817814495
0.0101592014124286
0.00966291155143029
0.00983054380411207
0.0103082196980052
0.00943579018590815
0.00916501077736307
0.00906466219582757
0.0083191880974221
0.00872562136270394
0.00816210838002291
0.00809563292599691
0.00870478780520777
0.00937383961484801
0.00915772145614419
0.00974178873794224
0.00910386825270499
0.00973057279862626
0.00966413800924401
0.00977623399145084
0.00866247121424111
0.00876772487723899
0.00806149714390156
0.00848110556322578
0.00830199637019734
0.00861166941312565
0.00836470453815777
0.00818296493759871
0.00790581628553041
0.00836123846158024
0.00827373878316648
0.00855099986586938
0.00801865568684054
0.00782572705928718
0.00764976911246967
0.00741277999875993
0.00730781068934757
0.00717737105301671
0.00770311920807624
0.00739098654625136
0.00661115046483891
0.00650041826465284
0.00680510353714413
0.00820811463632608
0.00809105729478723
0.00833828252124945
0.0086348614893531
0.0077582797423481
0.00692814294917362
0.0072981158344955
0.00798251036668476
0.00800258594837161
0.00778669917848809
0.00832959367856057
0.00810314484896046
0.00740829676892987
0.00788898604117597
0.00817349189320417
0.00861461223158768
0.00910718450077954
0.00890280976114969
0.00941053356565773
0.00896361539515412
0.00963292441663849
0.0102410460114965
0.00945183127421266
0.00898710045692622
0.00938593373106157
0.00961568406276364
0.00934424671234162
0.00983361425068295
0.00914645472818027
0.00880831548771681
0.00896994610402511
0.00857121205866553
0.00948521264289456
0.00842005264802084
0.00819103167799334
0.00892130938500208
0.00847135467571898
0.00830289727072621
0.00926945165063368
0.00951916840183622
0.0089769671431794
0.00883714799957289
0.0094588290601153
0.00955209194062831
0.00882928676560607
0.00872222760196499
0.00870195949900003
0.00894655873979872
0.0090235351305278
0.00882542241888357
0.00914021263103332
0.0092914623927897
0.00978700322709534
0.00998931250802434
0.00888943425773562
0.00921207047341913
0.00867110004418813
0.00906952855941349
0.00917237712047541
0.0092274878480022
0.00953660084602071
0.0091874373512982
0.00932237734466822
0.00943767859992316
0.00970461522642273
0.00983180965841695
0.0103650180239245
0.00949367692028177
0.00960374886941649
0.00918341635889742
0.00819450870135512
0.00803576326375607
0.00836826047168661
0.00904233441341165
0.0089680296882934
0.00934176062109806
0.00902869571588615
0.0092764206580891
0.0089524953459267
0.00947426277927008
0.0102456589206312
0.00939903985600234
0.00946577170177327
0.00940020239601184
0.008843802599323
0.0088386672984257
0.0100411087073297
0.00895474103922341
0.0082959708590754
0.00760691313271887
0.00764106364218833
0.00834414295219197
0.0082977151867642
0.00768160848003544
0.00814544225626025
0.00846636870228226
0.00817180611140732
0.00841334158479705
0.007800948948794
0.00732552362321777
0.00807810125125536
0.00740659616043156
0.0074331731688027
0.00685334001554197
0.00683516717114575
0.00719417348350929
0.00786232500910824
0.00836438281829
0.00815501963547741
0.00758906780739972
0.00901957137638848
0.00854625259417564
0.00860647924635144
0.00875694066007855
0.00849391145217988
0.00870094802113243
0.00878398648040313
0.00894858137448488
0.00839163516129094
0.00761342568663962
0.00741314649657911
0.00743419251149753
0.00764959784362012
0.00794296878971506
0.00919743545385418
0.00859446116026568
0.00803745293424591
0.00853336985252816
0.00786014720907945
0.00915920091873606
0.00837846569884926
0.00844279465537646
0.0085640765263302
0.0080843381413564
0.00736745625400483
0.00809541436949863
0.00831853070373074
0.00794132049847552
0.00803409508955147
0.00814203203064859
0.00828944280585531
0.00753277357688886
0.00712518960337251
0.00662439272344963
0.00778443456569085
0.0079574224914812
0.00811572350782381
0.00838328743204871
0.00858510797321846
0.00859717663738897
0.00879145122760515
0.00868793793459497
0.00832488646512211
0.00801952457884522
0.00924869088368656
0.00943467316359815
0.00867436379834
0.00921519694519778
0.0097875474476301
0.00946169581946152
0.00972621445362674
0.00849145041996623
0.00827510803478163
0.00813608396143722
0.00789086250751662
0.0079202872852997
0.00810792254851583
0.00851651893056899
0.00819252480076899
0.00827538448206642
0.00790223129168526
0.00765042993590641
0.00776144206580098
0.00695026662888249
0.007676842656527
0.00861947814852247
0.00977300544022742
0.00988536894536828
0.00963527197414038
0.00900374062964193
0.00886188260668944
0.00788183519474195
0.00806669181141399
0.00855391884266503
0.00954688511100048
0.00932150785187536
0.00846805382039119
0.00861725972597624
0.00846289341684145
0.00884035321927394
0.00917526290292894
0.00954473891848624
0.00934311273339663
0.00870001708453256
0.00894531378541973
0.00823166086883948
0.00809004134524413
0.00795189776446194
0.00790170757105693
0.00842471671800861
0.00834824061631249
0.00942000527724423
0.00896403410374328
0.00937688469512321
0.00941932769959158
0.00992305077029116
0.00921957160481795
0.00921469144658357
0.00877919959438653
0.00812708650307915
0.00811942281643251
0.00900449191819344
0.007835685572365
0.00844459366195037
0.00787388804794219
0.00803376351159451
0.0071859724062193
0.00767931575219781
0.00791218534465086
0.00730494460780219
0.00791669958536456
0.0077941108224015
0.00765632970051821
0.00781637274313452
0.00742596894629231
0.00696829759198124
0.00667229436676162
0.00727920219083995
0.00740777611465966
0.00724946918517524
0.00825865750965463
0.00760343152258947
0.00855567457141426
0.00787400749203363
0.00765632267351246
0.00842707035688169
0.00870184418554475
0.00883871992803825
0.00940621404023319
0.00941969115138092
0.00936572415714769
0.00819317951550891
0.00802564165155971
0.00762387202560756
0.00796646147007231
0.00862528221865788
0.00816218325837738
0.00824999481798429
0.00763350684108557
0.00740596446561601
0.00799643986818834
0.00783930386078417
0.00736463470639681
0.00675034505135822
0.00713199329266043
0.0076046370500172
0.00833626014886461
0.00887769997371208
0.00925340453619657
0.00863700175461642
0.00789719283945119
0.00710890932097438
0.00867880008826101
0.00770079782874276
0.00866297516405007
0.00745719871262994
0.00671345772405017
0.00682838912680322
0.00687461853612991
0.00838843491551045
0.00852436614781965
0.00905266708245628
0.00956880631623694
0.00931197351142588
0.00916227807490842
0.00815001277451481
0.00838081546887717
0.00958218447083432
0.00885333412709967
0.00888236389903987
0.00874094720750679
0.00824404592793579
0.00781801992426337
0.00733471883585476
0.00750417671048562
0.00723447571408729
0.00728171572483543
0.00802191112376022
0.00831821069577852
0.00864272217423225
0.00821055411204284
0.00812298522354369
0.00790195509191719
0.00792619094761013
0.00755471795547792
0.00793868831399727
0.00743575153478009
0.00747337740368508
0.00697814245177947
0.0072719142752663
0.00615450159245062
0.00516384418952034
0.00503497771631467
0.00575608798188453
0.00598649024947862
0.00613907828817714
0.00679061837780073
0.007021360418894
0.00724281070003779
0.00699197885232442
0.00613009782614001
0.00677743509257146
0.00726931243958555
0.0069076609861945
0.00733760799218476
0.00756590570025961
0.00736041252946419
0.00694953855665372
0.00706839291232053
0.00692511581895149
0.00633200422551165
0.00781002431452079
0.00781417455009024
0.00826665733002348
0.00792858586527061
0.00819791927305553
0.00789030820486003
0.0080551037898725
0.00849521341686328
0.00861513422819284
0.00831569595241502
0.00851681160284242
0.00845181225570054
0.00839087795948083
0.00903627991994935
0.00935979572365234
0.00858358974302049
0.00793075374660458
0.00812696150049339
0.00842674718168124
0.00792173174046357
0.0081715209123638
0.00854352864398644
0.00783279069159254
0.00853176461449709
0.00813454966279743
0.007356551688951
0.00711297248349924
0.00753109313095761
0.00841995528899597
0.00838169411691865
0.00893190151885114
0.00848724425399075
0.00853495729908667
0.00824566219452638
0.00774775651210714
0.00824897650733056
0.00843905747602765
0.00798439131329947
0.00856601741122864
0.00779525026472649
0.00818695023532912
0.00823881132120579
0.00736689985368807
0.00812360066199454
0.00792398682890534
0.00743647923727917
0.00794098407211455
0.00836617998747736
0.0078700732035468
0.00821798238529042
0.00784970801776011
0.00774177875844478
0.00810042311186327
0.00829510638882867
0.00695234787089536
0.00737537399115726
0.00718063116652806
0.00749436555010916
0.00743319739915086
0.00764293929230207
0.00763935436695193
0.00769728916013996
0.00779769942476204
0.00859746412188207
0.00882321059562485
0.00912961667264309
0.00940796100521914
0.0089190071998284
0.00846504399913451
0.00824062035372772
0.00764536547678699
0.00783105254412296
0.00794888621268841
0.00827307665642192
0.00828111745151227
0.00776974189930335
0.00812007247158263
0.00804926201070374
0.00775573529130336
0.00769007779630715
0.00850659174050622
0.00898751909949024
0.00922681607862809
0.00856330988465736
0.00930277025112921
0.00932015809851999
0.00842929866501444
0.00843074435263603
0.00810198945524655
0.00802962934750947
0.00775643953960812
0.00785603831386557
0.00804318381080154
0.00759903434174133
0.00677281468111821
0.00720944065712998
0.007556693625776
0.00826810359034225
0.00821922103808813
0.00844052022061942
0.00816967754525056
0.00760745411082285
0.00711976355576821
0.00585399618212953
0.00685345709055734
0.00681516358210034
0.00699178743086326
0.00756275976525892
0.00672168311662822
0.00709751878290528
0.00702912060214643
0.00720064758920755
0.00704212871055227
0.0067054108032887
0.00718381363502463
0.00730372775150591
0.00671251342519141
0.00646191703045517
0.00684190484428885
0.0065858949123465
0.0067325614270648
0.00731529693019796
0.00741650499718777
0.00781350196799785
0.00737589222966456
0.007535571859747
0.00696966620546248
0.00723544129906315
0.0072625363886624
0.0072987042826004
0.00712359000783437
0.00837727804637467
0.00851528570781088
0.00836166299836613
0.00772838059229203
