1
0.00185887092554552
0.00190992744608975
0.00174576164247715
0.00184582513278451
0.00208983837458991
0.00189703726845118
0.00196344384460115
0.00198217831585053
0.00207995547279424
0.00229731607771708
0.00226993958979883
0.00210664913754736
0.00222928690811127
0.00240899970479775
0.00205654664750956
0.00252893378068264
0.00268773590834414
0.00299621943740234
0.00318268916196593
0.00322528889943853
0.00271442376140189
0.00280440535376367
0.00283094900643971
0.00300208901538741
0.00280289204987797
0.00328590663089815
0.00321861701899081
