1
0.00100800412499836
0.00231180655674709
0.00213704573936227
0.00247049072473772
0.00202237168187942
0.00272195386852928
0.002098247195544
0.00244369626562245
0.00257029065222624
0.00273530782741184
0.00263877514647814
0.00339605064146071
0.00339850033833842
0.00267132365515438
0.00305236363745229
0.00347778651947803
0.00329762358647303
0.00347092853817477
0.00302026806142441
0.00313575237497813
0.00360550303251244
0.00399574009689808
0.0034564308624785
0.00381161273178692
0.00347373360596886
0.00349420935553135
0.00393186306518826
0.00329693253579502
0.00449285037127259
0.00444616954633134
0.00475265678371967
