0.1 0.3 0.5
0.811927925521979 1.0252330216176 1.35451482935465
0.874815643262421 1.25555275191488 1.79907383891782
0.935782687866559 1.4419408459996 2.11362024215954
0.993653222979197 1.5913693344765 2.33244536987073
1.04696102791563 1.71013361221576 2.4830788602079
1.0967771844549 1.79287600285254 2.58515444759543
1.14477572903975 1.85915164419366 2.65577156730205
1.18915851421815 1.92429948522477 2.68723728748546
1.23429528980456 1.96392545348693 2.74028744778589
1.27237657147908 1.99905497771614 2.78127240386613
1.30967748221299 2.02561200195659 2.80580310725671
1.3458492505741 2.04349350601155 2.83701768152677
1.3771042117008 2.05913359391016 2.85262745233964
1.40655107800782 2.06990152507561 2.89026612435344
1.43290430717296 2.0664440760125 2.91640849283097
1.45680292467666 2.07249028811925 2.9684119004698
1.48047042481173 2.07533889040944 3.00868618874938
1.50197459051059 2.09826072771042 3.05760504964196
1.52156821480248 2.11898918743235 3.08638784569227
1.53851615423361 2.1357057561944 3.10075074952134
1.55639469158561 2.14639586250368 3.16289680354601
1.57099567072303 2.14206847568842 3.18355970817102
1.58445449851274 2.14831165136442 3.1971498703481
1.5951825624988 2.15572552038989 3.23630886578169
1.60574359617045 2.16440210286784 3.27071967333776
1.61629170323545 2.17078201032866 3.35673092961754
1.62674604203117 2.16289685762792 3.40665574368832
1.63523323922712 2.18251718892398 3.45625066646603
1.64468112950452 2.20058011082049 3.47983289947271
1.65087163316861 2.20815172174481 3.49325881690973
1.65787160687697 2.21554879351237 3.52367088692971
1.66427050233977 2.22707162955634 3.52967468826173
1.66742385956783 2.22930164916896 3.55721179901669
1.66988355019469 2.24007163060846 3.57991838902076
1.67306723474057 2.25742376498312 3.59005564184895
1.67645013294935 2.27917432092599 3.60619257803122
1.68202701841847 2.29767065236524 3.64545565663856
1.68471501922824 2.29742823553459 3.64451292019168
1.68322063802686 2.30457621957931 3.65655891247399
1.68503236518213 2.31653879076298 3.6904902270677
1.68697500088253 2.33069198709874 3.68484566967649
1.68856987102648 2.32696937576983 3.6785921851015
1.69225601454293 2.32165085866072 3.74128604644467
1.69303990242192 2.33436750251404 3.73668953139785
1.69305682810861 2.3352728732829 3.73574125375448
1.6964248125153 2.34469741643751 3.73688333595409
1.69631413646139 2.35419010486644 3.75210915067619
1.69855214981713 2.35157961257375 3.76375344258572
1.70135298128807 2.34943702304505 3.76153859306402
1.70382633688008 2.37506039105859 3.76250061259392
1.70515755844886 2.3833176140165 3.74840069488821
1.70629892741153 2.37944662556538 3.74850632358924
1.70668660448206 2.40399409535421 3.75314997591762
1.70685072521597 2.41503286052712 3.75955711694561
1.70566971202477 2.40905664051997 3.77136409849989
1.70552616804128 2.40725603842684 3.72834507977604
1.70504316646154 2.43334260534952 3.712419070845
1.70416697598256 2.41978583763255 3.67786177982732
1.7047963374993 2.4317572098307 3.67526083481158
1.70399133746243 2.43768732154817 3.63849423921978
1.70373684477499 2.44355377751432 3.6415447591358
1.70414867964485 2.44565522294375 3.64318959712889
1.70079682329978 2.44912869266787 3.64387945538673
1.7026304297851 2.44868856614069 3.61008203339622
1.70061537817423 2.45048352792751 3.60115301508052
1.70121155499489 2.44101380020512 3.5942726479188
1.70215077542831 2.46063662428345 3.53173277261915
1.70085895735042 2.4678076351777 3.4913710665654
1.70156036719317 2.47420176432329 3.4675778888253
1.7029755325355 2.46564845577809 3.46761764741732
1.70115804400012 2.47958869193075 3.43899546960756
1.70193326246964 2.48958705377695 3.4078772167327
1.70116544713057 2.49597693535358 3.38959411314403
1.70200501619229 2.494195305202 3.37760796599598
1.69950541212827 2.48161314928539 3.31026542011407
1.69808746236332 2.49049352318542 3.31017196019945
1.69922634812172 2.48687519759676 3.28625003902009
1.6986771782293 2.4859424586888 3.27418555844339
1.69853889063744 2.49027001179392 3.24415059694342
1.69674002551852 2.50188020546854 3.2346963420304
1.69980590198788 2.50342557678009 3.20660251604745
1.69848532057576 2.49260753100393 3.18312931359507
1.69982696558323 2.49306512076212 3.17030895667925
1.70001677454207 2.50377156561885 3.14342206443668
1.70209356619793 2.50188778472503 3.1049644076304
1.70151561014695 2.49371512157787 3.12069213664967
1.69957312953739 2.49310517598913 3.12126818411177
1.70143142031498 2.48832611080949 3.10607994140377
1.70114166118131 2.48833529590373 3.08597606246565
1.69963333569453 2.48814012665688 3.08547887267607
1.69983685927025 2.48510113663886 3.06453375918757
1.69810001375221 2.50067468334653 3.06565406607393
1.69796872864636 2.49410270067044 3.05598224802648
1.69778626291178 2.50291633592206 3.04056128307927
1.69666923112412 2.48943147629663 3.04882688661313
1.69950918912907 2.47512741129573 3.00675997960069
1.69958243171424 2.46867053938521 2.97847635993234
1.70031963616822 2.46356139935201 2.97813043461307
1.70021261144195 2.4777355585911 2.97582434970194
1.69818629493932 2.46489769008457 2.95959379484926
1.69984383876848 2.45055021689242 2.93381035069487
1.70055387005065 2.46264132526159 2.93252341535682
1.70281855641848 2.46436625191618 2.88474034017568
1.70101189805818 2.45653770217922 2.93262954981405
1.70082751493411 2.44819474904619 2.9415847498562
1.7006961615943 2.43963561678783 2.94207945318229
1.70167672857328 2.43261431972466 2.92262654340217
1.70324892557547 2.44281229002604 2.92121360519628
1.69906869722764 2.42843254566631 2.90221723190707
1.69815654053237 2.43271798013042 2.90500394476382
1.69956738926894 2.43047499146084 2.90681073064891
1.70150074154306 2.4303577492586 2.88006921523877
1.70007047629346 2.41483413918015 2.87974799072039
1.69883446092894 2.40462150437548 2.88874647470746
1.6984523358361 2.37668528965551 2.84541662660344
1.70001891658054 2.35810224772625 2.8478742890081
1.6963653542406 2.35680326886863 2.83137277297028
1.70035568772157 2.35761641183683 2.84058028352873
1.70061820988749 2.37469078468189 2.81758662856694
1.70252124270479 2.37326802278594 2.81361253787544
1.70326985703056 2.39618195596334 2.84314445934547
1.70434820180676 2.37429643058214 2.82915636911802
1.70659984811223 2.37866384340503 2.80922306022268
1.70254207575379 2.3709313982274 2.81630535633155
1.70144282008573 2.36970766254676 2.77801192223305
1.70298588991316 2.37291055582141 2.8370389349066
1.70421425997293 2.37240292923263 2.85030921446571
1.70584846405731 2.35446540842381 2.86267859504275
1.70333738210564 2.34647593761715 2.83890892011792
1.70186361784744 2.33485524107423 2.81644096750991
1.70335918564017 2.3329808421256 2.84024949290553
1.70209030132079 2.3256984131274 2.80927389873314
1.70288847443468 2.32157998786182 2.83826547636462
1.70189547367516 2.3113890809166 2.81641043190275
1.70049554658066 2.31035578921747 2.8085137731673
1.70048090125696 2.29265114616893 2.79538821286119
1.70075837669642 2.30162164546165 2.76227151189349
1.69899044165584 2.28157286708183 2.80032182984786
1.69800441168224 2.27332016794267 2.79081951628098
1.70000484677432 2.26418523634999 2.76087475289195
1.70094330388342 2.26218300072314 2.72911885917792
1.70158984247246 2.27025647954146 2.75360392214614
1.70218905668205 2.26150099866547 2.77207728339788
1.7012145852761 2.25052323378705 2.76994825467837
1.70262698422799 2.2539544542555 2.77329539040234
1.70165932641391 2.2505520310571 2.75632728610484
1.69829227590247 2.2549884458045 2.76693113310127
1.69831023367874 2.23188967482809 2.78178841159611
1.69580669406483 2.22673006216989 2.75515810220554
1.69895537531804 2.21049867633408 2.74135598985299
1.69723395362874 2.21309733882523 2.71694079726549
1.69823231798223 2.21034875725001 2.6943921128937
1.69988003074533 2.21575227407912 2.72494115187588
1.70069121349239 2.22540668318198 2.73678075715565
1.70190309972303 2.22417751723248 2.71479947434643
1.70166271391604 2.22101645112234 2.73081066288832
1.7005504524759 2.2080664882523 2.7636266009737
1.7025064719845 2.18932803828862 2.73915693268915
1.70248866359078 2.17753071767763 2.71041044497926
1.70503269669456 2.17184044873973 2.71138808072836
1.70402740106392 2.16677466693677 2.68953597908667
1.70248860407172 2.15661067536467 2.68994587813552
1.70219520388496 2.14662356232585 2.66121579913234
1.70258271285117 2.14114760952891 2.67306638981061
1.70417516622506 2.13775563955985 2.68779694671227
1.70191906589682 2.13533495216534 2.7189257202979
1.70343508776041 2.14405474928616 2.73570149906372
1.70440923110048 2.14090435714566 2.73942114366156
1.70551765915542 2.14175224170972 2.72710023184516
1.70481845209927 2.14402237287794 2.72457593768473
1.70364901047378 2.13067533552667 2.71123570261724
1.69911042386958 2.11794756007079 2.73152062338451
1.70004209420422 2.13389352099968 2.73913104179214
1.69832961437761 2.1332645245546 2.71476620245797
1.69982431087031 2.14426200022224 2.71796579555261
1.69939648463071 2.13240412826908 2.73427773765222
1.70194664233324 2.11458328226351 2.6985126166845
1.70584803332822 2.10761296658763 2.74682099748599
1.70461209169876 2.10853148102474 2.73084885861694
1.7020657680503 2.1114459050036 2.71946063656587
1.70037845217143 2.11585652390358 2.70519936540546
1.69776532389035 2.11156314626837 2.66280117910619
1.69888810315265 2.11885032426857 2.67654622154488
1.70191528138239 2.11702258580774 2.71056592847863
1.70466098913592 2.10977981844545 2.70031873388272
1.70578527602998 2.1051541072595 2.71756505660456
1.70891766200064 2.09286298367402 2.68962337213108
1.71056592960687 2.10355717046157 2.69575602476246
1.7088880819829 2.10838776175057 2.72266803518153
1.70863757852394 2.11231601291413 2.71788362234173
1.7091174190707 2.09634169806726 2.69936146426878
1.70891335214018 2.10325734102724 2.70856552113382
1.71311906281968 2.10398886639478 2.72177962780164
1.71372109091442 2.10041829164429 2.71901432887484
1.71169275570218 2.10784154248921 2.71086208334138
1.70918859187413 2.10360219046695 2.69117012089112
1.71224061287662 2.11153892355606 2.66990609520359
1.71035345227797 2.10945083912965 2.66381506797131
1.71220208678085 2.09243424197106 2.68293605021726
1.71365466782995 2.0909598347112 2.69100136474761
1.71365530945296 2.084339777088 2.67159496141441
1.71472629093179 2.09184417559586 2.67968333927956
1.71404983484269 2.10300173336177 2.71252417711976
1.71426005900034 2.09153868583146 2.71396577426131
1.71628549403098 2.09167004902006 2.71305567751941
1.71490578572328 2.09095604073638 2.72528221010436
1.71378592089926 2.08626424017953 2.71454623159732
1.71096254378118 2.07876684790118 2.68508988431636
1.71053437988679 2.07986787821532 2.72231204441507
1.71340338803341 2.08137428408716 2.70218334208354
1.71167320124294 2.09343536711665 2.74188846142651
1.70809887252744 2.09367108380297 2.69886357567636
1.70787627533154 2.10493292185687 2.69259472467121
1.70653811279352 2.09267095839185 2.67126211245058
1.70809638179172 2.08682697170165 2.65642658237218
1.70942409766048 2.0842804575967 2.68318238378222
1.7089045615507 2.08014037184106 2.69716298455878
1.71172488817583 2.0904364270118 2.68194859717446
1.71253805275742 2.06497824302089 2.68434949459677
1.71506395073848 2.07663209686635 2.69543792302117
1.71297036454583 2.06822178018276 2.67178538640482
1.71275186249298 2.06292245113323 2.65782838327252
1.71215208356926 2.06939490291348 2.69806868230777
1.71058002684276 2.06894554410544 2.71925658228389
1.70822760755533 2.07516496041175 2.71762961748862
1.70870108578499 2.07884375259444 2.71690915148016
1.70958653780637 2.08335127064805 2.72218854605081
1.71257843233735 2.08346159916881 2.71185775366112
1.70809827001865 2.09901615645506 2.69012567268856
1.70694993957171 2.09419522257948 2.66231206450934
1.71039069926433 2.09158896326266 2.69454487908113
1.7118402354255 2.08125391981014 2.67057270605844
1.70988226236372 2.06770188453091 2.69000433909746
1.70914144353834 2.07185838226612 2.67039092551191
1.71250310173072 2.08178574008129 2.67834816654584
1.71359674063044 2.08207829243992 2.70548800988203
1.71283935902767 2.07997877647483 2.67124411631945
1.711834374528 2.07395349690759 2.67637314679347
1.71061629179972 2.07357824762545 2.68149946393251
1.7118856299615 2.07601706304534 2.66682708893455
1.71116950338843 2.07009840914822 2.66155245260463
1.71136335290633 2.06385875025585 2.70763362206447
1.71130530447601 2.05197626347466 2.70240825609308
1.71274059394813 2.04709186061623 2.73901943431379
1.71162416413614 2.05586700929718 2.73112376851071
1.71255519748099 2.07158633898191 2.70556509123897
1.71123094926556 2.06895649189942 2.72311807508342
1.70796810528826 2.06578867351028 2.71346266513356
1.70643566511489 2.06151065057573 2.70808015891763
1.70752004438997 2.06820272362631 2.7340687753892
1.7085966913693 2.05928209315572 2.7264111869836
1.70786851514415 2.06166617933459 2.68788171089011
1.70836201686838 2.07793552068404 2.69042940682797
1.70747045849471 2.07379118075912 2.71609600725971
1.70988114539729 2.08486060271302 2.67888656652449
1.70967664421795 2.0868569565235 2.69797752004228
1.70856546900711 2.08373376934409 2.69857561532751
1.70910820116978 2.08072517165316 2.72666503065375
1.7090126289882 2.08191290100813 2.71291934092625
1.70867195045905 2.08423486662442 2.75166025285577
1.71060396539312 2.07958292889324 2.73874295844446
1.71159129585505 2.06626170802376 2.7245113116531
1.712452006644 2.06643309640479 2.70992215303625
1.71198666223125 2.08819838797132 2.71435935756999
1.71509202311009 2.08399974039336 2.73185322974179
1.71438983067868 2.06235200356713 2.75897437475146
1.71465234360641 2.05959927606778 2.74270188680431
1.71597479245174 2.07287427965368 2.7207492165662
1.71534222707003 2.06097176611945 2.72076316432602
1.71599016193595 2.06492749183549 2.70443254760354
1.71618953879729 2.07971627123435 2.73368837748651
1.71751235889344 2.08285534508195 2.74390006338922
1.71654224414918 2.07367842788784 2.75404324076439
1.7176248416249 2.07246304282323 2.72083232143275
1.72031300590752 2.07014037816584 2.73236459096606
1.71855322854852 2.07472934195648 2.72004004300587
1.71746495563913 2.07404190432631 2.69395821409037
1.71717514901728 2.07636355394162 2.72479137610621
1.71561188917983 2.07498408611381 2.72318084976892
1.71694429177158 2.06965536432889 2.70048914289356
1.71527239657601 2.06756704496406 2.73349620606601
1.71650584333745 2.07208978561472 2.71629308936134
1.71477327530735 2.0734484049434 2.67865796977455
1.71743688261463 2.06962564557212 2.68722325278113
1.71832487227346 2.0744119856517 2.67946949490356
1.71670071137123 2.07165519920483 2.68577647502741
1.71615493154766 2.08029604869266 2.69655882864641
1.71670345594358 2.08588260467925 2.70562151136944
1.71587586069766 2.07765053938544 2.70282918169964
1.71837234176081 2.08296228508028 2.68642405619834
1.71888354426871 2.05942726539933 2.70071344902216
1.71988928707417 2.0584322971074 2.70989811587911
1.71864915406541 2.0459443795645 2.71729628943145
1.71693154462822 2.04744909492451 2.70507360696163
1.71795938115927 2.0446879576324 2.68196376258414
1.71753684195871 2.05742270707869 2.70129782553856
1.71948152593528 2.07144735894601 2.68275733243251
1.71933584593661 2.07211225719626 2.72787573634781
1.71812008762479 2.07036289046955 2.77064446339954
1.7180366743689 2.07114514464308 2.74278490973667
1.72024772375405 2.05949065001034 2.71536370394268
1.71960570103728 2.06203303310007 2.71651725209373
1.71961588287465 2.07274359245397 2.69418336390875
1.7174604784424 2.06886412261307 2.66779900349966
1.71541633403984 2.0768964161902 2.64970908747763
1.71392484281694 2.05807958437173 2.6518554874157
1.71372964912961 2.05786007896069 2.68500828916909
1.71385790286174 2.05187071801587 2.68544770757213
1.71485513739503 2.05384887475823 2.6931999267928
1.71644287792439 2.04799858244902 2.7151549042072
1.71643206097897 2.05668708828507 2.72777589874507
1.71596463137762 2.06831332989901 2.70752825399042
1.71446571221174 2.0831491465498 2.71263048510113
1.71569721021813 2.06237209687411 2.72014522742977
1.71653664602457 2.07274321782714 2.70961623697279
1.71617688462455 2.07196372161178 2.71165614465519
1.71513032366019 2.07348483626922 2.71645977527724
1.71752166319248 2.07213327617448 2.73502073103701
1.71889791013575 2.07184609914284 2.73267541046695
1.71882712989486 2.06913560387946 2.72091310107902
1.71665351096352 2.05725752848505 2.69396483188669
1.71948671228858 2.05226595820982 2.71196266698211
1.71560337713465 2.05533074549768 2.6985352427706
1.71440092625182 2.06628966608005 2.71959661424468
1.71301461491571 2.04680782531752 2.71909194188056
1.71432565538622 2.05314499990733 2.73875016685262
1.71230787025331 2.05636837602895 2.73539143688146
1.71119914778192 2.05780089689749 2.73564490818983
1.71194564503972 2.06125986683752 2.73863135236511
1.71219084909016 2.07831161274007 2.74204681679122
1.71135534054495 2.07622520102381 2.70379581900007
1.71041846846199 2.07962108338206 2.72274455274145
1.70989535530532 2.06047298689075 2.74192157236255
1.71103708220827 2.04594145443282 2.77008588743302
1.71354061467244 2.0513402903331 2.75285004571231
1.71593908344552 2.05952996418431 2.74561726638646
1.71532340681392 2.05722312667785 2.74746386520403
1.71409759062541 2.06685335882696 2.75789908380085
1.71203620923835 2.06787248345857 2.7056917744882
1.71318732873492 2.05931277850173 2.71314964861011
1.71314801558205 2.05109628430321 2.71780877497007
1.71176247779407 2.04944855169815 2.71038907779721
1.71124565099891 2.05499904201907 2.70406948715404
1.71083877810812 2.05171574545068 2.68243640558785
1.71085559540002 2.0493678719531 2.69053604941322
1.70917795942205 2.05787639988114 2.69135618548406
1.71118459543885 2.05187086268656 2.67801363952702
1.71053673411171 2.04601371563958 2.66417513030304
1.71446347971986 2.05941749277758 2.66602957496494
1.71337586019782 2.05956903831179 2.6576478125381
1.71454957909985 2.05681482459264 2.6996517060626
1.7174516283483 2.05031193148722 2.70753931593632
1.71457651350962 2.06918822499655 2.71698554036426
1.71607973353287 2.05729446484861 2.71231141698881
1.71624659773373 2.04942306228337 2.71120164974445
1.71411597444889 2.05194448645606 2.72102464854723
1.71038888250805 2.06273741558137 2.72206573817075
1.71183443767868 2.06313523935816 2.71206803073677
1.71298309663333 2.06160129166697 2.66285349516262
1.71358558062189 2.06738841765157 2.64878108582724
1.71296520620823 2.07112561520548 2.68990497445709
1.71213381215402 2.07912686759158 2.67638997215509
1.71144391532145 2.08324656697783 2.72034279862283
1.71294954390085 2.07097582507499 2.70101662293433
1.71244319172734 2.06928833366595 2.69889437434268
1.71024611943279 2.06858616189108 2.69022525053493
1.71077784585867 2.07058490305779 2.66652996644829
1.7113797625589 2.06778420855093 2.66944910299173
1.71153823092031 2.07625994811254 2.65970527782503
1.71475255466074 2.07683345809091 2.69618745581859
1.7138960809452 2.08616544899169 2.69015365871203
1.71481645265972 2.09227987402837 2.68516338479347
1.71883159117789 2.08207565115556 2.70774419791333
1.71961025682011 2.06484030472783 2.67579981569543
1.72028970938803 2.06775293992905 2.68150590025008
1.71728397705993 2.06558710381284 2.65841660539495
1.7144904871248 2.06873863776185 2.69016538456205
1.71527884077267 2.07403916470588 2.70270469549951
1.71580181629084 2.05070903660716 2.70591956369337
1.7169160413307 2.03985271750589 2.72712836946859
1.71717279480412 2.05629595601569 2.69493192930729
1.71875963589132 2.05890690065764 2.71262949827163
1.71826660674399 2.05840113005684 2.69782541620842
1.71866774251271 2.06788086816774 2.70779985636701
1.7195304322157 2.06786860388375 2.70559679667478
1.72085164621902 2.0574466499667 2.70446191336391
1.71938785495706 2.06650001349089 2.68469735488939
1.72201937747138 2.06608383896731 2.71440831155928
1.72379169319751 2.06008085578255 2.7402344372428
1.72332864687688 2.0754829464107 2.7187734175809
1.72226205160633 2.06873417691271 2.73056668143355
1.71984059217146 2.07182699082504 2.74554080876193
1.71869629344813 2.04768954704633 2.78248845029633
1.71565138051846 2.05085239388762 2.74829978219804
1.71852503817945 2.05064722027067 2.74519147220326
1.71673620688654 2.05856233882868 2.73466536207218
1.71904579712074 2.05202776510917 2.697008408188
1.72038466987424 2.05851419687964 2.71125904607346
1.71701969290826 2.05773661211777 2.71207034489881
1.71564623978862 2.05551397281702 2.70870272254762
1.714960177498 2.05411909755225 2.67485520276655
1.71437104544303 2.0640997050976 2.67336839080306
1.71577803233784 2.0606249546786 2.66891614012542
1.71859120439222 2.07339536223697 2.66511825404387
1.71903467567047 2.07074112691234 2.70088603672103
1.72007959304605 2.06353894873093 2.73067409850668
1.72101107692489 2.04345941093826 2.71753741739837
1.71964807336005 2.04464623966987 2.72362183368543
1.71785487048593 2.04625660577312 2.73035570059155
1.71991191590832 2.04146762547623 2.71092480566644
1.72237685271992 2.04199213776979 2.690554984694
1.72136887454938 2.04550445063026 2.70753396787423
1.72136551233888 2.06131863825249 2.65935607162538
1.72371226203119 2.0634520046368 2.66604559727149
1.72283280591041 2.06528548589199 2.68676413978813
1.72254724196244 2.06545827672055 2.70525794126243
1.71967384403266 2.06219346095077 2.7292162463288
1.71855597059823 2.06535735830909 2.7168783834489
1.72074566891261 2.0760886511016 2.71696724127125
1.72033166933949 2.07111408953556 2.73123021700742
1.719342418304 2.07960500219115 2.70473161231739
1.71941032496447 2.06415598969601 2.70883629449908
1.71897912063774 2.06169015712387 2.68934090458363
1.71890180675209 2.07001905451145 2.70002233458984
1.71615276867837 2.08049042777982 2.72257467279902
1.71682810155742 2.06956088983322 2.70144008980175
1.71503192672732 2.0727386367376 2.70916648089317
1.71535038787051 2.07432577633692 2.71239577716128
1.71459080980573 2.05815984922182 2.71561144109431
1.71453728234696 2.06213767609695 2.70626753890618
1.71718697923136 2.06122702372004 2.71670376422565
1.7152868528003 2.06272193397258 2.70441571908951
1.71589536666597 2.06385487110711 2.75046240131821
1.72009633864358 2.07002090397732 2.74957088798307
1.71951565778126 2.05672568983156 2.71730722424805
1.72104954889411 2.06815551869659 2.73306832216508
1.71991134620017 2.07537641853734 2.74895415777394
1.72149038308764 2.08431411639409 2.72226137089908
1.72155077468908 2.08469491343929 2.72079361215771
1.72061727466261 2.07078680136077 2.73598765008891
1.71777246625759 2.06263638705035 2.73904203850806
1.71641106108896 2.06538955516798 2.69967763153685
1.71477408341155 2.07965171198419 2.75564981620902
1.71589339664061 2.08185873050781 2.75869662833861
1.71421852097636 2.061485410557 2.73142252782729
1.71455237023079 2.06986811441245 2.72052078775629
1.71471509276442 2.07391720801174 2.72898364068546
1.71419462946751 2.06022338577945 2.71582786616885
1.71512597216476 2.05963381310721 2.75110386000729
1.71606895878717 2.07931257688221 2.75419439860516
1.71799928708093 2.07452423157158 2.72150261798511
1.71703432901602 2.08202744122042 2.72018990073308
1.71555231060547 2.06921173926371 2.7129419628596
1.71697615603014 2.0658191324263 2.70131791733005
1.7153655455399 2.07495514738917 2.70032708564767
1.71243423412513 2.08048988930437 2.72469218140599
1.7132803942426 2.08612689979571 2.71364099174542
1.71155847756374 2.08833350297955 2.71265164870846
1.71163153507423 2.08692493874204 2.69860229112924
1.7165568093071 2.06952212173665 2.68115774410998
1.71505856155759 2.06581282106507 2.70315652995475
1.7152630720348 2.07203187084782 2.68638675855839
1.7141098941946 2.07292619217024 2.68818603603595
1.71375515969752 2.06109633753328 2.73497817218686
1.71296679680942 2.05058770102621 2.72088981653296
1.71229951288307 2.06962188179224 2.69641404450552
1.71058234452343 2.08511575582141 2.71513008934273
1.71060259167277 2.06899152074225 2.69223330626988
1.70855437208427 2.07375745833056 2.70442666430741
1.71101607279823 2.09508518893875 2.70335957783548
1.71213430724366 2.09485074896569 2.70136361344089
1.71224392331663 2.09951319554662 2.68358942146757
1.71255876048697 2.08224114880778 2.71028492018806
1.7123236380909 2.06251780125747 2.72095669434514
1.71164582456947 2.07148380347131 2.71794276519411
1.71310665166753 2.07428163850562 2.74345768655142
1.7129868056326 2.06763246304604 2.75701854600701
1.71141072267205 2.07184844152456 2.76707208550707
1.71140581723612 2.08492032085119 2.76964496162502
1.71066206361143 2.07563663697765 2.76005263178199
1.71345273874873 2.07744927314912 2.73687219419345
1.71519541422823 2.07394222221818 2.72426568409327
1.71509809028928 2.06827179827455 2.74223455543614
1.7176109855751 2.06978597736389 2.68653170884197
1.71643626382695 2.06230281336874 2.6697897210765
1.71833048756126 2.05783026290886 2.67296986847909
1.71883836184827 2.0592317585568 2.6433389676485
1.7174057463042 2.05562058367858 2.63967748010397
1.71887820071772 2.04884975182159 2.68593125323638
1.71861428635309 2.03895013321833 2.70072402832584
1.71806162162296 2.04583424907669 2.72569716775871
1.71650287550312 2.04583213570186 2.74263554333652
1.71493105691851 2.05492038181897 2.71267707272617
1.71718104817251 2.05971018057739 2.67942115529506
1.71849098546505 2.06015004316913 2.6890439825207
1.71984161244403 2.07006455786788 2.68779719852455
1.71649878151522 2.05913704555851 2.70770580414554
1.71667130440709 2.06778315188107 2.6975633270738
1.71408963565442 2.07110558624531 2.67059547284945
1.7119786076706 2.06841573982234 2.68398738186176
