0.1 0.3
0.0016540048927243 0.00274202549827601
0.00177063993785842 0.00410057924552934
0.00170955843072206 0.00522558456945429
0.00182966266663038 0.0066626202247434
0.00159137862031769 0.00784748617640653
0.00184807611322949 0.00940987035490663
0.00210068971197116 0.00989698978446022
0.00240620269628241 0.0107497487372439
0.00242944816291036 0.0125584643624817
0.00252651229177787 0.0124511258595408
0.00293575821894518 0.0149643500576741
0.0030637586954227 0.0171906497850515
0.00309972109538875 0.018496379696774
0.00303500150358495 0.0177620853728521
0.00295088226398807 0.0191589011578871
0.00291748677609794 0.0192368748657892
0.00334347355671777 0.0215666732871597
0.00346782049837517 0.0192118235025166
0.00320143428598429 0.0192547757531122
0.00343764057628014 0.0184103206701888
0.00320515851849375 0.0191473722918923
0.00355661375691336 0.0200705502556589
0.00359290599906001 0.02216767839869
0.00444955189706533 0.019890420989055
0.00463532750367544 0.018708770006857
0.00416626752564915 0.016664209942492
0.00422738931659707 0.0171399450039446
0.00395675035833373 0.0173587799081371
0.00416786059675115 0.0182886430077576
0.00447942215473192 0.0182388401893001
0.00456222386542289 0.018571332150551
0.0046463270737108 0.0205768295807988
0.00497865376567815 0.0208988000511287
0.00513138276330765 0.0205932852110572
0.00457499871728631 0.0191737109478625
0.00450010106724465 0.0210114809471468
0.00488531279715988 0.0172939483549493
0.00504213870959839 0.0183780947635856
0.00512844485465997 0.0209635541666868
0.0052706829292921 0.0210546559148892
0.0055241591629614 0.0198773710906912
0.00555706679004227 0.0194904603761509
0.00530103704030078 0.0206902471307533
0.00477370415469965 0.0200628601172884
0.00510958523829349 0.0213185610489319
0.00527782666811114 0.0222302705035726
0.00554855337641039 0.0226950333088283
0.00573450020866201 0.0236394637586059
0.00584630349725548 0.0221981247709127
0.00537683558072071 0.0242768261120277
0.00568115502235999 0.0231294581038873
0.00581296214067188 0.0234567510611208
0.00542891394914624 0.0207038972320253
0.00479217274949749 0.0195733038412127
0.00494822878043531 0.0200721383695736
0.00505132948937796 0.0218640155362616
0.00503291879527725 0.0225031994654844
0.00546664843307527 0.0237488675391975
0.00534369912932338 0.02272517817203
0.00532686242532613 0.0207480336146568
0.00512730782138632 0.0202875688295375
0.00502482640395241 0.019223786284237
0.00431738721865497 0.0222316415677086
0.00447538858091292 0.0223128004454786
0.00456023983903219 0.0230999923903562
0.00416299865695133 0.0226164181611018
0.00446114825452154 0.0212484116004147
0.00436016822855345 0.0231801993434067
0.0051886118313286 0.0239685843556503
0.00510237553612768 0.0228760088429113
0.00535146362476547 0.0207087176556005
0.00596051255848943 0.0218545034891894
0.00570884396930388 0.0211010374616828
0.00451564916901664 0.0200807246881042
0.00461063012699129 0.0208546330403761
0.00471925780810706 0.0221241277949651
0.00476101911536403 0.0203487886685297
0.00484702196982455 0.0224006670502503
0.0048765386414444 0.0198229593168228
0.00504778692889436 0.0168314858709132
0.00475188823978057 0.0180375589651255
0.0052649222980982 0.0178107829476854
0.00560327642626734 0.0223211117511106
0.00569890374780823 0.0228149916066338
0.00552897834897792 0.0183787109706134
0.00564113591951041 0.0214216130871856
0.00530737714800577 0.0241194649127953
0.00537813402830055 0.0236181489152366
0.00535510865894188 0.0218426664140158
0.00461797081876401 0.0212561556654391
0.00466404587349551 0.0233825153350801
0.00435981918952978 0.0236980015868378
0.00469172233303421 0.0235772387355764
0.00460939898485379 0.0246723711881632
0.00499773525115463 0.023747739530303
0.00489017009442195 0.0241321837869384
0.00490304995071784 0.021880574214374
0.00490603595092319 0.0265137931787886
0.00483647922746014 0.0253131214057569
0.00508273784813341 0.0263476692511245
0.00461256657480493 0.0290657221827082
0.0045797076392714 0.0254604378852287
0.00480564554006348 0.0295395452565421
0.00492377665837334 0.0330119104084655
0.00475475647915426 0.0329046037460575
0.00499934129264027 0.0328272408521831
0.00534472746292086 0.0309506603737446
0.00553726207203202 0.029980305689899
0.00565913046029067 0.0307637158050073
0.00541629706940676 0.0294628675687492
0.00537878074868983 0.0333936722386325
0.005228479163293 0.034811108568059
0.00498093198067981 0.0339163664457529
0.00469143763222878 0.0314806862047362
0.00430306035310613 0.0319487722323655
0.00382380101014193 0.0320119040732096
0.00377897077846753 0.0340533938282996
0.00412304897559844 0.0367042589238146
0.00452136191329243 0.0337874807395765
0.00391340206581257 0.0330608638395186
0.00440539005194686 0.0322108190030642
0.00477266626489662 0.0310509931162859
0.00493183326031225 0.0331170390793044
0.00438769099226419 0.032387290460137
0.00505241629859773 0.0349610840745518
0.00476762866461135 0.0351290714896684
0.00509798281563858 0.0393713825872631
0.00458471253667057 0.038986084531283
0.0048094582655684 0.04384113095708
0.00497092214574315 0.0430086090907819
0.004615586757215 0.042873648593694
0.00458520568187402 0.0415825107738659
0.00470942189425145 0.0424638199551729
0.00452748728292828 0.0414578520352859
0.00454411394375656 0.0436292023971532
0.00455282198732549 0.0421111994622475
0.00492531955616868 0.0429773072154364
0.00511841696188622 0.0402806764055435
0.00545934073538316 0.0416054189623328
0.00618450247221829 0.0407852982063353
0.00562204719602872 0.0369296148678368
0.0048463804282759 0.0374752386267393
0.0047529617528191 0.0357704241944195
0.00488591847726987 0.0335509485730301
0.00506468151377369 0.0374526202702179
0.00515590142820558 0.0379157914684869
0.00545229309191424 0.0395443820550051
0.00590503969242774 0.0408976377645343
0.00559326679765328 0.041122265052439
0.00544431018464964 0.0389075428197489
0.00505006912116676 0.0420864750935139
0.00504470713046424 0.0399556706175551
0.00542162947354157 0.0396406993028273
0.00566007865476914 0.0412528513897764
0.00617469524724384 0.042523538151486
0.0063031044715968 0.0423145252722047
0.00601291819836095 0.0407971333574133
0.00571737388647305 0.0399001794216042
0.00506608587750147 0.037826034715752
0.00479534045332179 0.0388298137920884
0.00505656909547808 0.0358888781319869
0.00495723818123288 0.0367329047109195
0.0048660113939492 0.0370000454157949
0.00536236925870595 0.038715382270808
0.00543659545622683 0.0334366939769599
0.00498404748974231 0.0343299203793912
0.00538536286362469 0.0340046715940527
0.00538238506763215 0.0350648839600741
0.00495057998034842 0.0303379470996737
0.00473751033340828 0.0297699567659404
0.00484561741338373 0.0316495425600375
0.00456345648894048 0.033421079400909
0.004536156977394 0.0336389999604066
0.00542198846566029 0.0314568262284016
0.00535114177305313 0.0311154357900939
0.00534281843886202 0.0324112983788198
0.005424808697902 0.0327486971504316
0.00561927476071127 0.0345732474269734
0.00578026401179079 0.0381819095318464
0.00575366347550942 0.039315172192602
0.00544775441678498 0.03771503136872
0.00547478787716386 0.0370021835337021
0.00590756470369007 0.0373009079897714
0.00573572414024575 0.0348198660857966
0.00596307257670868 0.0350590842017852
0.00563452612890012 0.029009250024356
0.00514742279606678 0.0281964840764075
0.00555424754579849 0.0306446932042006
0.00546265510504727 0.0264088115870367
0.00562246123880604 0.0252179438936556
0.00544294418540764 0.0266105889677616
0.00585701101614108 0.0268111323652318
0.0053381328838979 0.0259362491459575
0.00550278818124081 0.0277994353511227
0.00527715776631363 0.0294253481240144
0.00517859358132275 0.0291752779088705
0.00541682220154783 0.030941052688481
0.00514941436341269 0.03052463174421
0.00609415746710364 0.0303740894110382
0.00667605732080851 0.0312521071561339
0.00604982662735856 0.0319809586027069
0.00614134720165597 0.0278304312907291
0.00644961389128358 0.0280635354116038
0.00652336605588411 0.0284615532883621
0.00649944436374249 0.026236820576338
0.00618046000645102 0.0281867150485106
0.00657720600768213 0.0271548112522323
0.00646868358543415 0.0280752213222097
0.00635792514860702 0.0257637962242266
0.00598889045208129 0.0226676107575041
0.00615067889247701 0.024473663474261
0.00625424868244959 0.0273958468002854
0.00597173038321197 0.025910032350318
0.00579338588310785 0.0241196175450978
0.00519725966887783 0.0225145519161177
0.00514961292059055 0.0244467062409541
0.00486806556618147 0.0239354130818616
0.00449479399327787 0.0255481179521687
0.00483089098612672 0.0233741552187116
0.005127272265263 0.0245428429396618
0.00544103961290278 0.0216862254932189
0.00581859523257685 0.0226718383808431
0.00586391784159509 0.022920525470823
0.00575375020951721 0.022580072471088
0.0052307354810277 0.0203914113821325
0.00485720481727833 0.0199801178178377
0.00541467457315938 0.0196583540723298
0.00573278713679502 0.0189152570220575
0.00560836748260013 0.022981045025861
0.00546548023507934 0.0198374363678362
0.00488178828331479 0.0173172748745876
0.00438305120924848 0.0179143900122027
0.00513452437338058 0.0182056334013067
0.00548569101823255 0.0185421956905814
0.0060783888927811 0.0213157352548847
0.00563053377238084 0.0211683257705559
0.00481327600559556 0.019504453788873
0.00456287198667282 0.0188142523158274
0.00477996291339849 0.0220429790151129
0.00533070430294164 0.0199430538643019
0.00500040856423018 0.0198983868555124
0.0049361056554512 0.0224445273007416
0.00536474351237924 0.0227853946528661
0.00506187002386739 0.0218113251508707
0.00536054580342241 0.0227714372344049
0.00492391625888328 0.0201501593972528
0.00535222847336762 0.0196526636163287
0.00516788266471981 0.0196994268002401
0.00548835807943264 0.0216448312453551
0.00536463423154209 0.0194906349606811
0.00552936263825592 0.0154468120067304
0.00524002754257609 0.0167583513180654
0.00519754419893221 0.0185396660059541
0.00588432859126425 0.017681142055119
0.00585388134878046 0.0204323161447037
0.00553072669608161 0.0204365857236222
0.00540383945316301 0.0224069412261648
0.00532493709957054 0.0223581371313088
0.00570198086505978 0.0218813800073901
0.00626620138053666 0.0205653557456495
0.00645247912730243 0.0216352123418318
0.00615323310864875 0.0223839432402601
0.00590430162923336 0.0198287528308681
0.0061986863197813 0.0220066594144415
0.00588110406731116 0.0224664295691881
0.00590805307954565 0.0229838241966968
0.00629016134303608 0.0213621164767452
0.00639810806675749 0.0197179356518605
0.00587730626583164 0.0206139717688848
0.00579393155214905 0.0223005513979443
0.00593088317762109 0.0217878172356361
0.00613888916569402 0.0175646670766855
0.0060538046255552 0.0180296508285684
0.00642297999331538 0.0175638731755723
0.00671599350737905 0.01793407196189
0.00621369192781935 0.0204210663817344
0.00598508373035027 0.0183326638302188
0.00527711117743597 0.0178752596790227
0.00549118838249028 0.0205787679626393
0.00550114387202943 0.022574473127169
0.0056456527167077 0.0230033748338883
0.00553119320219439 0.0202438761636548
0.00622208996247469 0.0218314656360077
0.00601023402467619 0.0183364339390637
0.00571535011553216 0.0210684298968833
0.00605126060564734 0.0254949569831981
0.00546481116167133 0.0211421374340365
0.00579827745791653 0.0197137234067836
0.00566218884447767 0.0191976112019819
0.00592621561194826 0.0219064877846169
0.0060879154329965 0.017000756319035
0.00557284777388134 0.0206007441263192
0.00488594713281468 0.0221012083407637
0.00521266236902147 0.0217399597284701
0.00538162936259625 0.0210427411207528
0.0056236240706492 0.0215525029148075
0.00561222897660341 0.0182841961529759
0.00620176817017502 0.0187775956894268
0.00671384603544075 0.0195076694080373
0.00611741137086701 0.0174404028268782
0.00580459038751371 0.0217292175593638
0.00524389298141662 0.0191966903332059
0.00557344712312441 0.0204204726150887
0.00541966435624568 0.0197978623634064
0.00531573818436935 0.0173920081214829
0.00545563057746657 0.0190709580316625
0.00545084064026522 0.0204393869346674
0.00514949851256468 0.0220888197222559
0.00554072374852034 0.0229558268453881
0.00523895268902824 0.0223092088643503
0.00535612409559773 0.0219853286943207
0.00542031559740172 0.0182758607918814
0.00510833610982853 0.0199589382329434
0.00469832595673488 0.0189975872803456
0.00436769268698765 0.0220864368508163
0.00495633352852008 0.0221997120405504
0.00516649208836752 0.0225102986167724
0.00537935490168347 0.0221129426444379
0.00560663771592943 0.0197903532828214
0.00562229029568658 0.0220250747428565
0.00636587511890175 0.0201390993955478
0.00585006965157159 0.0197190194778473
0.00580786063954978 0.0226697885047126
0.00524967007143796 0.0185265501044651
0.00601572065037345 0.0187805849122098
0.0060199674523351 0.0162623331792011
0.00593786832798212 0.0209168096955513
0.0061794481131216 0.022136434042208
0.0059356723675614 0.0216997028890461
0.00579226566052054 0.0202477847640209
0.00560229003403749 0.0242247654549496
0.00607609180767678 0.0197870987277246
0.00686113654312539 0.0206049561011763
0.007281869796567 0.0197469612421492
0.00650770660688156 0.0205955271803276
0.00655989839676864 0.0200868295647637
0.00613467881919753 0.0223189301906934
0.00559691724390298 0.0250100628066398
0.00597304773271526 0.0250407147728784
0.00574219484863425 0.0220633524846586
0.00545938589816134 0.0244259028346812
0.00547235204681677 0.0266105008716869
0.00578190102524226 0.026926372412014
0.00634184112150887 0.0238414518507381
0.00619628894967546 0.0185808198676565
0.00586880908683364 0.0221499789540065
0.0058850303003442 0.0214931536605331
0.00583062153151685 0.0206287389410313
0.00614521257619964 0.0191802491934016
0.0058504341004337 0.0208460335992009
0.00529667997742627 0.0205317306733318
0.0048870326382685 0.0187879863881851
0.00550129568792183 0.0177170344157484
0.00564035280238977 0.0168816603123379
0.00583462759311135 0.0158818684316085
0.00601124481528897 0.0162037775271419
0.00574470216820111 0.0227114129668362
0.00548171178955862 0.0201101156593031
0.00596237623082531 0.01775778314135
0.00526176144638374 0.016758866921391
0.00491248949192833 0.0194400360744581
0.00515525820077705 0.0222231023240801
0.00532227553235422 0.0228054937531839
0.0054178449644462 0.0196838754441637
0.00549165969610956 0.0194630338327525
0.0056029634700693 0.0192353847341051
0.00549157859236192 0.0194966440151559
0.00513768066708651 0.019705426714456
0.00476682410655279 0.0170607404250399
0.00490889369847183 0.0181000534306914
0.00522696786954513 0.0186459161244875
0.00559020354015347 0.0190227146361105
0.00594025386669129 0.018166487116084
0.00544697677136833 0.0201753884954889
0.00550983172208705 0.0220677006728535
0.00579255095478321 0.0196376761139262
0.00660086503179221 0.0196501599607767
0.00668168516252063 0.0219327858378306
0.00660505439746941 0.0217634540147225
0.0061757042281205 0.0179466482804618
0.00560495680538917 0.0189224544426482
0.00566419372101022 0.0179996134943621
0.00543145752146794 0.0177201257350944
0.00535821623668772 0.0179465725140976
0.00566797429491118 0.016389565535056
0.00555786850473591 0.0163820107630084
0.00502292657971187 0.0172013376055079
0.00473491579051972 0.0187092796189653
0.00514136517474422 0.0250890954298673
0.0048138069012916 0.0232657384085201
0.00481967535040675 0.0241025389458669
0.00441430855126037 0.0250691408463852
0.00454028325149569 0.0227693708713614
0.00449632990792355 0.0184953583603611
0.0053194102370196 0.0191714240468843
0.00543955672025645 0.0183690248062644
0.00561220778440969 0.0184121840678539
0.00546322102186174 0.02064835656242
0.00611345097509398 0.0170366936290109
0.00563068078319608 0.0189199672296808
0.00593702442551308 0.0177004167652207
0.00615984528710906 0.021762859823469
0.00581776041302645 0.0189845612048586
0.00551210953437146 0.0212657703314194
0.00569685834291813 0.0209150271918508
0.00585062719389789 0.0251253056865978
0.00581742753441322 0.022852772682914
0.0061051710137262 0.0252072735725371
0.0057957373641509 0.025003460857956
0.00559183761975671 0.0224277022865716
0.00485496555416384 0.025624909029471
0.00531106683301333 0.0211233417293521
0.00523985856300352 0.0217171574959875
0.00547594119151291 0.0200211417601704
0.00577132899471541 0.0206934862056938
0.00544771909012243 0.0197399810380677
0.00592899723379218 0.015830352106986
0.00579186992096895 0.0189357193183454
0.00534448518901838 0.0193406167098737
0.0053924984731868 0.0204472454579721
0.00619125474248616 0.0189153634552555
0.00573896193465457 0.020102594740177
0.00551975403330101 0.0182690605041206
0.00574682264440973 0.0211067227581089
0.00595779591893119 0.0208113609532068
0.0060102676118289 0.0208071627808852
0.006099068315321 0.0193516806868951
0.00596226770866649 0.0190426099927224
0.00607326294962094 0.0212836959857123
0.00609483805972572 0.0197096966763672
0.00617790902902994 0.019678871333394
0.00632403844516477 0.0217005914188614
0.00665123492781068 0.0192680790273835
0.00669689725025042 0.0184575990455548
0.00654329635069497 0.0207680642087516
0.00616804233624288 0.0212040058453838
0.00594260814265435 0.0203260525618519
0.00619877546333172 0.0204202447846956
0.00662017265536632 0.0224609630760073
0.00607492636673269 0.0196140401572508
0.00640835618046717 0.0212420490925943
0.00571018713321751 0.0257605184403976
0.00599446491201217 0.0236135934515647
0.00607094716640852 0.0207040390579878
0.00575850356694462 0.0231887056723203
0.00599970861500076 0.0218253689931712
0.00562325085012011 0.0199947693598342
0.00548757904186234 0.0211225121873031
0.00531531359640081 0.0227963514084321
0.00566944346321717 0.0193896004868177
0.0057296358352647 0.0198486972372678
0.00511818562432669 0.0185019924901584
0.00464453922218964 0.0206189260611385
0.00480325484860711 0.0188011612105262
0.0053230201012321 0.0160333584269358
0.00527240669978636 0.016322292457664
0.00577428621768252 0.0184650089896473
0.005804354540261 0.0184238968134093
0.00577604652504343 0.0146647410991261
0.00543132456778267 0.0203485919499452
0.006392773295417 0.0193319838965025
0.00579997095842979 0.0202246772288757
0.00573812873685778 0.0230567677828991
0.00641509392596159 0.0195491414292362
0.00679839240294806 0.0208272446765195
0.00649914591602819 0.0188334333653283
0.006481981569927 0.0211533304395581
0.00608741937832448 0.019862737746581
0.00587278701028495 0.0183516245301414
0.00611026597858386 0.021070296244114
0.00619513880048341 0.0219440966850405
0.00563665230040849 0.0161352856551224
0.00511205636207885 0.0196383233487704
0.00481397606844034 0.0203775165123332
0.0046734272935696 0.0209240782412674
0.00508470243836493 0.0206489645129726
0.00514090170117367 0.0196180732793342
0.00494270310803028 0.0175575219076819
0.00568441950451992 0.020174257195004
0.00586128707466798 0.0227551055280283
0.00562934073430881 0.0231959575280816
0.00599412523683881 0.021877016229219
0.0054602476735084 0.0220149121747086
0.0054220764621502 0.0223709052701638
0.00513894567344525 0.0194844277972801
0.00526757727745035 0.0213816992508967
0.00524935706020523 0.0183604656084611
0.0061313275553225 0.0180253780528749
0.00600641487528466 0.017849056461299
0.00549625685319882 0.0187617468490517
0.00608038864328335 0.0187430871395125
0.00637025136070641 0.0184808358066476
0.00691745084361057 0.0178756507977927
0.00684453665199993 0.0167935302729205
0.00656365143914772 0.0213052230311422
0.00700777448203406 0.019827742048918
0.00708010436624187 0.0187093497756612
0.0061507521283878 0.0174565911277046
0.0059858992507586 0.0194596518073083
0.00541191132715704 0.0202442647188796
0.00544701653873448 0.0221607370425048
0.00584218291165796 0.0196730500118263
0.00540226055165342 0.0203575862240948
0.00454417111284011 0.0214394485070876
0.00457017341183963 0.0213758271052361
0.00463848656522442 0.0175392570894422
0.00481786360372418 0.0168126297743975
0.00533070429970948 0.0180282252503824
0.00518783206964342 0.0180870747213839
0.00563411981848978 0.0174670916541724
0.00549033613632357 0.0179486326241669
0.00528154611821027 0.018969482547166
0.00584065049921185 0.0210784323684029
0.00595979294142148 0.0223472197192794
0.00572033965135319 0.0231805337719047
0.00621630440314998 0.0220770550085736
0.00643367525702498 0.0227971229929785
0.00614139949010478 0.021089870283214
0.00680626106949817 0.020411143268804
0.00697866878168622 0.0208933100343895
0.00671874134684391 0.0246287050347467
0.00657370541416776 0.026339979557374
0.00698441533251182 0.018019376055378
0.00704092144682496 0.019852653479106
0.006569619611377 0.0214089378774781
0.00685171743435348 0.0192303952898904
0.00647806279914776 0.0194444703631011
0.0059644837730166 0.0201025426591693
0.0058757293913478 0.0209817030756757
0.00620363445885093 0.0234215203941084
0.00607161030104643 0.0222873860481695
0.00575738931373653 0.0216099722485655
0.00602852740378078 0.0201431996884326
0.00631299392020822 0.021244031892548
0.00630988879586113 0.0233568912196316
0.00558963131287722 0.0207924744129003
0.00494028587095956 0.0216340864758878
0.00511792078750617 0.0217891214393692
0.00505951124043816 0.0209199742468997
0.00566027440281925 0.0174585590570448
0.00641339802233688 0.0169257764905246
0.0070893435389699 0.0198429151655273
0.00709342722634497 0.021139658318198
0.00677947020207589 0.0193381498269092
0.00671635971840309 0.0192158856114597
0.00639837137015877 0.0209957492560752
0.00621503009867013 0.0214778641056558
0.00643323918917354 0.0213177915330986
0.00596982442447279 0.018938544921119
0.00602815093202031 0.0177177084153865
0.00617469613143451 0.017709485726427
0.00626165854370686 0.0187943700112732
0.00659529414036518 0.0198672246924635
0.00638140334656884 0.0220130549414254
0.00598477951315784 0.0193570523196491
0.00621489843347652 0.019731536032232
0.00610496765905311 0.0182139008778719
0.00599911981650187 0.0199736569126769
0.00610486902373057 0.0184206261145532
0.006082440847809 0.0186780178836035
0.00585199125571836 0.0184220305012897
0.00579554799982489 0.0209355284692414
0.00622204017517567 0.0206513284689092
0.0059918968715507 0.0221018223985883
0.00588080394320401 0.0249623154246924
0.00581355247621617 0.023086312071882
0.00621672291239274 0.0249361208896632
0.00587160457932791 0.0247559232916264
0.0050231765912206 0.0238704533931714
0.00508817082386586 0.022109781446474
0.00523269608836684 0.0243785778804677
0.00576906739074705 0.0240787375280862
0.00600026764557601 0.0244936873779214
0.00609309994255291 0.0229287294899451
0.00592651165247899 0.0194539850743451
0.00545193893576843 0.0220056345405534
0.00607784054674589 0.0212865618037626
0.00580518164003539 0.0183485110041273
0.00550997867665138 0.016803623811253
0.00587042471137567 0.0181621881585221
0.00617981187825651 0.0193227286655832
0.00682109449418543 0.0218400169985125
0.00688788406726801 0.0212433048935638
0.00634637588351877 0.0198759663380722
0.00605431939006758 0.0217989749481583
0.0059585481954259 0.0238195737977229
0.00560435400512465 0.0221236951702036
0.00581875397529044 0.0249585601716879
0.00624483955718524 0.0232848342131389
0.00632703844212926 0.02187640663206
0.00666410398073708 0.0178099514702049
0.00663677698439181 0.0186642935059534
0.00635660788195245 0.0207584530522435
0.00595959773162532 0.0233840000485345
0.0067180967769152 0.0221941950141369
0.00694583307147205 0.0242303785367144
0.00698486305228878 0.0245380182876349
0.00657393456667296 0.02273837101522
0.00751228128068363 0.0213787647426366
0.00671659921635681 0.0226750019010006
0.00628014798866889 0.0225033149981969
0.00673176269139982 0.0232640412616225
0.00666549778262345 0.0220234175131712
0.00643264821680044 0.0220774354819436
0.0057944441762657 0.0193271989113285
0.00536091862855222 0.0169352370432193
0.00519969233630573 0.0170898534915626
0.0050037555419635 0.0187416120313029
0.0055849776188849 0.0196574816834818
0.00584579968343487 0.0223397780589489
0.00559978410124253 0.0190305914221683
0.00596235232699176 0.0198574123944065
0.00608427920141954 0.0194828431264028
0.00598886396863817 0.0187394729072749
0.00607492993137485 0.0174021882783817
0.00564852223741582 0.0179289389643846
0.00570530555980159 0.0201991248920332
0.00571493097179169 0.0241754363596331
0.00557695092789168 0.0190749609139413
0.00609706928779634 0.0209007688213843
0.00588737798034869 0.0201944781100772
0.00562516961134229 0.0211326491124361
0.00606404857230899 0.0186032235825076
0.00612689624235782 0.0218351996343499
0.00589519059844416 0.0234486387126574
0.00627048140689126 0.0217318158349248
0.00634410441267812 0.0234203342324684
0.00642365855748641 0.022542642068759
0.00704183417477241 0.0244403155365205
0.0074479417548251 0.0230677170560321
0.00691670188757962 0.0228717518855514
0.0065802491086477 0.0208588556322018
0.0061562321735108 0.0211442704069143
0.0062728566464083 0.0210763812115915
0.00599658180857948 0.0215776065927534
0.00658584215665154 0.0184764103923763
0.00661626510032889 0.0201652062447463
0.00653643931909642 0.0224131520431253
0.00653005504504265 0.022108479168584
0.00647288179426245 0.0227406126046677
0.00645816686634149 0.0234177892221814
0.00706395602638089 0.02279191988233
0.00696080786107838 0.0197586240576496
0.00730105994992135 0.0232015371233794
0.00718687567352283 0.0251655642076124
0.00663598195664016 0.0259305085484039
0.00703018294861734 0.0245513167527845
0.00702042382309147 0.019154306475298
0.00684616774149052 0.0183686921919765
0.00611327790676441 0.019559022452315
0.00591851824230786 0.0207671912612247
0.00609903185008109 0.0230106573838877
0.00613594304104699 0.0227930406970577
0.00600121190971461 0.0231432430377513
0.00597123146340166 0.0223700741337027
0.00601024019098738 0.0213205493338525
0.00587934809624479 0.0197391106665635
0.00599320430514379 0.0183413753905674
0.00652833321717143 0.0202840977868301
0.00671305532045341 0.0204009930104676
0.00639656049896652 0.0196483401613468
0.0064881182359004 0.0200690489791162
0.00655195142531031 0.0202200223933625
0.00594973106744707 0.0222415259734231
0.00570879206371602 0.022766073571008
0.00522424146706734 0.0233555372640815
0.00531570296434448 0.0222420486038843
0.006072856432899 0.0201607083068353
0.00602411029383785 0.0207418435046026
0.00619120025979092 0.0240858846771158
0.00618891782821418 0.0220130747253429
0.0062024887744612 0.0226554630759734
0.00651689942823568 0.0220961787140182
0.00683294585813319 0.0222243109057268
0.00704902143054645 0.0211747596318446
0.00669768303269765 0.0197942042234383
0.00606378956663437 0.0184580322061057
0.00591323341516959 0.0229143389369041
0.00603017654854552 0.0207813896854441
0.00597378825301401 0.0207663529917195
0.00594150116953086 0.0208733043832001
0.00569484460823326 0.0204182502258522
0.0052144645891833 0.0215533585757513
0.006085237980738 0.0202176181472161
0.00671442819518373 0.0196001478536262
0.00688149847350258 0.020818779029902
0.00681061962926746 0.0205996961413209
0.00636779833020234 0.0162914055954862
0.00659184209711673 0.01790232848037
0.00637906788699018 0.0192655629819426
0.00575192878223737 0.0204646123064116
0.0054652925999848 0.0247070063081009
0.00561151038047792 0.0224864900894142
0.00535947334984013 0.0231133532374114
0.00501535672547626 0.023190367234149
0.0050597407506654 0.0225120727957302
0.00544107140952515 0.023648455570936
0.00550805592508904 0.0229537507417487
0.00545106322551031 0.0199002417349874
0.00594533593233382 0.0226306040261884
0.00551629826560229 0.0191997887159108
0.00627768643267814 0.0189400549483483
0.00591921812273514 0.0184809207789501
0.00564672422133478 0.0187082433029403
0.00621440067744091 0.0199196425029046
0.00624624857679064 0.0203391345942522
0.00603335603139976 0.0188769953074927
0.00634158577860458 0.0169336923229261
0.00674426024024457 0.0156659831490496
0.00640413030108073 0.016643638611994
0.00560836666925823 0.019290398810238
0.00592388579752069 0.0196077728050137
0.00575954112592081 0.0214712561335078
0.00602720508119569 0.0218166214533394
0.00633883089008881 0.0194184247632078
0.0059538498568915 0.0184119332771683
0.00658470230483587 0.0188191731782924
0.00671624186406264 0.0155122095384536
0.00682664540322222 0.0195660307174885
0.00654582745188169 0.0212016889065244
0.00616571257257301 0.020613636511474
0.00550785037504586 0.0208490881020463
0.00632718891171426 0.0198034469185144
0.00599515276032184 0.0242656902424048
0.0059932615550228 0.0213755466472902
0.00656927923255196 0.022427114939352
0.00596446964652865 0.0239508933343861
0.00613364153630868 0.0221696895782108
0.00663725668671126 0.0221420179384353
0.00656111855244926 0.02065287619089
0.0068480439579819 0.017968608791331
0.00653708308974705 0.0190006099891032
0.00621640699042792 0.0167701908487772
0.00614186924963278 0.018522133862162
0.00623281742699904 0.0199625661811865
0.00606502868621908 0.0199012381367013
0.00577051578529082 0.0229169092716636
0.00667503969497487 0.0183262523173536
0.00750843758761205 0.0193553858090273
0.00708894902724514 0.0203261559272834
0.00713314528811391 0.0238189768426014
0.00715583244222382 0.019934213103558
0.00774136066436488 0.0199943113565445
0.00705028494196145 0.0191913878757482
0.00696800336785738 0.0191261498881749
0.00681288518140612 0.0188146718834773
0.00684807226515475 0.0191252112828675
0.00683555012522018 0.0198576193290399
0.00718641202593852 0.0201924508515936
0.00705902869843624 0.016264132283002
0.00688998896013057 0.0198546810932785
0.00696231267141703 0.021448459012324
0.00667266117567012 0.0190071764114242
0.00666288511259301 0.0196364098188276
0.00673738207427945 0.0228032032113777
0.00660460735546514 0.0197009985515684
0.00674484238190836 0.0172159087944521
0.00650067001553752 0.0168851182056884
0.00687768096667262 0.018179392602457
0.00693558501861136 0.0184230623819436
0.00670286463384743 0.0205328330507096
0.00743586390552842 0.0227286099832022
0.00709207684359261 0.0227210204924291
0.00725313525319683 0.0195391866780133
0.00761105202130817 0.0182080738407279
0.00736150532781471 0.020960881384253
0.00721513309000822 0.0199296471581432
0.00672124547648675 0.0213664413444464
0.00689609279007677 0.0205113324428171
0.00672693845726495 0.0191551679501666
0.00690644006549201 0.0235532548034807
0.00660652448468123 0.0217438054188201
0.00671159119091643 0.0214271820934996
0.00581551396257567 0.0213822273450287
0.00562567958373825 0.020279839813944
0.00573411869584597 0.0197672344593365
0.00537470807990303 0.0221792935715688
0.00525057176413207 0.0211922828011143
0.00462145867875943 0.023113907128534
0.00453949546320332 0.0223859593754739
0.00498540163704699 0.0192641278839656
0.00534164396271835 0.0186335248378147
0.00612541596889164 0.020868819320499
0.00503971738985689 0.0199299094768425
0.00504502034896213 0.0210662271326803
0.00547055149738568 0.0219445413688652
0.00577678253468309 0.0214478184289982
0.00584620333341024 0.0224457632045278
0.00595277577221667 0.0220552644682406
0.00615674257016499 0.0241060308435761
0.00553309826579419 0.0235583641963433
0.00542115080779049 0.025342080935992
0.00523925247382232 0.0220265926116753
0.00519750454992933 0.0200665072262603
0.00518347327857105 0.0209782848155311
0.00520255618941239 0.0189739799684979
0.00528232426122174 0.0204184604976351
0.00512086475419243 0.0240484824651187
0.00512726228628782 0.0203940708012062
0.00519721843001769 0.0192321954836325
0.0051350713641602 0.022872696930212
0.00480936799266569 0.0201304228813852
0.00513476818044033 0.0215456928622784
0.00577757749119358 0.0192704022729378
0.00605717219252068 0.0194759558199004
0.00667957322860296 0.0208347203951736
0.00640734933204701 0.0235158541103861
0.00618072981634245 0.0231792612602
0.00614755458949775 0.0216336606436781
0.00552160223896344 0.0210113424628669
0.00490816910632583 0.0210318685742889
0.00495547376908908 0.020145046177245
0.00503865492564577 0.0187706571880592
0.0055644125540925 0.0205479900799377
0.00567764322733114 0.0234863526452227
0.00596160623437203 0.0230370404669095
0.00582139859560581 0.0243507560458187
0.00573631085772938 0.0234180706141891
0.00568639138061476 0.0204787997981939
0.00580129464886349 0.0220392797720916
0.00571164324520628 0.0239393801460978
0.00614475362648951 0.020942469540348
0.00599022740021763 0.0195936188416906
0.00634963534391973 0.0207624293803966
0.00620535638636776 0.0198681710080069
0.00573444011628403 0.018163601716687
0.00596516913030015 0.0205992077422593
0.00536972907570158 0.0200214995596058
0.0055954636920052 0.0200321027366459
0.00585448469896794 0.0191508975082452
0.00577390611221197 0.0230306527875507
0.00574365638876383 0.0244860983555412
0.0057036321679276 0.0199851091282438
