0.1 0.3 0.5 0.7
0.00177765736783676 0.00302286546433281 0.0059526221429192 0.00997428132952105
0.00178964694416697 0.00403861494604743 0.00645318843652844 0.0159914990677784
0.00182963317947 0.00416969352672454 0.0103611896365892 0.0263560644362461
0.00189135652953162 0.00474002973133504 0.00980897761846953 0.0203943896818128
0.00200370616771473 0.00567182211350811 0.0118139119367599 0.0199943714200873
0.00213774093107373 0.00618532174715532 0.0135654637469358 0.0190966699239257
0.00228947849298009 0.00680147298816734 0.0131965341736604 0.0211621722500755
0.00232134987042184 0.00627586260232593 0.0131692170743647 0.0247884275400471
0.0023383292261184 0.00609709800811724 0.0162478504390238 0.0242377896062822
0.00229410815391146 0.00551103290097044 0.0121376619266521 0.0214139931022889
0.00226744688124494 0.00530342315091225 0.0118294058041027 0.0243337525323684
0.00233488853162268 0.00482949290453101 0.0144074545482088 0.022346553395138
0.00256519487552872 0.00714816514436234 0.0144380808598637 0.0199201705767577
0.00264407934719437 0.0064989524456662 0.0154061616823455 0.019959206768144
0.00276096259254022 0.00585723032626202 0.0129763846213477 0.0253592234649151
0.00287002727876471 0.00587934062607595 0.012790974771643 0.0190635901203808
0.0030817379947049 0.00609104271162521 0.0107694684207367 0.0203415153825276
0.00297920716567741 0.00675205602704175 0.0119861382586379 0.0243900806052555
0.00253060956146136 0.00671991491288321 0.0135450376226728 0.0258759207590923
0.00242853763064177 0.00706635177475345 0.010944922476117 0.025184746906172
0.00234128598628433 0.00742453969123221 0.0136279747743151 0.0254318231605122
0.00241124998115715 0.00662040898607084 0.0133905009537299 0.0246730548883577
0.00231045228417056 0.00618977760858724 0.0125357392748278 0.02230177531206
0.00241358419711579 0.00578923571499483 0.0118145995838687 0.0270454085267527
0.00267695858460188 0.00592136126274167 0.0129147639985632 0.0241828075239003
0.00250284858044889 0.00698321138109245 0.0114027163959558 0.0280882742311062
0.00260956504971624 0.00584018672985924 0.011043631273322 0.0243353986073352
0.00241738710876761 0.0064325367569354 0.0125060630704223 0.0255065262230504
0.00252336469766987 0.00724368664052005 0.0115904945752395 0.0282820479562631
0.00252239784570627 0.00809996813457587 0.0110971584346277 0.028406819343489
0.00228136931377163 0.00781576878662704 0.0135728673853352 0.023620573359858
0.00231234972224634 0.00595988036467953 0.0129546380438913 0.0281458346501584
0.00229613947695872 0.00552005693598317 0.0139050857940364 0.0327876215434238
0.00219477609409728 0.0062347352894605 0.0111275860748908 0.0297135569840408
0.00232192305886382 0.00663301916611699 0.0133006483658306 0.0348515660859622
0.00254640784169026 0.00749155835814021 0.0104208511438368 0.0323033983353285
0.0027104231784022 0.00722657451778327 0.0103683762049426 0.0384453534865618
0.00271983386653873 0.00687307492238889 0.0131163105764788 0.0394516159809479
0.00271800136957652 0.00669616114072996 0.0142329138168148 0.0472098186111958
0.0026122931539401 0.00660351859797884 0.0142963400630056 0.0479952182337546
0.00276000875323954 0.00637450969394088 0.0145457066477309 0.0507683292866883
0.00248453619712687 0.00711602060703916 0.0155348269490752 0.0522453629345678
0.0024026387934141 0.00753480147153889 0.014302163180999 0.0586615598329493
0.00237359360646244 0.00668880772941456 0.0125721060797595 0.0520506381884024
0.00273528828833372 0.00749412975403968 0.0134753073209595 0.0514293285607249
0.00285377272887938 0.00655016180550976 0.0144238887327723 0.050577075040649
0.00291045815307644 0.00610915278235248 0.0126547902177953 0.0512648764349059
0.00282194257510961 0.00609620907880411 0.0132770065619479 0.0569752052817618
0.0028025687691812 0.00790875687859035 0.013245263615573 0.0524843534232667
0.00263315998314843 0.00688780842633734 0.0130569261797948 0.0505615662771265
0.00271712228605547 0.00646820248107993 0.0149910843094047 0.0475829510176407
0.00271586518762029 0.00743498273318448 0.0178128166364248 0.0477130823464177
0.00277691960368703 0.00759834568215642 0.017486344109068 0.0518907577875926
0.00273475872700422 0.00641840141356237 0.0160582309243529 0.0512007764829407
0.00254424956731362 0.00690106831580871 0.0151784236620462 0.047173004639501
0.00250782450068652 0.00563903033275964 0.016461211227667 0.0461501951525763
0.00247193887309137 0.00620460767336953 0.0162740073202916 0.0427742770451064
0.00258657928908949 0.0060510957513774 0.0167878980043232 0.0430589558953361
0.00237945570037866 0.00710278628239176 0.0180564723459674 0.0362776172932607
0.00226574742879682 0.00633302564444731 0.016372284944921 0.0372095123078566
0.00226251664822957 0.00717078384861208 0.0194533093357036 0.0365687567537826
0.0022639642444045 0.00730807308820964 0.0190619924577409 0.0377289561510898
0.00233090428496196 0.00668311833074323 0.0185034403197831 0.0393448261500476
0.00239060225528015 0.00638694176584315 0.0187932223970445 0.0287546351806429
0.00231926890602246 0.00567771844704044 0.016671308749619 0.0324283286624748
0.00239134935656704 0.00630861425399017 0.017806386403328 0.0358449734940974
0.00261152310327708 0.0060367716321899 0.0197328208087735 0.0297782313577833
0.00280331137140574 0.00664497888514033 0.0182484286139135 0.029409432517693
0.00256262182135828 0.00674609274807704 0.0203217516135711 0.0333867518450118
0.00255706899115218 0.00650541805293373 0.0199424243394407 0.0310174051112144
0.00259422982851465 0.00688865630110255 0.0213817094583311 0.0224778655211863
0.002609982555107 0.00649133617251902 0.0207875860247635 0.0315605657590699
0.00238859167091021 0.00628004424069124 0.0196116336523988 0.0275385460665272
0.00249305044155287 0.00571163248260188 0.0197781710512429 0.0265377830395696
0.00260373054663321 0.00693979156039543 0.0202346218705144 0.0281648085856717
0.00238866707359391 0.00737325020467752 0.0211275455671945 0.0262580408863042
0.00226162750907904 0.00687781290508468 0.0223095463194017 0.0302526226915832
0.00235592887869335 0.00746985470013583 0.0233436140688854 0.0282826411346067
0.00221892106473914 0.00709965959237009 0.021201094596929 0.0239204819191553
0.00227694826382207 0.00711421739806773 0.0188292231468553 0.0248107410507366
0.00233021416338651 0.00602227238846592 0.0209482275541735 0.0224566517233699
0.00249206715084115 0.00648415822748471 0.020883362308966 0.024130976063061
0.00259217859915078 0.00624008476671369 0.0186578537844428 0.019048053972577
0.00228740629434726 0.00564086682223521 0.0199589303428815 0.0214825847473525
0.00250835863419729 0.0067624655758424 0.0175959174297002 0.0266547840868012
0.0023579869050615 0.00608966944630663 0.0163802569860098 0.0288992400311753
0.00232076701289673 0.00644725377125931 0.0171873918312009 0.0303756083531419
0.00217519254811208 0.00621614063574528 0.017603068289406 0.0255222001490634
0.0023102003981829 0.00580906456305039 0.0177052370727781 0.0283920336691105
0.00224257660056336 0.0054531419911385 0.0186175229594814 0.0267791800227438
0.00218347000803064 0.00561953710293799 0.0176513278296519 0.0239369218607801
0.00238621393190452 0.00712937032347233 0.0152506713137356 0.0238654909834868
0.00212785993950229 0.00710961253612033 0.0165125025484805 0.0257000530015207
0.0019863198597174 0.00701096912178138 0.0174947384481486 0.0250631404309823
0.00219511405723166 0.00611996117288879 0.0145345407914756 0.0267275459299218
0.00245725697155443 0.00719828927322765 0.0176462402698039 0.0263745531941426
0.00246159332937222 0.00682920193121693 0.0165922793129576 0.0269597187739695
0.00242994795481798 0.00743548394398019 0.0135939768939605 0.0280755515203898
0.00245920494503649 0.00748585009727957 0.0172360823710648 0.0206856999310438
0.00233237983555028 0.00640166240559505 0.017361117964086 0.0259840629379077
0.00238585930743311 0.00669974840549071 0.0183326262882163 0.0209983213066461
0.002392565452414 0.00646240795660608 0.0177262728006696 0.025034163617652
0.00244682187535182 0.00693013237021777 0.0175274082971722 0.0273250460612168
0.00240954006271236 0.00669942554171362 0.0133605743732775 0.0219300565167821
0.00260861409741249 0.00647960576306869 0.0168509873082309 0.0250685106937763
0.00275242326294896 0.00710734708964727 0.0145419310383687 0.0239424893723439
0.00294247887698029 0.00717911182680627 0.01500151949228 0.0218726309986468
0.00300885111692185 0.00732775775479661 0.0127040724906839 0.0279572480463909
0.0029617531479762 0.00800421986556084 0.0159830686839527 0.0263478475770725
0.00302709421632542 0.00747171151219239 0.0169748929900143 0.0296434582741682
0.00287540886878834 0.00830346889361656 0.0160066168180305 0.0267892327158734
0.00302848474070058 0.00737809730543031 0.0149018243459477 0.0303177381277883
0.00285369277908283 0.00769245390314179 0.0137611221282311 0.0260538385997769
0.00290423782700113 0.0077529162439488 0.0148727068616682 0.0217814129882078
0.0027648659133481 0.00724509974064047 0.014817866670927 0.0257655983771781
0.00317281316246311 0.00682152588740705 0.0149032264912183 0.0268583860006779
0.0028211117044514 0.00703795453476411 0.0134545678581704 0.0254846997433431
0.00252266111911382 0.00818194534994361 0.0207137009156271 0.0291966334096099
0.00246794999941757 0.00799130493906101 0.0199336144634656 0.0275351796692263
0.00266515102924737 0.00822144180984986 0.0168076641866129 0.0263627528553488
0.00247522402402556 0.00838665417421073 0.01464490544651 0.024656854257517
0.00247168064635208 0.00736478086752106 0.0161175404376751 0.0268405748586044
0.00244555971781918 0.00609581321711467 0.015085461349782 0.0212425294717865
0.0023897523784745 0.00697477474754092 0.0160066092589785 0.023766800621391
0.0023630029402621 0.00679584084048948 0.0135952664822684 0.019339344007817
0.00236835605358259 0.00688776360105807 0.0137142826836111 0.0237319880411075
0.00225057115287866 0.007733393940677 0.0139685869723471 0.0278220618955528
0.00244917879484929 0.00771782407559886 0.0136732222246594 0.0209444675506826
0.00232297621513685 0.00838209339164103 0.0152102834483918 0.0260151775597217
0.00244841096133994 0.00738792349773318 0.0124774669273227 0.0223833144741999
0.00250874350539855 0.00755921970530511 0.0118907262278331 0.0251881960714396
0.00242392965572635 0.00790920957930616 0.0134754749616213 0.025300417746091
0.00226027241745826 0.00701694236607731 0.0146028415645108 0.0247523460779299
0.0021622616476382 0.00592956150591584 0.0118277728099076 0.0207189893920095
0.00223076289926226 0.00741342569427845 0.0143874106965084 0.0222460454891859
0.00219090037996666 0.00705076962929509 0.0129833040458477 0.0225754147975161
0.00230214188547678 0.00779144075993722 0.01376861511714 0.0252239903758494
0.00234284395691206 0.00844507220997843 0.0158858464202098 0.0243218174626248
0.00236643244925479 0.00842694416676043 0.0136165587218604 0.0295528949595695
0.00268341975244646 0.00821478339030583 0.0122810687563561 0.0251273543602358
0.00258881635248234 0.00821522637738633 0.0137018312754545 0.0234011481313247
0.00243329233317357 0.00801868333675475 0.012032373169267 0.0324179672931962
0.00239768994412522 0.00808993529646865 0.0143888049459301 0.0239375941722687
0.00243639622240282 0.00726428428726574 0.0132225490227995 0.0233297607495413
0.00229423956061754 0.00828682944233611 0.0145967074464804 0.027241305550273
0.00233267707402335 0.00825072245474035 0.0128617939956765 0.0260206919164872
0.0023090000849456 0.00731052316142658 0.0137853756258068 0.0228284840943078
0.00208565256746519 0.00790505856831776 0.0125989538222557 0.021780278904178
0.00202492035789712 0.0077240489412852 0.0150440173692746 0.0271873303657163
0.00215182480596023 0.00765408744283237 0.0140399156128422 0.027827565262971
0.00213520260332482 0.00647990856979181 0.0120866331989363 0.0247543816547701
0.00215068746738492 0.00822326366359054 0.0144498213925544 0.0208805972967539
0.00214983421999896 0.00835318034390838 0.0153889281306057 0.022960564271327
0.0022218827816339 0.0088598337786832 0.0147945846725056 0.0228625436253899
0.00208417745777406 0.00815744545166295 0.01383777517828 0.0262814661291986
0.0020370432909696 0.00861635100653815 0.0142782399348563 0.0273379778141079
0.00219691457207452 0.0078021377697888 0.0134757192099465 0.0274943470764386
0.00235064559500259 0.00910376187689938 0.013171461459421 0.0226559587458067
0.00282630020639183 0.00838173097053665 0.0150077191953738 0.023554050774668
0.00276208702775695 0.00855558839984213 0.015146571348991 0.0237446753231665
0.00280705794850019 0.00873338615298769 0.0131424992622044 0.0231899316312736
0.00264124805480624 0.00849096991610726 0.0115517046514822 0.0248770865026745
0.00241945484234029 0.00910893539150284 0.0146033140806845 0.0253873312673096
0.00244094933554412 0.00868057246762817 0.0140925266340894 0.026603554237424
0.00256793624229723 0.00849104230349936 0.0144032629682282 0.0256918044551068
0.00266369238649698 0.00924647744198537 0.0141492333890018 0.0231882066398155
0.0026463840823567 0.0082148137775642 0.0117158848147434 0.021581993483978
0.00272230133614263 0.00798077023827534 0.0132242083364632 0.0250499483143698
0.0023791087242566 0.0080895620310726 0.0102082842604463 0.020897900159936
0.00255175510688444 0.00842587451326494 0.0104475627650655 0.0231318103850772
0.00266958775079055 0.00692377476872132 0.0110523535757484 0.0286486838883984
0.00264567505151463 0.00813657307552852 0.0149478477028317 0.0267666788231936
0.00260715326403237 0.00872244546811455 0.0145450387227826 0.0238875607952683
0.00247934007869705 0.00838456524472703 0.0167795583969878 0.0262463985531647
0.00254130716777026 0.00849638537225269 0.013910969045215 0.0267675720805107
0.00292161646783758 0.0082461286221058 0.0143915440198163 0.0277410312617837
0.00292974444214629 0.00812783418474174 0.0117548985846146 0.0231483520539232
0.00306097386676165 0.00892701435925089 0.0134666032185505 0.0218936164842352
0.0032200119062251 0.00928295017097266 0.0118477006202965 0.0222191723516744
0.00303240188444362 0.00919816033787124 0.0124185222271355 0.0252076914901105
0.00277648131070204 0.00740611950263816 0.0126211674917841 0.0270902538809614
0.00281712779374628 0.00771354527550792 0.0147542208347855 0.020312335111227
0.00285880351612489 0.00798591443683714 0.012168564966893 0.0243473146904683
0.00276695660124538 0.00754768170446201 0.0123084452653727 0.0270172632049939
0.00278540639459932 0.00825090219409219 0.0125159522439797 0.0225740994696442
0.00269406914139353 0.00904632219727109 0.0129158694258665 0.0226570203890912
0.00275885806727536 0.0080051392984382 0.0119692369119161 0.023623997412572
0.00291031958691104 0.00797861391646999 0.0136143537741677 0.0261250446034291
0.00269588075731874 0.00812684262447139 0.0138810059837238 0.0230054556925175
0.0029081658657281 0.00919096948162089 0.0141853424313379 0.0284947248492065
0.0027718351121362 0.0080423448245323 0.0168656049160003 0.0243403681278416
0.0027798269054472 0.0074013625577027 0.0132325320575555 0.0249243062169613
0.00275961866767384 0.00637058775048352 0.012809846038229 0.0282225022168408
0.0027284766259779 0.00688157828267847 0.0111857514417402 0.0257500172858545
0.00259989938445762 0.00583680424417031 0.0111757817955588 0.0279367308666681
0.00311288621041216 0.00720475537063509 0.0130326016758186 0.0246130165454231
0.00293705141535616 0.00732307579813682 0.0137209362160014 0.0227936039563822
0.00286837010830745 0.00830574499610335 0.0125487616563825 0.0285646219971032
0.00262890937742098 0.00897704303670886 0.0125758466447064 0.0297456826915359
0.00233890863848321 0.00815226063483735 0.0120307889882611 0.0266178304253878
0.00238515791791262 0.00849371777822715 0.0142251735884175 0.021109306564238
0.00222754568678264 0.00749631592354062 0.013916824606384 0.0229964229770105
0.00221247551190678 0.00733243031403848 0.0132120204181586 0.0217148790436038
0.00187746102798532 0.00834143233381297 0.0111592899772098 0.0257646258944718
0.00200805819807188 0.00807695549421207 0.0110987268812491 0.0238288084725548
0.00224236554498713 0.00776476379050705 0.0143283159210383 0.0274945842713664
0.00242092428306067 0.00769123135384492 0.0119811535533521 0.0279862231783951
0.00225546383035926 0.00817674257413412 0.0136845476461201 0.0257008949608576
0.00238076776865588 0.00734861831491234 0.0132882056494377 0.0233642859874082
0.00227607253378844 0.0069701039424627 0.0154824150020976 0.0237416736367795
0.00233709595941259 0.00674052719193037 0.0151417392259843 0.0224832885814154
0.00228829305992018 0.00779198048455316 0.014098770300534 0.0245799541781247
0.00220820688289274 0.00648449587700483 0.0128980709568546 0.0228473342470867
0.00264205669452476 0.0069784888807776 0.0122926704509546 0.0208465401916209
0.00267036597361481 0.00754691098489172 0.0132038987510036 0.0242109016203802
0.0026809316400235 0.00759157232925775 0.0124849596431491 0.0242838583381603
0.00282028074755548 0.00671935516024865 0.0157860810975374 0.0259358354240644
0.00288855761422147 0.0074024394464934 0.0158673636970786 0.0254090639630616
0.00303207812692215 0.00758713617822719 0.011593034808381 0.0234366543359414
0.00287003824204509 0.00719773205748873 0.0109081043861285 0.0220020206649687
0.00289684905166514 0.00736629122859737 0.0117596086033008 0.0210127923983882
0.00257024844031187 0.00716071059799316 0.0128934746704726 0.0252859804150107
0.0026078588734915 0.00671484523169192 0.0126823215646052 0.0225609592922281
0.00265125883042093 0.0072956519033137 0.0142787075332444 0.022131620934658
0.0028035054159636 0.00650142472913117 0.014283982791059 0.0207729174737029
0.0026965753936696 0.00593231630953546 0.0129865130338228 0.0268210953554764
0.00286669857870308 0.00653105209112381 0.0143769312365653 0.0223623320919146
0.00286567933339635 0.00553354935769359 0.0116389547753764 0.0232563954422842
0.00284936270300485 0.0066156300842109 0.0126371865016128 0.0235487062642722
0.00264284497491936 0.0061376480708714 0.0128020422709362 0.0237019718750718
0.00244715579114226 0.00693035812940183 0.0126990491835592 0.0267623423424001
0.00275493524265162 0.00721934943094813 0.0122732165489986 0.0278614718475504
0.00300540696978396 0.00679835441740236 0.0139365310615326 0.0275807412141564
0.00300692340577327 0.00686398357203697 0.0140478770971515 0.0223364922032782
0.00282350199229947 0.0068993210525888 0.0135371767699582 0.0225822977453968
0.00279843369549843 0.00680996386389615 0.0131005705034339 0.0245132239820129
0.00267465908179689 0.00612759856343888 0.0141242180220024 0.026916744361991
0.00250813993653823 0.00617000826029545 0.0134872040810155 0.027665349221071
0.00289004871035496 0.00567707303884661 0.0112314279408379 0.0301464945740648
0.00321831064180134 0.00699870864392743 0.0127393928394434 0.0270331874129159
0.00304402082981752 0.00709809237331965 0.0129722410489945 0.0227558654309707
0.0027010489516151 0.00720976125118317 0.0118543196930713 0.022182121206506
0.00268915245626176 0.00768113289606026 0.012272955519913 0.023428122628409
0.00274930298906508 0.00671584697692867 0.0124923883491699 0.0254311959623644
0.00279586914536977 0.00697589612041355 0.0142976073613845 0.0245992549952444
0.00281334624615614 0.00615433248673442 0.0139863163340371 0.0293960099144607
0.00265197382907508 0.00578429331021372 0.0151729801767032 0.0205272969154201
0.00299831166115958 0.00711243267847409 0.0152958819438933 0.0228154295493069
0.00283590269272812 0.00754414407438722 0.0151015674950382 0.0239445692359359
0.00286584056733978 0.00752597098066627 0.0136151112051529 0.0227483128006788
0.00286903738679214 0.00728283017974781 0.0133899939482285 0.020915383337475
0.00289926929088703 0.00664471176340304 0.0143560540502504 0.0210663109045997
0.00273792801583441 0.00598201166611532 0.0124346483574474 0.0243094978824489
0.0025467347222197 0.00716342323064625 0.0143738797973976 0.0264334683753329
0.00255038578800429 0.00715719902461863 0.0165378783478991 0.0247380048948193
0.00247404180973523 0.00638209429654699 0.0133124549115943 0.022557948465048
0.00249851733478623 0.00644339415751691 0.0123208279806148 0.0307457441950033
0.00272734952003067 0.00737181034518664 0.0126943953518251 0.0238262986919402
0.00259422281419492 0.00735017610421042 0.0142597979634205 0.0272680131609246
0.00257081610278074 0.0078033876514207 0.0131626422847245 0.0262258852639249
0.00226585757854367 0.00752520110207069 0.0131184398867962 0.0258191646157277
0.00228754751565638 0.00701227957203402 0.0127158254531679 0.0249902394232521
0.00242989661720506 0.00674622688267085 0.0153576009003567 0.0287866757374381
0.00221311115304243 0.00658958110307988 0.0154421231199329 0.0281991931775397
0.00218256637883277 0.00737785067646566 0.0115307723548654 0.0260864792615037
0.00238938737784812 0.00693599792876359 0.0151790050151913 0.0226828854242491
0.00245116120714369 0.00602485910154386 0.0160964048734542 0.0271567176610563
0.00250764718529677 0.0069979926843314 0.013150015006297 0.0276204018144326
0.00235805728509884 0.00796472061188712 0.0133845943015802 0.023399140957263
0.00259804352539849 0.0080515766989641 0.0125820857361731 0.0225862146155361
0.00287027122605568 0.00705510802495296 0.0119851869322345 0.0241774356192825
0.00292452289666765 0.0073080646389177 0.0119292474683443 0.027470754272679
0.00305048241455068 0.00717013143420764 0.0114050167915919 0.0243115785995785
0.0029199030573238 0.00597406308961935 0.0119590672696064 0.0232493940785799
0.00289636286946023 0.00721101392539147 0.0130651106175427 0.0293638103235206
0.00283260602050449 0.00641521935343839 0.0127412990102115 0.0252243666736629
0.0029522451762486 0.0061333672539419 0.0124994728659744 0.0246683404703015
