0.1 0.3 0.5 0.7 1
0.00150056720723881 0.00216088697410993 0.00368533352585082 0.00613487053370657 0.00810402132303595
0.00149407323265273 0.00264032654619265 0.00474803036191026 0.0105580270455631 0.00776716883965116
0.00146315882969781 0.00278237985295667 0.00530003998999333 0.00863426851847643 0.00598340248078571
0.00143532129876013 0.00235401798792942 0.00448450146555015 0.0093732114616931 0.00479541245459016
0.00152067602821579 0.00315941237772729 0.00499665820794281 0.0084800691704562 0.00218034609649022
0.00156770983359703 0.0031253130022041 0.0051591933766725 0.00886509766959268 0.000995735186421885
0.00152479298625138 0.00281071456085346 0.00633524619280365 0.00904685814147671 0.000339502864350916
0.00165320190110409 0.00306888115525047 0.00662315250179222 0.0100148774870411 0.000108695768043521
0.00172214285158007 0.00286243604061725 0.0051358055627505 0.00903852830769188 4.32090598750707e-05
0.00166386256400648 0.00315586139483948 0.00576894652379223 0.0122058617695928 2.2476102037936e-05
0.00169502865886177 0.0031686980179496 0.00474347377158324 0.0104782672139205 0
0.00161101866059632 0.00325657839499386 0.00484168392363981 0.0094737830400487 0
0.00166733865353893 0.00298215345714652 0.00581373113258443 0.00879129095058834 0
0.00160185923335905 0.00290999496731523 0.00550051146378187 0.0076302743216324 0
0.00157157353283176 0.00300538122006993 0.0064223353272402 0.0106079311219062 0
0.00164641071096062 0.0035232971471924 0.00567323691394649 0.00960780407904155 0
0.00179427128575356 0.00324993093763231 0.00513059900104661 0.0099963617844077 0
0.00168266056547564 0.00380728685428575 0.00591637381764197 0.009220435259631 0
0.00153304815996593 0.00334255365075851 0.00487841513625783 0.0084626574877709 0
0.00161082117744258 0.00309174407681049 0.00557035567688831 0.0102859661551762 0
0.00173032125687847 0.00268875195131883 0.00558736054578575 0.00742287863925126 0
0.00166144103119717 0.00273598396320681 0.00639472015852586 0.0097746404666171 0
0.00153539307517392 0.00273608645169079 0.00570844114930173 0.0106798041101759 0
0.00143785774111978 0.00271064892478457 0.0047137899549135 0.0103467449021776 0
0.00148706876854826 0.00325008005175077 0.00483229406294387 0.00999323239863749 0
0.00161524908704103 0.00284895724981655 0.00542520804266997 0.0110858297236425 0
0.00158146012992375 0.00315946033385028 0.00598778637620972 0.011527687173916 0
0.00155484688324125 0.00267984019034009 0.00655687007101028 0.0104728082691924 0
0.00152183118469163 0.00312791563579475 0.0059529837258728 0.0109451506544761 0
0.00166106489271839 0.00362692516136721 0.00593787835084266 0.0103535630021669 0
0.00150311071208891 0.00342703897635699 0.00624805569140625 0.00929407322434566 0
0.00146414308685824 0.00321408093872306 0.00524399826967406 0.0121456804652639 0
0.00167778231133614 0.00260473196283753 0.00533758521598549 0.00917154272306017 0
0.00168595853765991 0.00246713483102368 0.00503749032386812 0.0107271705507336 0
0.00160220198872798 0.00282051976237786 0.00550144426610437 0.0117027175778001 0
0.00151762325290311 0.003028483340574 0.00508868978148229 0.0112509017358997 0
0.00155835651795082 0.00280812271843854 0.00546959314684213 0.0115645641316169 0
0.00161589082478928 0.00305476936163265 0.00561600518601865 0.00996776759667609 0
0.00162562820742118 0.00329250620817592 0.00592454720746085 0.0101226759574938 0
0.0015137014755041 0.00316816603217495 0.00526502882150782 0.0111130163182295 0
0.00159680193106111 0.00312899906357292 0.00607834885868378 0.012302760531546 0
0.00166138866843323 0.00324490472867401 0.00522865279707879 0.0136880994018691 0
0.00161860420602226 0.0032084353881711 0.00528002400282616 0.0134563968616241 0
0.0015618575103235 0.00324257515306022 0.00570275590206678 0.0107016124087357 0
0.00155425889308345 0.00288648374162266 0.00542502148265551 0.0114328872865011 0
0.00172994975358188 0.00353594493807221 0.00614149277719468 0.0150029885067712 0
0.00175268507240381 0.00306025363168618 0.00607309989522596 0.0142704252612151 0
0.00174012833767648 0.00314761610732718 0.00635981271370205 0.0136048403075245 0
0.00165910002257017 0.00274109710654361 0.00616491732313691 0.012305500331514 0
0.0018416373175356 0.00285789390503934 0.00541166496530828 0.0138809505838315 0
0.00187954207418145 0.00318656671989847 0.00555935353869541 0.0132034765515584 0
0.00181372800178745 0.00307191296095529 0.0063708047950701 0.012189030942002 0
0.00181077952921337 0.00323368628610552 0.00643150115861703 0.011435007010138 0
0.00194833137808503 0.00258539995223569 0.00587210939682263 0.0138556601297873 0
0.00185792891981746 0.00318603672953465 0.00473512247211525 0.013867367314451 0
0.00193539061296342 0.00279483126735108 0.00594543052846768 0.0126960684535944 0
0.00203243261315771 0.00286749284221377 0.00560191319916013 0.0124279485902509 0
0.00183277229515928 0.00348593371740637 0.00638780952212592 0.0125961180785197 0
0.00175220563527679 0.00330984611894701 0.00645434820963269 0.0114704881057348 0
0.00179814297941877 0.00327474920062889 0.00678710761069258 0.0138566218760039 0
0.00171821955808545 0.00348822951996919 0.00655245028551237 0.0132092663417899 0
0.00170577351440989 0.00324808750118003 0.00675260710147327 0.0129950967964916 0
0.00164923410454817 0.00307895883826526 0.00601962338212061 0.0135932647357832 0
0.001716980274084 0.00311684268736976 0.00540346523148523 0.0128074960578874 0
0.00174140575650512 0.00283041893988128 0.0051524795334035 0.0115519230231544 0
0.00172115232979673 0.00314522984542474 0.0056854462442586 0.0128411505322657 0
0.00165994930333526 0.00318658305192355 0.00578184283537665 0.0117134683924149 0
0.0015567712326041 0.00339801456451679 0.0070884866561932 0.012519602279691 0
0.0016120286543294 0.00301475670707172 0.00586068041349527 0.0111977731365025 0
0.00158088625047037 0.0031998111458882 0.00560604071459283 0.0113288967133019 0
0.00150387144579581 0.00325393946042668 0.00596562276111848 0.0142183496184367 0
0.00147431256783202 0.00337595001132686 0.00583094240016385 0.0125599285997979 0
0.00154598282968172 0.0032985742718409 0.00624974162821782 0.0126457668344528 0
0.00155187476664378 0.00307520826121982 0.00504035146961448 0.0102846730286998 0
0.00160444606329916 0.00315213288441794 0.0062435177920685 0.0109044770420558 0
0.00161481986406639 0.00312805528303117 0.00678340298663709 0.0103505368979084 0
0.00167031055333068 0.00293453715898543 0.00558641038862292 0.00940916619969555 0
0.00163623242878572 0.00278044724959085 0.00544331281172692 0.0106237035057706 0
0.00155163234750567 0.00297292979777186 0.00641538223411954 0.010811147518924 0
0.00168548126993794 0.0030222055028915 0.00565995076817993 0.0101647431066026 0
0.00157306251387024 0.00346344139952922 0.00565267403890079 0.0119874987587023 0
0.00154349914011034 0.00308488533054647 0.00571824592595933 0.0108402021272409 0
0.00158101129397506 0.00300294221846482 0.00666726889461619 0.0102959760489005 0
0.0017452040388354 0.00326396294148988 0.00693923772622644 0.0114481689519386 0
0.00177942944154305 0.00264822969775438 0.00690957830208816 0.00861141585887353 0
0.00172782675420612 0.00331541730604402 0.00540291973269781 0.0100484900288949 0
0.00185767426489972 0.00323070127727406 0.0062894973405282 0.0101834928913492 0
0.00188454025157698 0.00319823593764596 0.00653416073889721 0.009454142562878 0
0.00194615528570377 0.00316167230419346 0.00649458870042334 0.00764078118497841 0
0.00192331751870056 0.00330147796357423 0.00650666693389683 0.00898737232841766 0
0.00189211528648164 0.0025211201075624 0.00476529833397909 0.0111249347340143 0
0.00179832068915941 0.00278302743352725 0.00610353623220638 0.0119604049056119 0
0.00173674651383467 0.00305921357354039 0.00609722201387445 0.0115834459063776 0
0.00166722630049721 0.0028539395971576 0.00613625914564726 0.00975021657933512 0
0.00178663389566211 0.00288204405900919 0.00652210409215173 0.0099543671267457 0
0.00189208217333276 0.00252315468055519 0.00716703018064901 0.00982789008525776 0
0.00186208736498882 0.00303975630343882 0.00627986766190599 0.00979424917852231 0
0.00178859763594576 0.00373489390882797 0.00702657393818675 0.010498899987889 0
0.00176834264465317 0.00347999678097984 0.00732281780226404 0.0115430782431181 0
0.00165814959880928 0.00349479132504809 0.0067259067933105 0.0084756485143029 0
0.0015410571820905 0.00327346052982893 0.00560764158498673 0.0118336288451928 0
0.00159236917164901 0.00322703740767487 0.00691008506749044 0.0109487800069763 0
0.00168697617847546 0.00316963797812153 0.0068964566276723 0.0101375320646444 0
0.00162926984610199 0.00302547126840514 0.00648877767746859 0.00918176313071172 0
0.00181800588546119 0.00335456503050393 0.00637567684583287 0.00864031313542424 0
0.00177304531872495 0.00319465145551084 0.00694093660453095 0.00875557406354128 0
0.00171902330535067 0.00277952232939422 0.00534842227523253 0.0106557149930246 0
0.00175551479154801 0.00307908469396452 0.00556992652665738 0.0100352429006932 0
0.00194100720542559 0.00298326712852132 0.00702297762375798 0.0101938359225114 0
0.00189430838493029 0.00270897301429267 0.00609382761086593 0.0102111874194953 0
0.0018405734248427 0.00326786920850955 0.00610304161321754 0.0103361785850076 0
0.00181018675543159 0.00272702971434241 0.00583844997866528 0.00995126000702189 0
0.00169514026272213 0.00293364852208767 0.00610409178065822 0.0096998845649361 0
0.00170534208563025 0.0027822320667526 0.00665404924637111 0.0089978983598428 0
0.00172380216566629 0.00266755592822833 0.00590464914205503 0.00937704678282991 0
0.00185336602407193 0.00275814381636699 0.00685024243091255 0.00929167494260987 0
0.00187507283886537 0.00303812155881197 0.00700434131714409 0.00994657877590476 0
0.00183593930811473 0.00328770216332375 0.00689171669265193 0.00986273383358567 0
0.00188717992351516 0.00323143424617332 0.00639745699662922 0.0107626175504882 0
0.00182494761003839 0.00345771431866452 0.00545162952771404 0.00937518617478291 0
0.00173239270600504 0.00334163087594511 0.00576438134477193 0.00848709567569818 0
0.00162174920947032 0.00307153457596569 0.00645730342023453 0.00863589751543048 0
0.00155720882533204 0.00252027851236255 0.00521909309827007 0.00799321607627588 0
0.00155465306624581 0.00266686402084593 0.00692192962160221 0.00960422443925697 0
0.00158712206581546 0.00317823343490978 0.00610263115551147 0.0101884813673032 0
