1
0.00129059036825708
0.00248942067527153
0.00271234995779231
0.00286961247225581
0.00323181994533178
0.00285957895947755
0.002918696045644
0.00338255410036945
0.00442618785892392
0.00470107546433046
0.00514787837025771
0.00515100957498922
0.00446632666101424
0.00527532392156374
0.0050386044086277
0.00539387674588106
0.00463148319802232
0.0055335951887332
0.00505624681055364
0.00555038217608757
0.00525545062159196
0.00552506842446917
0.0052984904398207
0.0056460259475963
0.00594935582101916
0.00522936840778293
0.00542737109457187
0.00597728109104476
0.00644925055966057
0.00720863548056172
0.00699343186066911
0.00632732106717264
0.00701093693027881
0.00710911291466444
0.00689798142398964
