0.1 0.3
0.822827487503709 1.05260770924673
0.895749098718104 1.32378242657622
0.964831228237609 1.5460302670496
1.03214256738539 1.73535253338551
1.09638274909535 1.8774337260338
1.15635653330391 2.00448069378989
1.21204101502009 2.10135369457733
1.26644314901254 2.18952721851546
1.31403491801896 2.24723256364113
1.36157572881219 2.29310945934888
1.40694553383467 2.32994045082443
1.44785064452558 2.35965820693874
1.48719517794142 2.38052930199483
1.52177392579524 2.4008970642796
1.55564521739698 2.40404109059345
1.58484771605581 2.42275540442498
1.61315504737337 2.43088810825378
1.64149975320499 2.44934102187205
1.66587847056848 2.47203193362857
1.68816646086221 2.48592218372212
1.70971044808976 2.4996901937509
1.72935967792466 2.49396067626369
1.75227101683847 2.51152808979136
1.76865725756686 2.52228497725148
1.78264731299625 2.50984002568409
1.79518884506326 2.52119293134488
1.8065928657057 2.54570591150495
1.81678733844185 2.5513129331392
1.82762140212327 2.55464937190463
1.83659848865433 2.56946953386017
1.8420484321952 2.58569068997416
1.8526647126359 2.61644813491443
1.86119249972222 2.62549345144639
1.86581110539067 2.63149985558162
1.87185191404072 2.64515364764894
1.87765450150767 2.66752792769271
1.88166317469335 2.68330098846972
1.88386817542083 2.69532502342038
1.88684785811362 2.70610322647886
1.89198496540706 2.71039899947254
1.89427096327345 2.71961637503909
1.89598263304229 2.73454573608153
1.90238328433992 2.73382558372983
1.90499188846635 2.75313471687831
1.90968846240145 2.77100300838161
1.91305747703239 2.7614097744777
1.91511773593475 2.77836363102425
1.91401912194557 2.77448214485159
1.91260698376042 2.78259336305682
1.91370672227822 2.80200119291886
1.91492534571361 2.82462564905918
1.91617552110401 2.79659961171388
1.91845014982845 2.8135520819762
1.92065049985698 2.81817764918497
1.9197235690566 2.83188197220669
1.91961699074794 2.83136367926818
1.917802320839 2.83281140193006
1.91635088703028 2.8465051031388
1.91799492998798 2.86315834321553
1.91836285268062 2.87016769953552
1.918327167576 2.89390161353928
1.91886658897892 2.89885241737234
1.91986607067056 2.91654806019385
1.92275061480336 2.92265751991966
1.92284265573679 2.93563224344865
1.91968260320586 2.92603492563693
1.9203838625708 2.93471775893485
1.91699802949258 2.92666968123157
1.91866666794063 2.93680398877654
1.92142102472582 2.9440371882982
1.92508670859995 2.96346170580693
1.92336974661645 2.97548538991858
1.92481914218566 2.97464346193167
1.92221221395094 2.96754852756471
1.92420664809107 2.97219804326776
1.92405119311866 2.96522042167356
1.92267967813997 2.9758773116361
1.92276145334054 2.96896579774759
1.92359859397421 2.98275926746781
1.92797870737099 2.98298405360004
1.92477576938198 2.98694200073591
1.92211475918618 2.9801407209346
1.92153670848548 2.98773093828099
1.92229852426782 2.97638492088233
1.920467696788 2.95758023071587
1.92280715872634 2.97016654142634
1.92333613032637 2.96154631520719
1.92289275179451 2.97158322812127
1.92244424454315 2.95918785013125
1.92336310216308 2.97377436368877
1.91825930834863 2.96651135392626
1.91926795912067 2.96128226262818
1.92101662103572 2.97386484439207
1.9242059000034 2.98743513617107
1.92599322967212 2.99724282441039
1.92544907764951 2.99323793970493
1.92474704983411 2.98693987764877
1.92584309790672 2.97876587158849
1.92482604234385 2.938332523734
1.92457376455651 2.93026378752237
1.92627322161382 2.92341363033967
1.92545098038524 2.91423586022745
1.92542026648376 2.92817000012025
1.92691993031325 2.93084835536546
1.92467203014836 2.91861220690709
1.9225774264091 2.92622708101237
1.92153571982126 2.92880343428354
1.92374805957384 2.91257160468954
1.92239261666283 2.90139024168795
1.92299442624609 2.90139183596227
1.92344408622 2.90769244563783
1.92662885969593 2.88399880431156
1.92513737135666 2.88869584118053
1.9249244108696 2.8789947464111
1.92459900076281 2.87927798585248
1.92805342285163 2.88725379064114
1.93136844698121 2.88292902805897
1.9325694609884 2.8662893938703
1.93416373812972 2.85565059571883
1.93305974427475 2.82824870143494
1.93109563931456 2.81914951803841
1.93197953306965 2.82197321306564
1.93019650149023 2.81928629889691
1.93044834033846 2.83036882244634
1.93109659003349 2.78998902224261
1.93350195480681 2.77678181105062
1.9345969590145 2.77990756123158
1.93239187930604 2.77945032536097
1.93349369932633 2.77613395800621
1.93428972400099 2.76502756262375
1.93292404547521 2.75584356076719
1.93479250763149 2.75064388487952
1.93487980855798 2.75012008631392
1.93629406574663 2.73034056177741
1.93876485134699 2.70140324159049
1.93849551843109 2.69530478316968
1.93859743198513 2.69079277803163
1.94265583963912 2.69955380577506
1.94153905684017 2.69129501662156
1.93921517857241 2.67454140975166
1.9406731004402 2.67856749533699
1.94263848269648 2.66347756694546
1.93944375014054 2.6529334504061
1.93947086640896 2.65794937794982
1.93717002280947 2.645283600707
1.94055128547266 2.62982175159018
1.94341795051901 2.61765051761275
1.94134609793322 2.61500903938727
1.94297286083886 2.60611527585896
1.94186682094388 2.61244272828429
1.94193265718307 2.6216549515646
1.94235489892861 2.62306394068934
1.94095954473574 2.61728200452724
1.94150644209251 2.59825991887506
1.93848480724696 2.62020040992978
1.94065127414326 2.61001545048024
1.9425604890392 2.60317968330446
1.93975039921427 2.59496890796458
1.93979292402745 2.59846655669407
1.94140136706918 2.58925721969991
1.93910222407871 2.56464007611969
1.94179495570064 2.54552347625506
1.94050506442427 2.5416846139259
1.93912531297529 2.5267455661428
1.94265158875121 2.51438420895432
1.9429435054373 2.53238427784226
1.94545909467208 2.52706447483484
1.94328197983584 2.52568226494753
1.94203197907188 2.52479412279967
1.93978521051879 2.54236620079023
1.94057009403631 2.53068397205552
1.94299845700393 2.52911322675548
1.94214589429198 2.5100157722004
1.94496025136803 2.52005612078757
1.94470813154219 2.51707353864711
1.94276201413709 2.52817930312967
1.94047996145304 2.5219623494103
1.93877259921045 2.50874000900633
1.93983827301032 2.49840991115006
1.93931689955408 2.49762403614041
1.93907045906143 2.48079664016194
1.93981395798042 2.482534060264
1.94213562357207 2.46733085294533
1.94267265844963 2.48007324355847
1.94252997059221 2.48317204596946
1.94163060463099 2.48634564766039
1.94137782444913 2.46800664181497
1.94295436066233 2.47721191087958
1.94409284358221 2.48294446213999
1.94501905471591 2.46872916487467
1.94630243073852 2.46001229167362
1.9477436625271 2.44943458852417
1.9456341230124 2.45447561884345
1.94965613027315 2.47835825768298
1.94705980715475 2.48842391603271
1.94627383660345 2.47230511689489
1.94559863183571 2.45869545740073
1.9471566246839 2.46937424763386
1.94559546799578 2.4505775135593
1.94837687342118 2.46528103830355
1.95000749650254 2.45708633656732
1.94927930944351 2.4551732653683
1.94845408828587 2.43448704665618
1.94895742929385 2.41877684668704
1.95013454637395 2.44988282412727
1.95308660135141 2.44498065795388
1.95669075085326 2.43511283260204
1.95552898738957 2.420956617161
1.95693654579969 2.42787805020109
1.95602880868898 2.41796307454504
1.9577185720973 2.42265625455392
1.96000440866973 2.40793748176672
1.9624042514059 2.42473047662854
1.9634861729796 2.42668773769773
1.96117067721396 2.42706731010223
1.95869881019283 2.43918073414008
1.95943099933902 2.43960028419102
1.95858371284431 2.42714074095417
1.95925327674934 2.42583260852961
1.95864039552688 2.41638181054506
1.95799403298044 2.41133977295434
1.95511573895713 2.40648998217989
1.95437912319235 2.4214782701931
1.95606088180204 2.41130715984172
1.95588512529819 2.3983753119245
1.95718805258992 2.41682271589916
1.95607251560287 2.41198096276461
1.95590924109579 2.41290581178253
1.95954869106346 2.42260972125825
1.95849688055136 2.41977871363342
1.96090538198332 2.43022791307065
1.95977662916481 2.42817097426917
1.95759289823346 2.42124929718422
1.95400865088819 2.40332555638476
1.95757201432668 2.41169610493155
1.95821342080497 2.42764850318872
1.95857863555841 2.42294345085014
1.95689682077713 2.42213562633828
1.95796903441251 2.41666579436227
1.95946338270487 2.42150469575394
1.9592484459364 2.42566898296962
1.95756778285958 2.43047900871852
1.95854234309998 2.43775980350214
1.95831513691609 2.42409070856853
1.95534879519035 2.42573478596093
1.95635602193464 2.41525043104342
1.95796375089202 2.40508492701296
1.96109653178558 2.411152567695
1.95930716726261 2.42147538569628
1.95275189359466 2.41274729680997
1.95362635623105 2.43006624273932
1.95240079619884 2.41481522049054
1.95425445680045 2.39546631382489
1.95366351057268 2.4153141329476
1.95343215229974 2.42092741295269
1.9580188343987 2.42117776050071
1.96008278176987 2.41635182908515
1.95982724299306 2.4069129543031
1.96159200419499 2.40868387668854
1.96289881017686 2.41157825320402
1.9601761940483 2.39963294795227
1.96035248623943 2.40732660855133
1.96135919540461 2.40492839305255
1.96034588125465 2.42268017573646
1.96135033769649 2.43274042718104
1.96501213866623 2.43161774319534
1.96779691919988 2.42730645297273
1.96774956747597 2.43647633885218
1.96704223622924 2.43013683858258
1.96678949993329 2.42862456662258
1.96340423844325 2.40597763578022
1.96518788888663 2.41192078907904
1.96324754335439 2.40315040276181
1.96283880254997 2.38713119872958
1.96013323718535 2.3820974449648
1.95881123733834 2.39271070558247
1.95895704467348 2.40777883234823
1.95877304246957 2.41133429470554
1.96174134228045 2.42949252005478
1.96080525025423 2.41349685200096
1.9609247502668 2.40463439851689
1.96326926549891 2.40074668881974
1.96209746894192 2.39651120855152
1.96125042927578 2.40401807181985
1.95864159959082 2.39390286944353
1.95951217847189 2.40021721121193
1.9635171162253 2.4038311269923
1.96571621984717 2.39265142430485
1.96602431888006 2.40394281186709
1.96636227852516 2.41424373851772
1.96709758101565 2.42960241488312
1.96457022848495 2.42595038926312
1.96399629270847 2.42036081349373
1.96534751189596 2.40617346230227
1.96071402488653 2.40693829589371
1.96197736005452 2.39833315922954
1.96321575988854 2.39276370097511
1.96178060192858 2.39389035884859
1.96461815335834 2.39779199571454
1.96249657422347 2.41527807444629
1.96229256139247 2.40379444662148
1.96206208259008 2.41044556487885
1.96239254342239 2.39387932305176
1.96011242740313 2.371244394538
1.9604189105808 2.36887161871837
1.96085451984896 2.36218960763957
1.96182296187185 2.36183769463385
1.96002619616581 2.3939038415706
1.95902266645008 2.40024576967878
1.96045114610872 2.39455466632187
1.96101713881788 2.39198962444445
1.96213569249584 2.3978236396109
1.96189722739208 2.39906699913701
1.96337664196985 2.40447991295092
1.96477119274027 2.40140944631987
1.96549030383994 2.39373264109677
1.96739206571565 2.40350916740261
1.96761392494109 2.40710216828526
1.97098802996927 2.38344191360073
1.96855957055224 2.40360435572243
1.96646505416166 2.40050779847147
1.96534741774901 2.40683293111236
1.96627179921212 2.40986127398958
1.96737762116271 2.42769639369638
1.96779038489113 2.43769872019712
1.96662480412554 2.42549192770133
1.96403557003743 2.41613807109841
1.96147064176021 2.4155027493367
1.96126751608376 2.41373232215558
1.96252424638316 2.4330118176994
1.960900182696 2.43413904884705
1.96262064417994 2.41550182728932
1.95916512596487 2.43003762465655
1.95994309105972 2.42125675196147
1.95953334239952 2.41945596698122
1.95908097027681 2.41913582797876
1.95975128322883 2.42043588570035
1.96183102809147 2.42801080956503
1.95953384804792 2.41664924276867
1.95990029240237 2.40066467286204
1.95884875013545 2.40349212680393
1.95870438830993 2.4014461128255
1.96145769946622 2.39146963687703
1.96160760204067 2.39441218841038
1.96515037155914 2.39422274528876
1.96565964069338 2.39064846696029
1.96694177409632 2.40917236075549
1.96803567771973 2.41901392546847
1.9692255110318 2.41914800989317
1.96688775639914 2.39693516274983
1.96667984326403 2.39162423075137
1.96607161744061 2.38746982395091
1.96349564644641 2.39290856229453
1.96534188959228 2.40638848322593
1.96713682866696 2.41730829335971
1.96830720191017 2.42104990107459
1.96602691159557 2.4217683950673
1.96494859781657 2.41348911687162
1.96696153021411 2.42406831291954
1.96539226653395 2.41151609001701
1.9641776344953 2.4203493644803
1.96709360215817 2.42443742923141
1.96627995334656 2.42636297469207
1.97066285153653 2.44339834849186
1.96930109248848 2.42544744932928
1.97034717530536 2.42181440307942
1.96917834336656 2.42675250070439
1.97082185569301 2.42555175291551
1.97184591286754 2.41499333996532
1.97312206155224 2.39973607934931
1.97287794745013 2.37014278766821
1.97559999806225 2.37950263028417
1.97414882447407 2.3915617935429
1.97354219433654 2.39754565932865
1.97028375208847 2.40428196276959
1.97067008859234 2.41593993816438
1.96874968777165 2.3937891776795
1.96935559529975 2.38499985196909
1.97038476516177 2.37570652597363
1.97111908819635 2.38786507009142
1.96885090506276 2.39146076777497
1.96707716857879 2.38587904481042
1.9710487763755 2.40023640092719
1.97001475465962 2.39932203453413
1.96880808151822 2.4111089208594
1.96912237824026 2.40234445242473
1.96954457943313 2.40924670010778
1.97026137167008 2.42058567211515
1.97021657383653 2.41524939125602
1.97142594982007 2.39955764195846
1.96842617419138 2.39229770891204
1.96583730724792 2.40265269944583
1.96285005815332 2.42213589275013
1.96492867567863 2.42698436163574
1.96572275438734 2.412035578049
1.96494828265958 2.4050616896216
1.96545483166112 2.38352445149905
1.96427084729595 2.38904472588546
1.96729942955622 2.40175179650014
1.97002280819268 2.40049842443427
1.97147154707476 2.38689412264016
1.97056923639555 2.38825893083057
1.97146233572466 2.37299670366713
1.96938558878053 2.36901533221694
1.96783961956654 2.36732363745545
1.96717598363692 2.38433099229192
1.96427809918216 2.39888712253104
1.96272222224518 2.39768382973476
1.96310012495372 2.3869102840054
1.96554916698562 2.38687938470342
1.96785841944537 2.39304399648407
1.96563156082179 2.38353042735838
1.96523758882673 2.38515414245362
1.96434447035939 2.38778277610226
1.96394966013803 2.39605219838843
1.96447418017504 2.39635454285352
1.96554279407997 2.40652182732445
1.96789019008826 2.40637626457444
1.96652803855118 2.40370468663358
1.96547980338491 2.39770317628765
1.96417227786028 2.39101699853744
1.96257064593332 2.40097232577444
1.96094029752508 2.39038327468405
1.96139670996459 2.4015597572353
1.96328006123705 2.41115196706675
1.96274641682851 2.41096832893418
1.96168974262033 2.38757529376919
1.9612880434589 2.40234052133287
1.9645705884938 2.41345847922034
1.96276034251565 2.41606680568984
1.96458201990643 2.43489218177344
1.96775584067188 2.43034710092398
1.96444283741418 2.42371514663176
1.96632820935039 2.39754651893485
1.97054187261911 2.38947023218465
1.97148001817802 2.38318782829435
1.97274239965195 2.38936219356783
1.97396859559639 2.39793128471686
1.97363592251649 2.40621162953979
1.97143842023948 2.39627393024284
1.97379602027941 2.39258169140378
1.97484415733276 2.40679401449564
1.97021664492407 2.41876198786233
1.9705259037205 2.40462860225537
1.96606684212809 2.39487499263093
1.96738503366363 2.41368917523831
1.96905793861392 2.39877026766376
1.96677146852752 2.40512486414344
1.96421232699577 2.39354820821907
1.96420313076188 2.38618259495842
1.96350206859409 2.38378698635875
1.96525986230281 2.36505700652771
1.96788337353017 2.39451378010712
1.9664318838061 2.39902920907798
1.96524835109103 2.39437462801485
1.96454236019151 2.39735792162153
1.96717228550487 2.40377750133103
1.96780883307076 2.40365610282679
1.96746291747493 2.41138101528114
1.96703478562368 2.43142996442649
1.96768005378555 2.4139189016766
1.96844260754167 2.41242389546243
1.96525121839513 2.41378969621649
1.96598872799658 2.40975459789655
1.96542138746057 2.40226958129247
1.9646283866423 2.39419709379453
1.96033266946647 2.3956696757217
1.96193211528219 2.4014481761144
1.96136083619413 2.39394715246627
1.96295163179212 2.40332759173733
1.9625306935986 2.40620829363763
1.96268440866267 2.3864297208947
1.96283854307748 2.40409625490172
1.96232418402899 2.41335441764657
1.96133540760205 2.4147112399744
1.96311845112956 2.41674280779308
1.96540318918541 2.39663315224513
1.96748627738008 2.38940623862555
1.96322915005316 2.41556095628771
1.96409931268634 2.416888865927
1.96518100001138 2.40465096356763
1.96275356472327 2.40814464128353
1.96441489767626 2.403155492156
1.964679141393 2.40849839299997
1.96257464476714 2.40769345030499
1.96414042197253 2.40421009724029
1.96407250248728 2.41947409301367
1.96283994968868 2.42014723567751
1.95964024644032 2.42584900939907
1.95875873141981 2.403476217782
1.96193156365494 2.4065152981281
1.96541480483953 2.40337931161446
1.96522410432019 2.39517146453656
1.96060115928467 2.38970070412591
1.95794894495707 2.38662204247438
1.95830544513627 2.40036303834501
1.95995581592627 2.40634223137342
1.96074433507967 2.41299779336837
1.96313712548358 2.41527313986978
1.96353597707081 2.40948858138779
1.96295804934771 2.40126578291958
1.96113258018073 2.3892528934637
1.95970566697253 2.38872683118543
1.9620520776803 2.37508515898136
1.9642506187677 2.38210485218372
1.96597793079107 2.40343330798312
1.96928040188985 2.39371987140102
1.96773070948927 2.3943836655881
1.97114134051985 2.40096514398319
1.97008492817351 2.39988827366561
1.97013467172465 2.4110230754716
1.96862419019079 2.40422560106976
1.96745982993487 2.38804718032829
1.97028515027731 2.37636380999104
1.97111624786283 2.37337900760904
1.97053975437977 2.37128470606187
1.9667433989635 2.36115298087128
1.96737112710254 2.36784159304732
1.96702937274254 2.36548132897704
1.96736702073731 2.37060342885598
1.96549870805917 2.3684296112163
1.96805054865713 2.37926996456163
1.96613838418671 2.39202153309934
1.96308445657349 2.39354943229989
1.9606370278599 2.38055165929258
1.96083645632536 2.38704791217072
1.96187860869345 2.39901470165885
1.96190537747832 2.40064651731643
1.96088347599582 2.42426908301805
1.96226476892699 2.42727476846383
1.96378438176566 2.41072237511681
1.96463683186517 2.39670826722217
1.96089632277027 2.4171526021027
1.9602094309034 2.42132001588359
1.96013812839436 2.41493927174577
1.95843912964968 2.41501611405874
1.9608987002244 2.39524886018486
1.96403167689007 2.39983290572366
1.96575193365437 2.37419679049679
1.9660233726593 2.37665219426773
1.96836180892657 2.39275561710894
1.96771448654029 2.38487167400987
1.96918624194601 2.39978205092026
1.96488194578493 2.38603424739934
1.96606680836643 2.39281732484922
1.96412664769414 2.40118942147226
1.9655717302904 2.39241040797783
1.9656159486828 2.4038324156732
1.96315796939253 2.39988774460748
1.96002586125791 2.39958474750327
1.95715495098569 2.38887992671825
1.95661784709045 2.36834633872253
1.95752686164819 2.36428478357317
1.96012416454124 2.37683835484401
1.96365595151761 2.38751539090125
1.96328709962839 2.39834552558164
1.9641974311939 2.39531377367142
1.9659498761636 2.39948835094765
1.96395126141473 2.39235668205657
1.96482356708694 2.40096385607742
1.96305794156554 2.40041899098716
1.96063392947528 2.3852611067351
1.96114919744854 2.38724995151491
1.96100871410614 2.39940354660164
1.95735303049028 2.4019482962162
1.95790602990938 2.38111594625926
1.95967699041932 2.38507673887775
1.96024426656563 2.38648621201038
1.96152500668336 2.39769101461454
1.95919125659077 2.39199975332477
1.96131991147309 2.38058961543369
1.96116544029853 2.37425454757436
1.96138918898091 2.38123996792678
1.9601281722987 2.39518026294711
1.96248770379571 2.38372583381743
1.9651636393035 2.37588653151685
1.96272620678753 2.3679992947304
1.95862358538237 2.35871746857597
1.95937840350717 2.38073179231011
1.9579103329974 2.39176053520317
1.95679590985595 2.38607216184504
1.95573462214927 2.39450372774076
1.95442210432817 2.38869197819909
1.95569565440261 2.37066120351759
1.95562799329399 2.38729592344079
1.95732174684345 2.38904239122579
1.95502761424503 2.37868054468241
1.95650253779062 2.36347233574464
1.95886866616815 2.38030846903461
1.95880924215557 2.37362117132936
1.95481454294246 2.38134466261714
1.95651148122058 2.39241821185076
1.95543552062343 2.39663538841177
1.95738303009928 2.40428637424523
1.96155180849953 2.40160271236123
1.95869948237395 2.4071830303294
1.95762137583307 2.40820410336359
1.95616881656592 2.40152020674994
1.95917483737774 2.40438218957779
1.95910640363266 2.38180120351139
1.95741962671739 2.40728625092048
1.95895671222084 2.39501872343013
1.95502307711905 2.39825961321456
1.95315269487545 2.39215804322298
1.95577254630816 2.40778880702875
1.95356476016953 2.42247748382084
1.95273552922613 2.43231340172399
1.95416731524764 2.43494212138656
1.9563756054302 2.42200942317201
1.95487036821532 2.42733855746795
1.95407935303501 2.42230114656822
1.95117154756574 2.42020493232449
1.94670254145483 2.44048532607278
1.94761897564706 2.44228620012658
1.94763534679891 2.44631819665091
1.94644982847919 2.42844802307514
1.95208090120758 2.41997350576716
1.95046915466863 2.42144800175552
1.9508575372013 2.42324094078477
1.94697835454684 2.41267893478756
1.94645928338662 2.40540629125149
1.9517470328888 2.39730343642236
1.95588867217388 2.40445062393337
1.95709761378591 2.38565209181958
1.95376628078706 2.3821646546001
