1
0.721730885212767
0.769647499016551
0.765457334931135
0.755835473088387
0.743799911556259
0.735515431728854
0.729045915006922
0.725437244106302
0.719300561523482
0.723040502136507
0.720794801203909
0.724985131919599
0.724452724022753
0.727628901629399
0.72781074218636
0.727392396786239
0.725452502584718
0.726977216429338
0.732810755580751
0.733860438185707
0.734075970622945
0.735893401783615
0.735364623775373
0.734178938136076
0.732815560845976
0.734477470750575
0.728506893119506
0.730863709681688
0.73183340586408
0.732911679114381
0.731607017614067
