0.1 0.3 0.5 0.7 1
0.739483132417639 0.735624365266716 0.749267868994529 0.774473465830602 0.808903662366943
0.735522844726742 0.731662381653487 0.750383698543312 0.770637026964149 0.777204069773222
0.732333704369367 0.726994746610398 0.748978489471404 0.765817640491064 0.753034448217263
0.729246190331732 0.725480312343492 0.74511263210288 0.762009823357445 0.735280735840082
0.726693081794118 0.723358106262314 0.738320377541315 0.759584918133425 0.717736246745443
0.724259933482816 0.719967587185118 0.732608748818883 0.751683142056616 0.708264572186346
0.72242214907767 0.716610729514548 0.72927427032908 0.746606457080944 0.684422753597555
0.720684402340279 0.71417166054021 0.724912630834535 0.74441834826192 0.675298991320599
0.719216664015447 0.711495750730044 0.722274090221222 0.743714525832395 0.673532397340381
0.71767020639029 0.708342536974664 0.717430013638122 0.735619837518553 0.66918381411265
0.716350753526312 0.706178724204044 0.714071337808984 0.737425192385442 0.666212441416495
0.715090351731372 0.703362433484607 0.708146520130115 0.735857272949893 0.668582620172049
0.713938190313229 0.700137187235117 0.705034285876403 0.736795658674529 0.673699187304813
0.712749030266653 0.696354351444906 0.702118677094354 0.743689550758047 0.671399260347137
0.711503022217455 0.694398946931608 0.700141392665398 0.741599289730101 0.655970459065038
0.710336019478116 0.690683532237579 0.697505802153036 0.737365511353387 0.648000758260825
0.709109334998203 0.687585587248151 0.692865608607674 0.73694059690404 0.658253877596133
0.708150862869298 0.684485106170441 0.692934599349003 0.737269371160174 0.635452106283542
0.706916929734044 0.681373772061844 0.689265874595249 0.740616233686288 0.630239738158536
0.706004131147442 0.679057278153279 0.6876771091845 0.74272648389159 0.616032951347525
0.705095137067208 0.676101375341748 0.688240837437793 0.743023091599595 0.606874399851549
0.703996176129645 0.673028305858014 0.688245831524546 0.740676663538995 0.581653164628716
0.702982109422858 0.670246680523015 0.685153952662081 0.739703251316488 0.542536085506374
0.702087252227258 0.667647720176634 0.683895971415782 0.742991958131464 0.510494327821552
0.701150702690231 0.666367145984187 0.684295235528366 0.746135910762999 0.457296434969741
0.700368848804947 0.663993305611809 0.682660415523451 0.747885324525664 0.418887324642828
0.69926193547991 0.661265082161085 0.682954992086893 0.746812915839024 0.363581702047652
0.698097175476496 0.659722861234045 0.681322754997627 0.744047628053431 0.321965890088002
0.696796513687489 0.65721262306543 0.681967687791724 0.747509359940039 0.285992106630535
0.695582276271025 0.655446113226194 0.679546093137874 0.743772456209214 0.234086579625191
0.694450295078399 0.653023436726089 0.677419978585558 0.741321376619984 0.19751762607852
0.693397080817142 0.652339722033122 0.678336278580507 0.745881351859916 0.160864194694945
0.692344944518804 0.650465489743136 0.677721285680629 0.751763238937114 0.131892918295578
0.69143599039311 0.64899681276273 0.679467782729107 0.746042542121483 0.109270741986653
0.690402285952925 0.647563260570353 0.679927154285913 0.748931062009755 0.0827346805696004
0.689320284906856 0.645746777509709 0.679784676635683 0.74729566650215 0.0521602466700126
0.688119473466456 0.643974562971285 0.679586386353969 0.748886463115815 0.0394222135653258
0.687073448970174 0.642594615583351 0.676167124182929 0.751587514673513 0.0224338537696204
0.685773210130904 0.641191828398501 0.674467954574176 0.748342991579875 0.0115935635955657
0.684414791615638 0.639324368535913 0.673528107216278 0.746750086986759 0.00110372553984259
0.68326140232395 0.638292073786069 0.673708085721526 0.749479965428919 -0.00302071290573622
0.682099448350723 0.638134821581331 0.673239558604661 0.751537638450761 -0.00435424150362204
0.681050567373468 0.636003864551139 0.675726471319943 0.750039844005139 -0.00575949066506884
0.68028455254099 0.635328119319355 0.675872055459129 0.754011778343141 -0.00471927651773183
0.678948427976021 0.63386951500281 0.674936175139732 0.752788932327747 -0.00450902822952701
0.677796724261988 0.633339568009474 0.675802833521581 0.752626409484577 -0.00376359739509861
0.676639753268778 0.633375248248637 0.673378430058697 0.751294925328984 -0.00147990567708964
0.675323398690465 0.633471332007376 0.674374598139317 0.750523734459744 0.000220750291855152
0.673987767012401 0.631511977256868 0.672201532939952 0.747885842141028 -0.000168531168708028
0.672677188052974 0.631299753636768 0.67194593733543 0.749545675894219 -0.00132990240553228
