0.1 0.3 0.5 0.7 1
0.00129339190437559 0.00148613981006684 0.00185314375022675 0.00188516965095231 0.00306464021073031
0.00127375658840986 0.00144076282658779 0.00172160033440028 0.00196142722980017 0.00381236688580501
0.00126032665325861 0.00134769302300229 0.00193430967328963 0.00237270838265138 0.00408113015792913
0.00121975815582448 0.00139275859428889 0.00165508937041534 0.00189025743559752 0.00469645722479839
0.00121965055431033 0.00142053644402012 0.00184593918664808 0.00180766517725343 0.00520647148961623
0.00120787608724752 0.00141772941753309 0.00194136523912589 0.00173718774963923 0.00548239020160162
0.00119191796129631 0.00137334687459573 0.00171365439848304 0.00205128332827467 0.00597151440091274
0.00115584655433434 0.00144420740431014 0.00161448496122996 0.00187931466438179 0.00567201867029928
0.00116747722355381 0.00137584314977266 0.00154807462781294 0.00167738599715066 0.00673268249191566
0.00116250161762717 0.0013573883041688 0.00136277800510182 0.00214490915254513 0.00686786156240549
0.0011409054652861 0.00131187112792752 0.00124590025417997 0.00191184625678415 0.0072248564547407
0.00113836941738329 0.00133072332446651 0.00144281543613676 0.00215752277966203 0.00772925748303435
0.0011315277563791 0.00134895575796133 0.00158233251455713 0.00190312398153486 0.00776281105372321
0.00113457754064568 0.00132635161335859 0.00152673684136861 0.00282918685482112 0.00778528467532081
0.00113769604167872 0.00133018735453939 0.00140793821709613 0.00231248443066268 0.00833350428531515
0.00115343996438646 0.00138499322078808 0.00132195426866962 0.0018748700860175 0.00798402952653717
0.00114804294698474 0.00131175031602483 0.00139811154491748 0.00204535635453567 0.00906265071367532
0.00115670315559066 0.00117545512007191 0.00149085677690215 0.00219149665325385 0.00847421177789399
0.00115252717022701 0.00122255357448233 0.00143744213102836 0.00213270474717273 0.00933239871736594
0.00114982637443259 0.00118786459488066 0.00119963540475172 0.00197564440906294 0.0104495130358898
0.00114701734372733 0.00119579085810262 0.00146868351981904 0.00196027018984685 0.0085923298143523
0.00109774232407306 0.0012066008535887 0.0013534077725864 0.00201953218647435 0.00845949826938854
0.00107695568160659 0.00118525186845259 0.00150997676804015 0.00196075891142165 0.0104905382896542
0.00106568199748283 0.0011577665983389 0.00136944634839863 0.00203195390753003 0.0105077938389095
0.00108353987738794 0.00114760194650241 0.00152868628759713 0.00219259895020853 0.00968423903799721
0.00109825910632834 0.0011232232205484 0.00144537402452165 0.00215947435096101 0.0106456561485099
0.00109013349614421 0.00117915490201279 0.00144998231326051 0.0020902901549789 0.0116910103391478
0.00109127023172142 0.00114009322373712 0.00154353570993109 0.00183205245524756 0.011215165445235
0.00109210762599336 0.0012586663482843 0.00151706916309442 0.00218499758906049 0.0124445350960099
0.00109284996404625 0.00141528125968441 0.00136315807596777 0.00241649787626379 0.0126424753235044
0.00109914288983807 0.00130851798616412 0.00148623924934185 0.00181376086780001 0.0138051715363864
0.00109900511241485 0.00120750032703098 0.00147465757518366 0.00243900123691952 0.0136285945825928
0.00109100881295768 0.00130304958804025 0.00160125507928593 0.00201811479200925 0.0138969315197475
0.00111471380783294 0.00110594706666343 0.00170556382535521 0.00259435417808769 0.0143290254586824
0.00112590635062373 0.00116363257141095 0.00159091330608663 0.00225854248546896 0.0144492815297662
0.00112323451743687 0.00111247720919765 0.00156678754739556 0.00221866040990453 0.0155379751941512
0.00115269522920623 0.00116839756540986 0.00149213040235816 0.00187671278275039 0.0148357494166444
0.00113228401940285 0.0011976229517066 0.0016698221076628 0.00219508381619287 0.0159958743993234
0.00114439824577736 0.00116469550183394 0.00136539074110228 0.00203896163441571 0.0155504787970418
0.001135295940437 0.00115339702238262 0.00153565717538618 0.00191544868214554 0.0164968755675472
0.00111698422125466 0.00124185856516312 0.00169946575557705 0.00224222262492212 0.0161908285764907
