0.1 0.3 0.5 0.7 1
0.739174323080163 0.731658611832598 0.731629414529655 0.738022709076502 0.768463599088602
0.734160552905727 0.723680193102403 0.724225655574203 0.731219649920302 0.753033297250311
0.729878198263536 0.717582794210103 0.718698601872862 0.724503745946374 0.746340671779043
0.726472034758308 0.713663654929637 0.713417267431987 0.717800189364978 0.741982595825426
0.723338210889027 0.709611234426256 0.708580648424323 0.71171796542482 0.727826840034074
0.720394378097026 0.706393520004738 0.70346813525136 0.706318512155784 0.723945413913239
0.717916674312265 0.702824637921956 0.698263228706545 0.698941376636277 0.721195337613021
0.715728610364851 0.699631950817501 0.692522586334719 0.690711085693682 0.714226189137918
0.713719911086056 0.696410734701798 0.687336750504719 0.68445015797696 0.714494961170634
0.711925777414037 0.693242950979997 0.682396418660088 0.679895403045933 0.712737747866766
0.710286796541802 0.689599268402366 0.677328261716316 0.676861475730279 0.711575816372128
0.708703984377762 0.686282446689455 0.672281387566124 0.671851993867723 0.710229876875458
0.707181144068566 0.682912102654867 0.667185863436182 0.667157369705601 0.710581239798747
0.705812456970492 0.67981571592787 0.662980219549715 0.663125348263725 0.712419103641683
0.704566435759337 0.676449067344897 0.659722690113368 0.661814685866293 0.712642691492647
0.703305353479909 0.67300463161265 0.654796086907014 0.659599371651847 0.712482501631895
0.701963230251229 0.669602188804923 0.650524639774549 0.656714709567595 0.711996505375222
0.700648313917174 0.666563651364 0.64774093105252 0.655503069056981 0.71040300293549
0.699540357369938 0.663335452976788 0.644554235495939 0.653987239858128 0.710351759102994
0.698418958774261 0.659608305658806 0.640575936446765 0.65141069147061 0.714271702406878
0.69733102550719 0.656824980030728 0.637463843238101 0.650907402523158 0.713852571470839
0.696095167699615 0.653237677525553 0.636091411548009 0.649162817650728 0.712712460795474
0.694972148254347 0.650162020203899 0.633797070763567 0.6494206492575 0.713725924541611
0.693843857184419 0.647859684495737 0.631780485388529 0.648271052629707 0.716026962484863
0.692719769994718 0.644172790727424 0.630108662508765 0.646859487847606 0.713101117193483
0.691613733830007 0.641217707632347 0.627572981741979 0.646810207074499 0.71673741957037
0.690495543572772 0.637930592567968 0.626371982695325 0.645138098769008 0.719635808226914
