0.1 0.3 0.5 0.7 1
0.736647558679187 0.734293764133224 0.740743537862254 0.757318300864901 0.792383886654795
0.731730614603542 0.728673105694599 0.736427480463036 0.751793349983838 0.778858912212517
0.727973084258754 0.724123274775551 0.731613980152075 0.748621837370419 0.764163727071813
0.724632353043852 0.72096146490004 0.725635766134393 0.742922332971544 0.756460938526912
0.721617539643089 0.716946252995668 0.724003926600317 0.737346476168308 0.744163857861072
0.719034580170361 0.713593637500822 0.718446940864163 0.730534895341075 0.734958563785661
0.716905204375972 0.710475661488014 0.71391267372649 0.726239703337254 0.734762139703773
0.714675558831733 0.707808819576172 0.707214672111833 0.721553096901796 0.728451943445438
0.712993659826056 0.70505215483565 0.702136753113809 0.713686885466504 0.726991258387426
0.711379712660633 0.701467643862586 0.698660405091673 0.713293396403541 0.731677492725437
0.709799349957643 0.698454729142547 0.693933199419521 0.708199577230697 0.730232848416722
0.708453721090787 0.695162608513324 0.690447256889445 0.707798144797061 0.732128249821606
0.706973129065202 0.693029684542325 0.686045444187927 0.707556905733906 0.730507920238019
0.705694994722965 0.689366210108248 0.683816120139239 0.710346867690238 0.729623200556193
0.704385340111389 0.686054683438706 0.679649681904399 0.706634924469885 0.729233263324964
0.703244089591562 0.683810804534711 0.676234728761458 0.705247553401309 0.731739834810299
0.702084564695932 0.680176731448928 0.672785676721093 0.704228772401692 0.722869186419377
0.700921183825546 0.67669077030758 0.669596010363217 0.701302796061595 0.722171316715605
0.699852226392864 0.673697082991612 0.667657646969177 0.702196607532385 0.73451399616085
0.698771490766879 0.671176902920989 0.665586978661546 0.700428830171856 0.731336493084205
0.69769480276869 0.668007218813855 0.663657627518209 0.703394649036906 0.717461577327467
0.69676530630858 0.66515536488602 0.661361892125127 0.702107565263764 0.722838153974455
0.695753605123489 0.662587526076316 0.661575990327874 0.699056077129874 0.725162936867909
0.694611021322852 0.659591299390159 0.660380094889346 0.700499635394332 0.717849425071286
0.693610616045605 0.657105774419999 0.65956906562313 0.703442234393013 0.714867624272171
0.692445088426328 0.654323521224738 0.657096947410027 0.704115795276411 0.708106615935815
0.691239135343774 0.652048630027847 0.654548676581845 0.700529559038 0.697290501389422
0.690218203112271 0.649449879576125 0.654015972523416 0.702651503819366 0.692166727005371
0.688995692210263 0.647147662636624 0.652820422830849 0.701170722946901 0.678915538342396
0.688010582562347 0.645216158144879 0.651666453986963 0.703230205129797 0.669379934903645
0.686989311361545 0.643483388534997 0.652292449839672 0.704800452215374 0.649553050816894
0.685923975661412 0.641299050708399 0.652770005400544 0.705451500168563 0.636890016247848
0.68482740455072 0.639257041319268 0.652889694821178 0.702249317816446 0.631494518446762
0.6837403914021 0.637298593405286 0.651754077603813 0.703126541961207 0.610064454484928
0.682593300132485 0.636258460374176 0.650486080659773 0.704064917764194 0.591623553090051
0.681418987305077 0.633870914973328 0.648798466759584 0.704288209544342 0.582976252533537
0.680400564888567 0.632269512741781 0.648165362345085 0.704411176494294 0.566295811144708
0.679221336306168 0.630307158689361 0.648266266649434 0.702681279122776 0.538042860732088
0.678012433341563 0.629253965435329 0.647618546728316 0.702539770280326 0.519943077226944
0.67678618467223 0.627987661335114 0.647982118373608 0.70244909121858 0.507407695366649
0.675680557165782 0.626348015057576 0.646131370987796 0.705216054319166 0.491685204286596
