0.1 0.3 0.5 0.7 1
0.00147093671758003 0.00131832837683747 0.00165489075507379 0.00256029255448646 0.00326435660132405
0.00145812278464394 0.00142409092315701 0.00158941200031889 0.00238755550244691 0.00496189109406631
0.00143886501204185 0.00134046474509826 0.00166630852622669 0.00260311295220335 0.00584357078156756
0.00142820506432248 0.00120208883854332 0.00193810127132243 0.00260668556107565 0.00659693870867482
0.00143079826387538 0.00142072016399643 0.00180236202886514 0.00215665847845291 0.00795308664745244
0.00143329483238092 0.00131659728764732 0.00193407508294922 0.00240803491427449 0.0079965850944127
0.00141333001003623 0.00131222223102157 0.00216600633615237 0.00260843348047763 0.00863011939596239
0.00141460069250791 0.00133046012759468 0.00185434918310687 0.00231971336723407 0.00819312677940231
0.00139756080592557 0.0012571399446639 0.00186058695400181 0.00242544741855725 0.00934463853345974
0.00139240633556781 0.00131963225947299 0.00173176552791731 0.00327808069311751 0.0103484505494524
0.00139412634269762 0.0011736192111867 0.00166057881645587 0.00293791853466326 0.00950786381624315
0.00139240452849848 0.00126666952903521 0.00158866572625507 0.00251333053852804 0.0113509532295385
0.00139313258134887 0.00126179234995933 0.00165396442453748 0.00238176307774682 0.011425921511592
0.00140223635522245 0.00125591487762113 0.00159441519030577 0.00238986816571204 0.0123516454279031
0.00140306112432577 0.00140895854910383 0.00162463134613666 0.00210738206292055 0.0116455222047316
0.00138601474990061 0.00143609823512535 0.00164161777429753 0.00265742387807615 0.0120928230462036
0.00137291153348218 0.0014405817603728 0.00165945003352774 0.00287575103421622 0.0130542492956374
0.00138039915319008 0.00122392821262678 0.00195090692746254 0.0027511238725938 0.0130265542643617
0.00134505023559681 0.00116913603656471 0.00166840601438588 0.00279323373269632 0.0141362206321602
0.0014026315200782 0.00131319196309716 0.00186208673588391 0.0037576078852765 0.0166141865241693
0.00141775450780475 0.00128287220829622 0.00172500831606202 0.00272190669200257 0.0149675930651135
0.00138410722213753 0.00149549411342933 0.00175860440073712 0.00198279785832148 0.0169416685813845
0.00139775184199309 0.00141422518383304 0.00164660351990593 0.00250456154859357 0.0173613450328659
0.00142964320015232 0.00124755962086848 0.00177132367373342 0.00282896982954061 0.0185821404214931
0.00138536265884531 0.00126555625181023 0.00172965809105044 0.00262255767103704 0.0191387497348736
0.00136605621228116 0.00129222223707764 0.00152745237667672 0.00267851568651937 0.0206065326107224
0.00135970755767871 0.00129366388481773 0.00209643864584167 0.00294157665860874 0.0217302198023287
0.00136139293294499 0.00133737717259458 0.00189568644762247 0.00283393919405392 0.0212997429556882
0.00132999588539086 0.00132177610704654 0.00192979456182021 0.00318689344451549 0.0210865345435951
0.00129586392666351 0.0013238122025177 0.00162615701187861 0.00249588451590328 0.0205101695094588
0.00133408817914878 0.00120403169530883 0.00146228979404585 0.00294572436123713 0.0175159133602674
0.00140268226494803 0.00126896326735982 0.00169649890863637 0.00209251904657843 0.0175651548483194
0.00139808007052844 0.00127851146880377 0.00159397325810765 0.00275314066943031 0.0154745866344356
0.00137356877645426 0.00124971208308638 0.00150247056991463 0.00304207963989667 0.0170334852016133
0.00136268230238068 0.00121003593104604 0.00175865989397843 0.00281874007770527 0.0156661157531904
0.00132796480501571 0.0012169139813489 0.00152400735697769 0.00343122046469736 0.012078080775906
0.00131617030880762 0.00118939250345663 0.0016898848218909 0.00221121714473029 0.0109436820450067
0.0012864037847351 0.00102353323775782 0.0016559847791061 0.00268753411567416 0.00876751779522834
0.00132110180706303 0.00116628550595721 0.00169804332119738 0.00264105875649577 0.00772649083725516
0.00134047551216208 0.00128170438866383 0.00146602225651943 0.00283585131094421 0.00579218825562222
0.00136201037495158 0.0012516402306219 0.00163055985322658 0.00304528974652382 0.00470736480882345
0.00138334583021216 0.00132612682620146 0.00166896134683662 0.00250242364573495 0.00375381770376886
0.00137793941147788 0.00135726653504264 0.00145289021330987 0.00258761618246462 0.00300644569624803
0.00136456880589362 0.00129740326887875 0.00185221634290059 0.00335710973456823 0.00269620142959718
0.00136665846499239 0.0014730791728423 0.00169144289276284 0.00239329124421544 0.00192316298853159
0.00136940670767775 0.00154562811494411 0.00179238764046697 0.00275249858432873 0.00143379771780501
0.00137073802535361 0.00144822030673782 0.0017132832003821 0.00283241576243747 0.00171941816433089
0.00132952319378483 0.00144361268161323 0.00159397432325906 0.00221588727398427 0.0014934447311651
0.00129716016928305 0.00128266710318037 0.00157077269506355 0.00305315119324001 0.000913253074508863
0.00126170164528063 0.00124009000205931 0.00158753632234531 0.00331357292063428 0.000630632829962796
