0.1 0.3 0.5 0.7
0.789539545678865 0.94167319278096 1.17801957118831 1.5710742899209
0.833706907267992 1.096846073361 1.45905465371251 2.00287507067772
0.874471624680178 1.21657126198313 1.64004609504645 2.20804683828644
0.9133891210705 1.29161810358587 1.73546848733826 2.36239885587718
0.948635633191909 1.3592305490416 1.77669276407877 2.42570500119756
0.980959523283854 1.3932391449462 1.81575508959018 2.4591060841261
1.01131703141236 1.42878699177392 1.83169228373054 2.4932940302334
1.03918055204679 1.45457429365871 1.85172240916569 2.57431890886529
1.06534972566067 1.4753193192718 1.87274509255002 2.60591446317021
1.09050679422026 1.48648407070165 1.89345825221099 2.64627892774603
1.11246603341012 1.49919319816172 1.92377975158632 2.74415805726607
1.134236750135 1.50454235218592 1.93811047205973 2.82882894632961
1.15113811688873 1.50964400909296 1.95838348082944 2.87653036260044
1.17026726004943 1.52164878373803 1.98459492732066 2.93606100739074
1.18674702682023 1.51974867195565 2.00266338582612 3.01997963977947
1.20066610619466 1.52468031295112 2.0050808598531 3.05950395193114
1.21127444963789 1.53302975002247 2.02875176786183 3.09893107894746
1.22406769057695 1.53373305329125 2.06361122011214 3.13983542700029
1.23582165766922 1.53584823724739 2.09249516513177 3.218261780128
1.24699664057733 1.55485539429308 2.10262108179475 3.25073906672314
1.25517353150298 1.55794202569623 2.12696913641501 3.29525974228764
1.26246228738801 1.55371631673126 2.17401648337482 3.34130105359056
1.26876206339141 1.55526181981179 2.17747294659995 3.38396347975762
1.27437864251066 1.56342202877944 2.21735433266379 3.44640250930285
1.27990729607005 1.56365195951226 2.22875783921163 3.47530460417361
1.28487601172351 1.56591628091012 2.2438180867649 3.47758592512876
1.29058059855995 1.56813526631196 2.23399970097241 3.45846685157872
1.29427890147047 1.5774950718047 2.24698997591297 3.4774831332525
1.29831482554751 1.57431792246499 2.28393308907304 3.49756637731955
1.30270963654673 1.57216469842915 2.30457975224615 3.52743348707265
1.30421314606427 1.57782916042874 2.30943369542307 3.51081962280594
1.30616193345569 1.59322593133679 2.32325153682597 3.51852976290202
1.30840807124408 1.60329558594236 2.31117255115178 3.51508159848347
1.30883205483928 1.60300541699517 2.32386369261729 3.4945082193773
1.31277806958407 1.60360932861828 2.35818038197273 3.45494426486839
1.3124696680353 1.60230940966069 2.37145305819504 3.47199738614635
1.31291963053234 1.60082614820395 2.37005968093468 3.42607966182081
1.31344418684794 1.60696079727658 2.37043239990564 3.40808008619254
1.31569185415592 1.61522182436816 2.34967893828199 3.37852447502003
1.31517773029649 1.6187700674787 2.36054802235889 3.36405489683436
1.31566495613529 1.62716894361059 2.38291238447162 3.30033395987223
1.31480520445049 1.63229217752265 2.38838665799121 3.22215255246534
1.31519109218555 1.63837790873705 2.38690299090967 3.23553743613322
1.31516464762785 1.63886427614318 2.38123817297215 3.1639798256148
1.31606169485161 1.63507752141597 2.38887061714632 3.15948350486765
1.31808606348055 1.63806860836476 2.38410948642924 3.12709823162133
1.31791464112163 1.63685151700328 2.40318063890386 3.068786577674
1.31706818244176 1.63288753068444 2.38265811155528 3.0383054266895
1.31822498831829 1.63447046094001 2.3817678486198 3.01922851503742
1.31533272862037 1.6411046892103 2.39689696800638 3.01185409416443
1.3159653631797 1.63554707868669 2.36822271989988 2.99501662862498
1.31544836626498 1.64024412175777 2.37359133370738 2.92491714272325
1.31423247274836 1.64782238570747 2.35775837451054 2.89474282221282
1.31356544981833 1.64962787076894 2.36667579492369 2.8756595808596
1.31258762319152 1.65705308269806 2.35996660275431 2.87003704003679
1.31367911829095 1.6557504234467 2.33940443375825 2.86690184520636
1.31365410613721 1.66254831454157 2.34291172575098 2.85771803270834
1.31578128408653 1.6688265448206 2.34482648641951 2.78554249357927
1.31600835958678 1.67294340323263 2.32512088509006 2.7781611004386
1.31499329542991 1.67387659657278 2.32946813895428 2.6969511932788
1.3147948963393 1.67224022032674 2.30888348456578 2.70653223567191
1.31385164405373 1.67480944726509 2.29619518615299 2.68473996658645
1.31459680178635 1.67231061344611 2.27479106600439 2.68291087676197
1.31367483365929 1.67531427546543 2.26089334147145 2.64697169668577
1.31483463282089 1.6793877117914 2.24419819999194 2.65105098310064
1.31160770622157 1.67296532968503 2.23795069493478 2.64757184656492
1.3102581653467 1.67615133252993 2.23517792938275 2.60946062347521
1.31011596712626 1.68449612955824 2.21427374901198 2.5695836231949
1.30908633648215 1.67530861016179 2.22520952463587 2.60300512420394
1.30971430296547 1.6809914135066 2.18803462748964 2.56003451312923
1.30886779094072 1.68388995705254 2.18292660313816 2.59963684055356
1.3087179905886 1.67911275683276 2.17448992675328 2.56984794097265
1.30684826925026 1.6785008824972 2.13987370461973 2.56520616263175
1.3064415706147 1.68713519401336 2.12505076124718 2.54969115962965
1.30736286022197 1.69071523635162 2.1275015610713 2.55377735184913
1.3070787389642 1.69880465972857 2.10477155401798 2.49701237760105
1.30558752644355 1.70463739844656 2.0933882460235 2.508947421431
1.30393856642645 1.70564513768645 2.06782336750069 2.5030766849616
1.30387088835948 1.70465301533319 2.02672942329813 2.53933387774653
1.30494369559856 1.7140273987165 2.03740415498161 2.5141267340773
1.30324334554432 1.72068333635225 2.00800945461384 2.49882057351395
1.30374684501279 1.71268134820869 2.00529977944708 2.46301146073082
1.30343222142593 1.71152497304838 1.96448925381642 2.48070258690939
1.30443282272762 1.71327239292492 2.01442780452004 2.44628633119581
1.30484165281513 1.70521246779931 2.01291810435418 2.40740672518154
1.30480850285525 1.70370884299493 2.01146601063523 2.46984388504712
1.30291330005786 1.69232475088111 1.99275440756339 2.47423332335978
1.30121020604429 1.69026436094093 1.98910173685658 2.45383478803414
1.30245120921438 1.68897191191695 1.94954563974894 2.43994331867635
1.30226743181369 1.68712568865908 1.94388696184709 2.42688881387831
1.3018698583885 1.69333365513459 1.92742344834015 2.40871991994681
1.30120163695415 1.70663981221387 1.92514180172019 2.45846124295058
1.29940609324632 1.70484531067134 1.93794924017899 2.41740749476341
1.29868572961151 1.70326365119193 1.93994315214768 2.45171497758718
1.29926736910489 1.70674820848158 1.93100743036125 2.4506476570407
1.29874774236921 1.70785180887617 1.92898214263097 2.47464748541089
1.29852695345441 1.71077116603484 1.95646794164379 2.45039575147788
1.29761707551555 1.70899836568078 1.95073397916703 2.47714006479689
1.29890037586827 1.71248118881469 1.92316680625778 2.44684703532481
1.29922433448405 1.69761415888176 1.92447209408285 2.47586545980087
1.29864408164488 1.69950109372801 1.89824008092883 2.42656336818173
1.29776525840411 1.69550546831991 1.8861141253267 2.4594268450192
1.29784835714129 1.69708973810973 1.89640210908892 2.48649848162899
1.29824501848849 1.69863624411715 1.89242062438014 2.45850878653847
1.2992139400425 1.70066307851813 1.90351143832052 2.44052746997153
1.29796616514526 1.7034732666585 1.93713001916386 2.44598467993005
1.2965795940179 1.70389177660387 1.89548058664702 2.39266341469767
1.29525694988599 1.69533730951873 1.89842801128507 2.40126786674861
1.29263991785924 1.6955144511983 1.88828083295596 2.43217215821911
1.29265166610382 1.6944739055738 1.87943124238283 2.38256535302272
1.29288032010904 1.69589199659733 1.87069590224218 2.41718055220083
1.29406823728459 1.68776267205593 1.87396452894921 2.36374930666307
1.2932388212485 1.6920875135555 1.85117686151759 2.41133463377612
1.29350287032889 1.70700365514975 1.88275707278014 2.43858387603708
1.29322639666708 1.70318308247479 1.86547151240958 2.47574395844257
1.29191266457178 1.70135868583673 1.86571842218705 2.46915586082911
1.29092151525335 1.69680058744731 1.84751426170882 2.4277259977829
1.29071186383735 1.68258084328224 1.85304110562998 2.45388995425997
1.29056966842801 1.67312133403497 1.85547166977276 2.42687506403269
1.29072375697828 1.67649978057399 1.86601221889984 2.41636648221436
1.2906398041787 1.68514966657676 1.86137614634859 2.46464875895006
1.29096678730693 1.68036616614214 1.8640742251462 2.47335203158505
1.29031054554034 1.6751008540421 1.8633927474516 2.4700658647859
1.28832487394698 1.67503314892287 1.847195612752 2.46399567416316
1.28752633956107 1.66715548269689 1.83567330259049 2.4698123604124
1.28642253921472 1.66197872988308 1.84473593243405 2.43288346688388
1.28763271326452 1.66217941468619 1.83056719650377 2.49583375612304
1.28695789198803 1.67054985831771 1.83976056492725 2.4770082132905
1.28683507055314 1.67275277922608 1.86612371718535 2.45645827489481
1.28700078168286 1.66877343636243 1.85589216874421 2.4715967374264
1.28836241843914 1.66179270466629 1.85552442608131 2.47081482304583
1.28861928280485 1.65864453080429 1.83887123195512 2.41754478947066
1.28946445419822 1.65653792835081 1.81043361909008 2.44850081507395
1.28849987813969 1.6634345416873 1.82820755488089 2.41333461941847
1.28904925237302 1.65794856174603 1.8346231278727 2.42058605282791
1.28845618540758 1.65011170179161 1.83433544705553 2.42318356357391
1.28657884055359 1.64582958933841 1.83644454469114 2.47677488799214
1.28712549658014 1.65072243041732 1.82202664445154 2.45845428770117
1.28642583264708 1.64947113382713 1.83064872965832 2.43392539057414
1.28566133758227 1.64911495833376 1.84964056028913 2.46203068535568
1.28552722277972 1.64928363909565 1.82767342248154 2.46675073323722
1.28665230310249 1.64363644749166 1.84138983270123 2.43689630382782
1.28641570208525 1.63135714946702 1.82872961330431 2.44547325973652
1.28745299455833 1.62977732373544 1.82201009408365 2.45517430081338
1.28641773922026 1.63929380318451 1.82309593833712 2.45015026568558
1.28647743694706 1.64545674018492 1.82494644473915 2.4667097690648
1.28692618179091 1.64350718123255 1.81103668503573 2.44915506075363
1.28696096367988 1.64641790232208 1.82161212811883 2.45672342587904
1.28609694450171 1.63862222358197 1.84149100425103 2.43717479207722
1.28600445171867 1.63186321981445 1.83247939122378 2.44083631445052
1.28554923042777 1.63658190062749 1.83320954390029 2.39716964435784
1.28387176352914 1.63039060509434 1.82263921517169 2.41288454631774
1.28357462101889 1.62406310784905 1.81774143623306 2.43503033613284
1.28328631671647 1.62297230152528 1.81141817954754 2.4100307343957
1.28403484465999 1.62732452651969 1.81932457844497 2.4151429440683
1.28040072784565 1.62649087823259 1.82824435427355 2.42985945956023
1.28205354339893 1.61936518953915 1.83543189361136 2.44281874432411
1.27985036197251 1.62811088205374 1.81703892190854 2.44257252294013
1.281360427418 1.62267780909343 1.83105842215237 2.48101131401594
1.28294160594456 1.63008981566907 1.83300990460487 2.47146006199804
1.28186114073679 1.62077008197297 1.84123788028093 2.44336469100795
1.28248115638569 1.62385430240302 1.8289822104678 2.37688539700739
1.28139172092034 1.62594036650336 1.8361623200826 2.40456299916385
1.27955608636405 1.61904123538288 1.81954780695693 2.43487947420381
1.27832513768304 1.60920302991492 1.83855316195457 2.42605462985008
1.28011068399262 1.60680915095877 1.81757657538596 2.44908019584383
1.27857101834151 1.60800220214806 1.81315329242989 2.4841660052752
1.27808448401207 1.61154998807381 1.81389539741845 2.43951845695695
1.2786807680245 1.61622014999917 1.82665687080503 2.44795628166207
1.27891449406244 1.61543166369882 1.83058195116569 2.4469000363916
1.27773480672069 1.60006385299326 1.83320568808106 2.44781522739035
1.27748590262815 1.59658916755179 1.81175877979086 2.43797552531141
1.27757608562003 1.60497086446588 1.84211846714059 2.45218726416079
1.27855418466641 1.59744162140018 1.81906816348982 2.45854910651342
1.2794485931278 1.5911283984334 1.82223424124386 2.47917908980856
1.28001636970046 1.59619492983152 1.85375210556103 2.46089239755319
1.27933059434489 1.60150417572935 1.83829007920723 2.44374774145322
1.27733051573759 1.59521357025214 1.82510168129184 2.4329225517851
1.27912218308077 1.59395002329476 1.86017601673551 2.44433409804761
1.27975216529755 1.59977150660128 1.83141826053202 2.43276196394451
1.27998681129577 1.58981368227039 1.84256309591526 2.41857494221112
1.27789285361328 1.58146628247097 1.85176941732087 2.42951988878278
1.2774453180268 1.58350190809271 1.82901227991067 2.49932271771894
1.27828635622234 1.5863935074992 1.80916745572751 2.43956078750184
1.27829752326372 1.57970844618507 1.80708469417923 2.41978665460684
1.27865730757494 1.57928721239796 1.81966941220858 2.45429541020764
1.28183301321524 1.5736202928802 1.83607988020547 2.44687706156468
1.28127752576506 1.57134230957297 1.84475799322746 2.43409664449177
1.27943801955146 1.57116793553011 1.83792242672844 2.45628732679069
1.27852162930491 1.56214242426985 1.833522234905 2.46924042381692
1.27825344087807 1.57150242424563 1.8539757113752 2.43193823772461
1.2783210937981 1.56667607470488 1.82634379429075 2.44964635331142
1.2786550773254 1.56542315812758 1.82342714114981 2.45217726089234
1.28119742814861 1.5594394810564 1.84790020645118 2.43655706984163
1.28184743392887 1.56733191417523 1.83646814924591 2.40644831957342
1.28048804816964 1.57189411138152 1.81291328383611 2.45193368335366
1.28137507705135 1.57109727764849 1.83739418930907 2.48966768637548
1.28206019184709 1.56429175175308 1.81975420243103 2.47936392520466
1.28096352307298 1.56114666394516 1.81072124876459 2.42430633273007
1.28265497188334 1.56302411782027 1.8060905453126 2.41687117504328
1.28161171875331 1.56785654789046 1.81778114952824 2.40460149065601
1.28175731204274 1.56169827926461 1.84243780030568 2.44413933706161
1.28184688038553 1.55742081084353 1.84609842889007 2.39589699932614
1.28237010673203 1.55669448741757 1.85197278207329 2.38543029932729
1.28068402351024 1.55821118437416 1.83209567553043 2.39017755447988
1.28044971309363 1.56578984917388 1.82382605265318 2.43608741041407
1.28033884585239 1.5594042871757 1.83469487256271 2.47422921357846
1.28153035774435 1.55127633129129 1.81744239715723 2.44074969686834
1.28214285291215 1.55265303565351 1.829074923121 2.40756632092388
1.28437065638401 1.55069892245751 1.84414718741545 2.41705624876913
1.28368084736327 1.53610880162115 1.82870089330784 2.42080239293531
1.28281625673724 1.54883465113594 1.79314655306159 2.4115375989841
1.28162133343926 1.55244587370006 1.82637928075584 2.42509421861396
1.2820209105503 1.54584487756046 1.80847010175029 2.41331648442447
1.28105010045816 1.54903779581142 1.8270646180606 2.43226762203717
1.2812435506773 1.54826076901968 1.81952237399461 2.47784696121038
1.28193142310218 1.54694074043779 1.83773513068719 2.46192211940126
1.28150103340959 1.55255422828775 1.8221391581456 2.43653462833933
1.28190510808107 1.55022772018405 1.84301036163456 2.43198134516311
1.28157527586872 1.55131545806231 1.8584158432117 2.44392912760962
1.28207115338311 1.55208807211699 1.8123559880869 2.45092282872375
1.28219948674801 1.55425022138038 1.83984142684668 2.44223804277325
1.27959766190511 1.55131241671986 1.82728641825489 2.44435376123051
1.27749006900351 1.55641878215189 1.83841670429647 2.42580103204851
1.27685409364089 1.56378982389494 1.86884901721622 2.45184989469702
1.27732328865353 1.56048869240755 1.85081972988261 2.4724562760918
1.2778462321637 1.55520871220534 1.86656999939247 2.44896039056459
1.27737191601704 1.549975920344 1.85416645851447 2.43916276603102
1.27666820507201 1.54993193253194 1.86631703110352 2.40699563529563
1.27694216120003 1.54333581231121 1.84324126229583 2.42393514046888
1.27764411381908 1.54385164141971 1.83478144417068 2.42973579870232
1.27718138986688 1.53701083771508 1.85728125486853 2.40144318870491
1.27590263865893 1.54152516297148 1.84951997560996 2.4492688990273
1.27704561423389 1.53672911174244 1.82802616583588 2.44703934214137
1.27801814379379 1.53487651067389 1.82160775135814 2.46844966205547
1.27806009427099 1.53119629575129 1.80397296304664 2.46072658137212
1.28009680750937 1.53281803935079 1.82757413464926 2.44454975564599
1.2815182668787 1.54077892436028 1.84438797540611 2.43880725988054
1.28058356832872 1.54571250148228 1.82946851744823 2.43732306688715
1.28201809489527 1.54085327689921 1.83596248654443 2.46700790658221
1.28235882508651 1.53024549351903 1.82970225240712 2.47771868597256
1.27990968639004 1.53796253790259 1.82386481363352 2.43888664299048
1.27876741449822 1.5354936554932 1.83138476360411 2.44901308856194
1.27794443362991 1.5369137080645 1.82115927621189 2.44658771100596
1.27821165862819 1.53766038279441 1.84282956804659 2.41622825065111
1.2785786353679 1.53164314879667 1.85392539443678 2.42543579939107
1.28060376351713 1.5296524874591 1.84005010102679 2.42617667772453
1.2817296675095 1.53484540732975 1.82493904635836 2.46049085811968
1.2807448947391 1.53744223992539 1.86353753222796 2.44305123532564
1.28040581966059 1.5279584679486 1.86723859592277 2.40847771688125
1.28126679518754 1.53615345473956 1.87516165753514 2.41038088282084
1.28249701653429 1.5371735218411 1.85658954374076 2.42797162618281
1.28084080195434 1.52947235196515 1.85725099024176 2.44425975185135
1.28090595656991 1.53144512260008 1.87504821842366 2.40780698851497
1.28047050800879 1.53450101441288 1.86213199968485 2.3962720853286
1.28157886009644 1.53875535756705 1.87282781207193 2.43779643340072
1.28010011267481 1.53600508755224 1.84402050766339 2.46796832232585
1.2816395765395 1.53050983556117 1.82290685960476 2.44563878826389
1.28191678569994 1.53446903982803 1.8380701063223 2.47195053466236
1.2822734280534 1.53026838454519 1.83329120221248 2.44991637393744
1.28248485123011 1.53291636371261 1.83203862168089 2.43299673719181
1.28088227372502 1.53422241926441 1.81493353844173 2.45220588579537
1.28112941337915 1.53610235609335 1.82292669810008 2.44465081360047
1.28155119145441 1.54090239621682 1.81066086288453 2.44727829758277
1.28305949587359 1.54197223155675 1.81411910786588 2.45517724479675
1.28240094717786 1.53719860643631 1.8332485885811 2.47959287944323
1.28304674313804 1.53874801884977 1.84328423898024 2.41000962293938
1.28220875470367 1.52947874866242 1.85664992776886 2.39876200211592
1.27982637914209 1.52191998110686 1.87183122077658 2.42894987297174
1.27882480878863 1.52631289553021 1.87267825820612 2.42615639856962
1.27834773345508 1.51657638966707 1.86548086405582 2.44353863412645
1.2790439652263 1.52356942888192 1.86454656206592 2.45358953353664
1.27946116182493 1.53641836002313 1.84595173202958 2.44466927956058
1.27965254267902 1.52627057880349 1.8254445756159 2.44564346510792
1.27989761350166 1.52047620826585 1.83791650496188 2.46366533215928
1.27927252208107 1.5276208448392 1.8398474153837 2.39253133443698
1.27645986331244 1.51930317660731 1.84351074765712 2.42637039697609
1.2780791677125 1.5185044101774 1.84126094909585 2.40726180073126
1.27746245113828 1.51438940015135 1.85640337344039 2.4245155936101
1.27734686218973 1.52853432613524 1.87057619147322 2.47374805724966
1.27687336100347 1.53121404739606 1.84858600283372 2.48304329726022
1.27696240822563 1.53149457372821 1.83470884686949 2.48182507601175
1.27683714338354 1.53756517978725 1.83201554290241 2.47676654963448
1.27912696226951 1.53001548538882 1.81794218669795 2.44119947876354
1.27797501160263 1.5286692931005 1.8303381663575 2.40215447049762
1.27627051397416 1.52325850436697 1.82443372479788 2.41768190960192
1.27553105919265 1.53195004292913 1.82275742923657 2.44356316322309
1.27635873775493 1.53070618742314 1.83684955453506 2.46917858971573
1.27893469445325 1.53586350450498 1.83244257237153 2.49806215491325
1.28064451259537 1.52283196725398 1.82659556814575 2.48780282037731
1.28079943446808 1.51758247779695 1.83462412998876 2.4858118752656
1.28096942147019 1.51699801563845 1.82728704491116 2.52600620863563
1.28119569871699 1.52940236706808 1.83790326167674 2.45384191396042
1.28035931195644 1.53146422996021 1.81462460808417 2.40990274771073
1.27989964493823 1.53169899713363 1.8210658384265 2.41899885313827
1.27863498547516 1.5367894887138 1.83582437754665 2.42356107370164
1.27923717500709 1.53403857761807 1.83342126684152 2.42562729619286
1.28016472813115 1.53100430562845 1.84256788001885 2.41933412423215
1.28186603984145 1.51965608775381 1.82852639393313 2.38667536618375
1.28005043312415 1.51765807673967 1.82169361032151 2.46670215170359
1.27958810543739 1.51935723558036 1.84226751407067 2.43748814678624
1.28142919290661 1.51495635575512 1.84226281005473 2.46325595867272
1.28073470089032 1.50424107105587 1.8343871981454 2.47594759355176
1.28113608272409 1.5122823923779 1.8596126576844 2.45104584772322
1.27952226050459 1.52410287219845 1.83849735595561 2.40583939468639
1.27936665594897 1.52746429670551 1.84293924696031 2.46762984983115
1.27949639682092 1.5274630938432 1.84227279554427 2.46385753952642
1.27958233990565 1.52991349420984 1.8195750298024 2.44867419014146
1.27764945331433 1.52648659606006 1.8437608029056 2.43915098698198
1.28000434525903 1.51941105778338 1.8439991317227 2.46491649382417
1.27880541160609 1.52300042055161 1.85233471078277 2.48062395432296
1.2793592833643 1.52370868074038 1.86709271712902 2.46430625805045
