0.1 0.3 0.5 0.7
0.00143556304236428 0.00310035750963136 0.00519663240267361 0.00773818587545131
0.00145717017488934 0.00389270809172031 0.00792591634137643 0.0174633683239478
0.00145447295054779 0.00536475271900088 0.0113379338551007 0.0165290634392438
0.00148306255178196 0.00545138694844456 0.0146055532173637 0.0228729971929282
0.00170043915135582 0.00659193784320595 0.0159596229869928 0.03313768178772
0.00176579078659078 0.00631242868217349 0.0161739952650533 0.029351921768125
0.00183735046249416 0.00771014635952296 0.0190272222673741 0.0341035074198535
0.00174263165665448 0.00886868923841009 0.0200362385960144 0.0308324153762956
0.00199540533085174 0.00920523507708792 0.0201300501247517 0.0337346491906326
0.00208380716370884 0.00874078688082583 0.0179795327276616 0.0355594847624665
0.00227072097816685 0.00756488902232173 0.0197599140525807 0.0375633348621638
0.00228909926005519 0.00774825429662551 0.0195045465999851 0.0419861570937566
0.00225039572086381 0.00930430069933132 0.0206373788604156 0.0368202729461735
0.00207225006281016 0.00793133532040309 0.0207112637427257 0.0350399521522271
0.00225654375902393 0.0092378214844377 0.0190511948363647 0.0403918070770405
0.00244169918005499 0.00867907760803698 0.0160131367229773 0.0416372047326269
0.00227882884502517 0.00948343450217394 0.0165356766790957 0.0404286173979842
0.00210536235291126 0.00918515284708219 0.020119800276342 0.0415982497411915
0.00207899719190738 0.00958548034069482 0.0193172374817976 0.0438918709246406
0.00171908461966414 0.00930204118589476 0.0227256732143581 0.0412545592710988
0.00223575870977688 0.00936178783205016 0.0249242015962981 0.0396434762789394
0.00222161482077259 0.00795369713729894 0.0195112801623506 0.0425861173995686
0.00230442212462965 0.00938429421914733 0.0171252491679444 0.036895450303825
0.00227246973593552 0.0103938710625348 0.021078396760169 0.0359032091999732
0.00233048573347434 0.0112534872016724 0.018294422003751 0.0371301285132552
0.00252388385730769 0.0114985621622629 0.017311714763695 0.0462473903315975
0.00272468522794418 0.0104552676226381 0.022226839895141 0.0421601772610966
0.00268794532266118 0.0105172000876685 0.0239180386556533 0.0383960327632611
0.00283518373255572 0.00975689454796982 0.0256473135336058 0.0391134873492321
0.00282465630019882 0.0097875528162088 0.0247777650297525 0.0446496637919511
0.00280732559593479 0.00827194094045625 0.0257042225225738 0.0461987191963674
0.00300624179755329 0.0081102006979789 0.0217593730719032 0.0374864025889423
0.00323734309450534 0.00934411250226987 0.0230557851551474 0.0458259376607569
0.00305024673884624 0.00934602748249553 0.0207055187888482 0.0419833153279308
0.00321328884375826 0.0104698831439484 0.025007859609312 0.0495452660885687
0.00337771702616757 0.0104100949917892 0.0224812540695412 0.047550382309512
0.00306515155208806 0.00969515056222086 0.022523245203351 0.0474913591548101
0.0029379856762981 0.00937982443393825 0.0225050178570396 0.047834455362057
0.00308671973987753 0.00937157119646394 0.0233193950416329 0.0553636071332476
0.00317167091706276 0.00991196278936125 0.02058818379958 0.0525436787240856
0.00296018851912607 0.00917632503971528 0.0251581071323063 0.0626541254759346
0.00325555161525673 0.00879718563479275 0.0214259864377151 0.0537208560304465
0.00345068574143002 0.00835486898295863 0.0221507369424857 0.0535333183428649
0.00336895787130738 0.00769743317841497 0.0211607436408859 0.0622836999787966
0.00331915630914812 0.00924413653315904 0.0196385263585961 0.0619845362724481
0.00320616776047471 0.00904388437594359 0.0274067388701958 0.0653152173343283
0.00324730755278027 0.00923904517081225 0.0250443854196896 0.0645594997412428
0.00311847503658981 0.00989457069688674 0.0266269471876164 0.0629242124754083
0.00312245374951651 0.00895584960316213 0.0255365150588503 0.0622900486551409
0.00282366225613758 0.0088774775656712 0.0218249756753301 0.0613079146091087
0.00308946788548881 0.0105092706453007 0.0246025957592341 0.0627411743986997
0.00318726293316262 0.0100114320527477 0.0231973018116829 0.0684959998723026
0.00305036640145304 0.010372445580066 0.0254403572750351 0.0786591631441285
0.00301816205549995 0.00868991403255531 0.025883934669659 0.0766654586393607
0.00289838668382661 0.00991708703466614 0.0264021068725667 0.0805862560651039
0.00302149015723242 0.0118341552504681 0.0248513185717716 0.0746442304530029
0.00301736212905696 0.0104734891783575 0.0294585632387805 0.0791895929961935
0.0028487374610687 0.00920004279351542 0.0290921552782227 0.0694061817189787
0.00299949365953331 0.010355717215894 0.0274229275396789 0.0606654637796301
0.00289030856565047 0.00947519071181917 0.0273661265216216 0.0631170498641394
0.00299174541443911 0.00810253805909391 0.0297513465974242 0.0635883085607678
0.00287809068388516 0.00894565319414124 0.0298856678441646 0.0603682880244285
0.00263824192466327 0.0109742496968274 0.0368368623909525 0.0643998440567651
0.00289978331314606 0.009995100824543 0.0367977711011986 0.0584744690438451
0.00259017065757025 0.00920136782272186 0.0349547741383302 0.0595638314826767
0.00259935576878509 0.00915004893611403 0.0294064930352348 0.0656012922038863
0.00273464129391965 0.00834027647033718 0.0353939283785299 0.0631876368025992
0.00273360099341166 0.010266145407283 0.0343232602988101 0.0704344625222951
0.00287666822281195 0.0102207537323415 0.0339436205408498 0.0673408408762996
0.00293234920672665 0.0109603932688544 0.0353081739498838 0.063232327153097
0.00276032810336732 0.0101706347581993 0.0332065629656274 0.058636067761272
0.00292037979773082 0.0115291467240495 0.0330497718628936 0.0573105575749302
0.00298488415828459 0.00976586517157993 0.0352309328017942 0.0602238224258438
0.00317571358677078 0.0102603946509171 0.0369220545317122 0.0581612015171276
0.00326015776596834 0.0116647743568897 0.0367444259766545 0.0477940370334649
0.00308890293402413 0.0124963511770641 0.037811547357021 0.0521413055885513
0.00292365431192549 0.013306155531552 0.0376485416475906 0.0544773840313709
0.00286171054208223 0.0118667790537155 0.0314883687806387 0.0619376525295075
0.00299472767123796 0.0116845997550765 0.0298739402983015 0.0575718938758713
0.00272969549742223 0.0115572946417403 0.0354612923449688 0.0527851280194905
0.00277453994551325 0.0114068179154125 0.0386171170342356 0.0549872860083317
0.00288530022004576 0.0106977432602926 0.0379192181601438 0.04817497490052
0.00325186843629164 0.0102431533308604 0.0388948699198907 0.0457295721352124
0.00290621514373015 0.00952528838572409 0.0333990730961688 0.0448629542448356
0.00280343178434349 0.0106851229100335 0.032212859984327 0.0473255033058585
0.00334702593903996 0.0122711533024353 0.0321311931822714 0.0468987967149856
0.00328178970025147 0.0127398890128889 0.0355020292050035 0.0486015574909223
0.0032601302737257 0.0131164134806397 0.0357193384622416 0.0468407963642772
0.00306394037047293 0.0110602403411773 0.0348423011115135 0.0433912461799478
0.00275255525546167 0.0130389076796628 0.0359973623962984 0.0445842879827116
0.00292397583460826 0.011807633383425 0.0375053198627531 0.04242281293972
0.00311806434127507 0.0119789101952905 0.0355107608954581 0.04060652848485
0.00334139569696405 0.01075668138014 0.0356408745573171 0.0400169413725405
0.00296480548422108 0.0101829471800232 0.0335214870041943 0.0493974571939504
0.00289998590687786 0.0110638698016033 0.0355081422352577 0.0471315339567279
0.00303653931690527 0.0116971188320808 0.0293297141860196 0.0451150870788648
0.00285673454657884 0.0120980068675047 0.0343394642535208 0.0448980729598997
0.00303809979975208 0.0113605133397602 0.0307479904219384 0.0483514969982447
0.00294278300348323 0.0119117926591701 0.0285073683258253 0.0482346357227341
0.00297128650068362 0.0124506132842873 0.0255086190116866 0.0476014674012269
0.00322181588280135 0.0111985276833585 0.0335132577765455 0.0416928544353713
0.00343213066134344 0.0109341470696371 0.0301600207268013 0.0428079492461755
0.00313059411179723 0.0116502612235297 0.0294668286053625 0.0468621734959639
0.00298894553406587 0.0129695143447378 0.0259208708506591 0.0411344957777378
0.00333051868991658 0.0114225985196577 0.0283362061224375 0.0416634443295529
0.00332903344805276 0.0123124350950471 0.0249179586150107 0.0384407105716372
0.00374735622435822 0.0120762489061864 0.0237520135291932 0.0385140428671161
0.00350062660873307 0.0120900796069975 0.0246036912522567 0.0379958675049782
0.00352684686426411 0.0106918570621569 0.019517925466628 0.0403242478276643
0.00335468700251269 0.0117542780750557 0.0202126517044932 0.0365200326924797
0.00349674714129129 0.0136565871004967 0.0214889562677841 0.0341880253134337
0.00351104673400576 0.012637630698352 0.0256321279231267 0.032545938190239
0.00351056882561528 0.0137409829515137 0.0286917000913557 0.0328797108625653
0.00346855117086943 0.0146842708276487 0.0221377388694519 0.0283693691022115
0.00328356899793414 0.0137642257985916 0.0216318496558322 0.0387934781392024
0.00311910326590907 0.0117965908761118 0.0206840114991322 0.0370941479956877
0.0034288455498077 0.0131112892000521 0.0220720038341791 0.0376919369923449
0.00311759461067962 0.0122201518059352 0.0259329758033867 0.0369816260668758
0.00345536044829542 0.0132255264328409 0.0219227167145121 0.0305463332408225
0.00321263693485246 0.014207253783377 0.024100493953681 0.0409681377461551
0.00321981422519698 0.0123458377364872 0.0216579513032626 0.0348672481322673
0.00321975505600509 0.01189320146709 0.0260269100915277 0.0353586521750311
0.00284567090319957 0.0113599974619711 0.0238667190595609 0.0437681621007488
0.00295861924245525 0.0111665385405906 0.0246404818412724 0.0383909324064408
0.00301116433250508 0.0126687531923335 0.0249152258618583 0.0449635298440882
0.0031498892085815 0.0118396843016937 0.0246401068150925 0.0423362279673555
0.00303400545235485 0.013517935335387 0.0211247913214501 0.0419338929064802
0.00314807293749106 0.0149305326513877 0.0221766562638059 0.0425582969782948
0.00302792107757204 0.0137218699577693 0.0206883476895143 0.039722311940656
0.00314694804429765 0.0140819752820721 0.0222498763485752 0.0317956528923478
0.00278261746979029 0.0142814989584709 0.0215172023377354 0.0401904125158824
0.00292796809917959 0.0143275065421464 0.018648050798696 0.0382003302549223
0.00295042683626797 0.015222059896375 0.020052152504818 0.0369583958542416
0.0029638601887341 0.0136735985923336 0.0195064254063629 0.0377630033692743
0.00272348894392311 0.0152181609165809 0.0208471280417715 0.0398509894686431
0.002896375119746 0.0143819670070699 0.0212772643911209 0.0420298200647187
0.00288738180075234 0.0153572617048724 0.0230338124039021 0.0419865270607852
0.00291341715736069 0.0147783857786902 0.023987997691059 0.0440206067405763
0.00276683466173311 0.0150996512998193 0.0206075578291859 0.0355989337745953
0.00261456907306887 0.0159413659743616 0.0215878034698379 0.0330387089157942
0.00262938392090778 0.015328014722621 0.022679394374682 0.0457711500386161
0.00272063684303553 0.0124687551972622 0.0205968166259301 0.035805342908656
0.00272603581086933 0.0132300630145294 0.0186032490794408 0.0380336026286971
0.003003499474838 0.0135922034172958 0.0190146867818076 0.0364916803346732
0.00269915881910426 0.011413152108354 0.0217872195373353 0.0378893752189666
0.00262778181643527 0.0139322176603728 0.0214479451242507 0.0314032360139302
0.00273183152745317 0.0153882265546694 0.0270152892258893 0.0324026710225959
0.00269716259802417 0.0138295853366918 0.0246765328306382 0.0401416539465173
0.00269682816229185 0.0148313251604073 0.0209848682109683 0.0329114529240674
0.00292228631401134 0.0147596109256009 0.0208888342475368 0.0374759539038055
0.00321741814300773 0.0147630527431419 0.0209740701047953 0.0336609572521547
0.00315919826682836 0.0153298603557624 0.0184015341546389 0.0311536978067239
0.00302888766894003 0.0144215077906055 0.0166539360937676 0.0351945485753695
0.00311142333190267 0.0134066719808041 0.0193066894685892 0.0364291365177467
0.00295859989108094 0.014849736618292 0.0195735860369607 0.0410647738217617
0.00335259110903233 0.016058891505978 0.0205260311257368 0.0365460835781614
0.00311781049980099 0.0162422728294667 0.0210417351965915 0.0360555482793486
0.00336359017533518 0.0141245430265292 0.0191446078186037 0.0331640053003313
0.00358028959010675 0.0125060851011097 0.0202854700377019 0.0322998786931746
0.00351296767578098 0.0119549473169142 0.0168781592793475 0.0362719950686446
0.00333154798259295 0.0131093039666378 0.0176254804143552 0.0338258858213667
0.0032074842701677 0.0135048710493098 0.0206886017908239 0.0361976583113936
0.00318795612458543 0.0132562137803246 0.0200929389997089 0.0376894276029779
0.00326527630475184 0.0127577303876798 0.0203380369401108 0.0403662876066434
0.00325610760297804 0.0121246202775876 0.0265540726819153 0.0396335725383966
0.00337563762903161 0.0123628807907064 0.0258377503845773 0.0382983693296089
0.00317346171830442 0.0130440092011167 0.022962753391938 0.0375479897782713
0.00287789259884456 0.0138545138059331 0.019923246443491 0.0437736038240581
0.00285024845964551 0.0127783312597588 0.0205155176775966 0.0478760736939903
0.00257580206027574 0.0140781830720433 0.0231429164091901 0.0399498447846903
0.0031504619690848 0.012542935277033 0.0211316814215085 0.0362640983220179
0.00324854421478186 0.0134814726522493 0.0173455041364685 0.0325490998132235
0.00300567057202874 0.0124421049344269 0.0199003071217053 0.0350607511576718
0.00311749782807914 0.0123868104838903 0.0199339222076852 0.0358019978786667
0.00321480435910984 0.012554041763775 0.0190625656127749 0.0331353153462996
0.00312847734716553 0.0141220038088188 0.021526049330636 0.037237744959045
0.00327975972811098 0.0144358621396131 0.0193467506473069 0.036769650443822
0.00352565592762819 0.0157461611876152 0.020236937238183 0.0306127105780097
0.00326851215756737 0.0137108770546347 0.0248384307885722 0.0391373498354234
0.00354635255670376 0.0141790126573002 0.0195073318353446 0.0438181543531509
0.00356522450154645 0.012307579196839 0.020485431166603 0.0382336314593796
0.00379960882660721 0.0136727986959875 0.0182320458923473 0.0370887886076677
0.00372624432362629 0.0131101464778518 0.0214964606088604 0.0385110573849658
0.00365248226648594 0.0112796823850503 0.0214357170367788 0.0401439971565136
0.00333303749079312 0.0119418609646931 0.0251444816366454 0.035179799702107
0.00331829403769943 0.012013339648732 0.0217805081478595 0.0395795924058381
0.00321994288293607 0.0112563428788768 0.0207239494685451 0.0311423350388818
0.00313870443734997 0.011711455474299 0.0217255158907823 0.0392436897453312
0.00304963061451232 0.0113469431689698 0.021693166434815 0.0391123122730875
0.00320261359806205 0.0110491457633487 0.0207855138555515 0.0414283207214749
0.00316483454681334 0.0113281248800586 0.0188422634590861 0.0356802870424089
0.00291633448914998 0.0114641921060924 0.0165393803985005 0.0422677961294407
0.00319948417872592 0.0119383643980152 0.0212628739276089 0.0435104520469225
0.00323350110001101 0.0107208771996166 0.0223728980002277 0.0417716343568783
0.00288685887787923 0.0107890888557062 0.0195473030034218 0.0340928525014864
0.00307279772443973 0.0112899935184462 0.0243259683647891 0.037234263704037
0.00310092853126735 0.0105602085990927 0.0232586342028137 0.035912304233645
0.00280777009873659 0.00959247599524606 0.0212120251372026 0.0303296383317965
0.00311312380971008 0.012014352419957 0.020170799666706 0.0296004297652723
0.00283917455934602 0.01127579087093 0.0197204804945311 0.0348144126462557
0.00267702969486649 0.0108569907981446 0.0221309648706601 0.0353179773648695
0.00269165995791904 0.0109473152100095 0.0197853916622872 0.0275237572409675
0.00264046709597344 0.00815653129965401 0.0205955438090861 0.0401392538876887
0.00248286327127268 0.0094069596287383 0.0236288202757323 0.0330231858031772
0.00234113972221887 0.00853126261199373 0.0181431948004711 0.0368144319455773
0.00235203485976591 0.00998719244491456 0.0197515079225556 0.0295368430200362
0.00256592271241581 0.0110966863166534 0.0214778264430381 0.0407355121696331
0.00254645131925333 0.0101268254306852 0.0210608460879364 0.0414471033183358
0.00282383358913055 0.0103644098403919 0.0191459686365907 0.0359986538376792
0.00281689620742638 0.0106386773492218 0.0229278696947767 0.0302360331903745
0.00276886844190628 0.0114398851249572 0.0167159312561905 0.0351905725660681
0.00283776579705002 0.0104951582865669 0.0186280206642909 0.0383628351825466
0.00259969821568016 0.0101084695656316 0.0213311862972267 0.0418772981699052
0.00267017926757603 0.0107936978434446 0.0204267255525009 0.0442296348619236
0.0025343768425166 0.0104245768782547 0.0185438279894743 0.0437579489462298
0.00252457314887756 0.0114673494578169 0.017637941151346 0.0449576180144297
0.00278870696610037 0.0108349273894782 0.0210530989584621 0.035748861549041
0.00289067501526046 0.011000760536917 0.0200776066501764 0.0367235720498446
0.00320525919993136 0.00954651288961746 0.0237435154931409 0.0361764644119169
0.00283312410656857 0.0108232698581535 0.0255140748559764 0.0370749398186731
0.00300007204479728 0.0101387011607633 0.0249264762820289 0.0378610884662097
0.00297662757691062 0.00848542582770134 0.0161815306145921 0.0300975397231591
0.00286460057304093 0.00927404770199894 0.015439370016852 0.034469001379148
0.002622274088251 0.0104368878007337 0.0213787859479827 0.0325467808923435
0.00253986748386357 0.0103347981452991 0.0212463700123248 0.0322451139434796
0.00254319068211712 0.0106097253964956 0.0224129611736096 0.0346938390198022
0.00286813262058927 0.0103550236363277 0.0227182567622007 0.0392862457361834
0.00281268364961282 0.0114006535182705 0.0187597628057989 0.0384902405390768
0.00261683297941137 0.0121844495642782 0.0160535276037613 0.0383772044358849
0.00288220914819364 0.0116663188673338 0.0211153866463366 0.0351731517348798
0.00282489982842154 0.0103120780850688 0.0211350681925148 0.0333347787847487
0.00280340439785754 0.00967948003749971 0.0202832708958502 0.0376990305576143
0.00298011949710238 0.0105321118921118 0.0225832965150865 0.0346034932304123
0.00282778151066049 0.00967863066849289 0.0217653871973659 0.0452989482179432
0.00280818730467461 0.00956727260252573 0.022123975821285 0.0434738787140418
0.0030449620795898 0.00988386627877955 0.0214117928785262 0.036284494717064
0.00275429931930983 0.01022526776919 0.0207777269096067 0.0370289299094073
0.00304948411850453 0.00903887195290788 0.0213537466412443 0.0336488299786393
0.00316359945040317 0.0106361448032502 0.0182100045138289 0.0313672010873425
0.00302984160196144 0.0121128696446003 0.0197485658998514 0.0374423870908919
0.00298558343500854 0.0114227769087259 0.0185670850243126 0.0392219720622594
0.00323642311173968 0.00930228466633262 0.0217865726139813 0.0417186379554887
0.00342002211183785 0.00939170779601023 0.0217568542954184 0.0423128980806805
0.00311822564549696 0.00922411576531285 0.0222472289473761 0.0410315784955778
0.00296682726220536 0.00981657388729965 0.0221526875146061 0.0402933199906554
0.00310487639547707 0.011615791522107 0.0232855611030246 0.0378486324953596
0.00308053197287663 0.0113648486185091 0.0212611979710364 0.0414716705565743
0.00302116732626709 0.0108472638717696 0.0208675080168213 0.0472695045328166
0.00307728967129963 0.0119511737033224 0.0213438899463418 0.0407163286352406
0.0030070340180211 0.0115621749910288 0.0172208999455442 0.0386285024677256
0.00291217734066384 0.0102785373086077 0.0203083314008582 0.0281547889955902
0.00323592021110173 0.0103194248172481 0.0237045690428965 0.0285055458501809
0.00284523656447322 0.0101124029211631 0.0251510156853566 0.034442376015673
0.00272325760372409 0.00983190197073059 0.0225637356153451 0.0316878396912345
0.00251785571121832 0.0103427489132813 0.0199249645937044 0.0334889831649652
0.00270499946819176 0.00937273425807535 0.0191303819952303 0.0334693991247631
0.00279576976412254 0.0101738515057036 0.0192537044379343 0.0361065619139706
0.00280001375728465 0.0097763081671385 0.0181260688317699 0.0388890040984474
0.00295561975986931 0.00949871088763833 0.019758883873294 0.0381772190324659
0.00311337975620509 0.00872783548691628 0.0198801999943125 0.0261013471324999
0.00317391775510629 0.00863708829330672 0.0160960170298314 0.0305094698984293
0.00281026029070005 0.0086802847210376 0.0185543744747732 0.0316837859514881
0.00316822821914421 0.0091740511757989 0.0219977235015398 0.0350602477679819
0.00283914584073473 0.0100037531002477 0.0206585197266811 0.0388612980926196
0.00327264618383904 0.0104416685576395 0.0197312220519823 0.0376399492113605
0.00308471977809378 0.0100151140404203 0.0209574524795094 0.0302859492609406
0.00311947278393738 0.0100798356950075 0.0205627045722674 0.0324028969108449
0.00299907628342898 0.00973256670668107 0.0237695901250605 0.0405278194256181
0.00295923253854903 0.00871754934825025 0.0239828183429273 0.0345349235860916
0.00292155496583179 0.00945655800377136 0.0226918778986361 0.0391991104699163
0.0024915687411951 0.0103098447833744 0.0210568802859935 0.0343652021004853
0.00273895187766092 0.00777875413586646 0.0197931602716728 0.038795813650998
0.00285722594009123 0.0103526363176871 0.0207856211707944 0.0352665429053204
0.00268538028312795 0.0105111446475195 0.0203288105095285 0.0382540008687573
0.00293596297183284 0.00870698845388988 0.0205497855159524 0.0347899358411323
0.002789809881447 0.00963480776902919 0.0189797715790672 0.0327404685163801
0.00276777453584647 0.0104102912107733 0.0208564987919878 0.032689861139764
0.00297040284952107 0.0103508092791559 0.0178506241455891 0.0401340650051311
0.00309265635752889 0.0102763487716103 0.0164207725967177 0.0365463053990116
0.00295887454648754 0.0106556216626844 0.0189689714918133 0.028888323632525
0.00335822470400905 0.0113416211738857 0.0207875274438953 0.0361769632635723
0.00296727134417127 0.0102896819858938 0.0163556403651045 0.035973505548196
0.00303630768824658 0.00920577780947644 0.0195947709203598 0.0319893814928476
0.00284206504771205 0.00936308623043771 0.0250891000206754 0.0285761754502498
0.00286536307533436 0.0102615298147071 0.0212670019697748 0.0371201364092172
0.00258557363550762 0.0107659862250288 0.0219995226334031 0.0451524123699136
0.00304908161462334 0.0116494305034188 0.0195817968016584 0.0423630671153021
0.00340607798416361 0.0112472622371671 0.0188525939077853 0.0409433477550264
0.00343454169888312 0.0101452448362104 0.02119222281265 0.0404731246656222
0.00365112113892763 0.00890938498858952 0.0207314398100604 0.0338247530009737
0.00388999802871157 0.00862285613477285 0.0206944978681715 0.0340549010216858
0.00432655705478515 0.00904776308474452 0.0190508553830741 0.0374369028956815
0.00410046496595648 0.00929038242966633 0.0215251768708412 0.0417011376044229
0.00413282524070908 0.00909987190775375 0.0206989315483367 0.0385378175950506
0.00398873124426945 0.00923718894172672 0.0205395400207244 0.0368075715451623
0.00404526258910775 0.0101072825529846 0.0215365817508105 0.03309054774323
0.00389004875677074 0.0104588381279909 0.0191926697064818 0.0404083402796386
0.00386058147548143 0.00968010140187264 0.0203872119404071 0.0400564654324619
0.00396904892546102 0.0120535272724563 0.0224590933666905 0.0413684661351314
0.00411658870079451 0.0112544427815151 0.0217955942033079 0.0456680736367082
0.00382147753178033 0.00946547162394244 0.0233078350310353 0.036216367724265
0.00311052152464753 0.00727202417066326 0.0230720915081612 0.035927728121153
0.00301574647514278 0.00617803642490106 0.0194329005180051 0.0400055634909447
0.00311812879747848 0.00782325762059632 0.019189105960542 0.0379382024695441
0.00320914471393566 0.00832052775295672 0.0193200201756782 0.0315650384673793
0.00337794258710961 0.00955936643977085 0.0171196431589475 0.0290625397129651
0.00341704584592693 0.00955313929711927 0.0210232966780102 0.0346926264203306
0.00298399690249697 0.00950970638442362 0.016605966892257 0.0367790856311503
0.00283195445028783 0.0087579114660049 0.0194497909046543 0.0349169155928181
0.00264789732759895 0.00818738390057015 0.0200355657963665 0.0365304235044321
0.00278971741158729 0.00918036636115769 0.0180741166367498 0.0429678711178218
0.00266428854515699 0.0097100475158639 0.0222942230187298 0.0407948086846358
0.00278547570179517 0.0104708203012665 0.0206277302730084 0.0390870455907054
0.00287473998432061 0.0105194295657976 0.0234636815830845 0.0333900451987714
0.00344971387108675 0.00915250085482966 0.0246790347423368 0.0403532843268273
0.00354218821063464 0.00933265666289935 0.0211136617533334 0.034907287990146
0.00348918814830112 0.0093399748682313 0.0218865377285107 0.0377445291084461
0.00367069122770078 0.00824859833115639 0.0239950454006585 0.0367540947246917
0.00381158305412023 0.0088287645384873 0.0198405942278588 0.0350908116630318
0.00342232025464573 0.00756750307968631 0.0223351192147189 0.0365658584421347
0.00341740155600082 0.00975196866317944 0.0193058382407867 0.0376115831707936
0.00344896037276864 0.00855815509436838 0.0227692550413418 0.0399318531637224
0.0034147644416137 0.00934943736593783 0.0214855515556566 0.0354324474047909
0.00292367617012006 0.0104379995315005 0.0195415126116832 0.0383126502998521
0.00320823016477816 0.0106965822715675 0.0205299228254799 0.0314441230657921
0.00324203708501277 0.0105324438277845 0.0198973558327622 0.0324686849181739
0.00332362726915211 0.00917927012431148 0.019333932262827 0.0396137427935124
0.0032299216011355 0.00867604825359612 0.01940081807307 0.0382174514467377
0.00333191732418881 0.00901879694795451 0.0199662117743007 0.0340304309255223
0.00333209257390942 0.0100784580213078 0.0180004000542107 0.0379838231847769
0.00275181577894529 0.0109483448677886 0.021133973461071 0.0362718419371985
0.00246190832480019 0.0101835941767201 0.0217552224706398 0.0303303547803533
0.00247535767502648 0.0100791228632396 0.0176617935986593 0.0344171865679899
0.00248523690114843 0.00998459935844698 0.0188677123561566 0.0407380329046823
0.00236298256616765 0.0116761852086204 0.018604833571348 0.0385725269911957
0.00277103559351687 0.0103752997328184 0.0191982376399381 0.0456763821278727
0.00279693221970182 0.0122620601970597 0.020404432798003 0.0348303755620248
0.0029048415034577 0.0111821144214696 0.0216848951139039 0.0355623082793767
0.00269704973475345 0.0101929770874257 0.0205326258644672 0.0373260828353698
0.00276823809861972 0.0101592014442112 0.0199591352542812 0.0385627184411723
0.00297482168588472 0.0116486552416513 0.0191478445449942 0.0368879658900506
0.00284883966628921 0.0114914722958461 0.0187943503934217 0.0409686282825312
0.00272503515538947 0.0115227719304878 0.0182806924717627 0.0422817264498991
0.00266117795989431 0.0101883405732934 0.0161840290460608 0.039319935605596
0.00263756391795856 0.010452678644531 0.0153602696756372 0.0424860617460156
0.00271703730204283 0.00889875530836468 0.0152774332790275 0.0402748997582957
0.00253895779237516 0.00929779580797776 0.0176014086598828 0.0425540907230133
0.00279338727087266 0.00865122158295892 0.0206695155044994 0.0429106750763086
0.0026031134721742 0.00946487671833077 0.0221755721152778 0.037968938248202
0.00304489298730711 0.00845995500055316 0.0216084922667196 0.034674180116132
0.00344182638191814 0.00804574598386244 0.0200073481352585 0.0397782534255749
0.00330303625711203 0.00926340742811125 0.0212312844065971 0.0369716105615455
0.00304882308960122 0.0095944330595244 0.019948006299019 0.0393422249162304
0.00295617845328318 0.00883066533765349 0.0212868307903227 0.0378136622856311
0.00292284495420993 0.0110190129714962 0.0213593394515046 0.0392069587892189
0.00278356463726969 0.010285705441973 0.023402927140612 0.0333644870888759
0.00264752766965908 0.0103304508846437 0.0206949564179093 0.0320453158513134
0.0029926187416421 0.00978772136630983 0.0156565092046833 0.0379083878069269
0.0029974586974324 0.0103833151510098 0.0216860900454793 0.0368548369408876
0.00294265361057171 0.0105502724341171 0.0183755091872121 0.0343423301121152
0.00262798847063164 0.0103831230102081 0.0185661477167167 0.0367895432557241
0.00282463739520604 0.0107505095683652 0.0186456802569942 0.0294929111441383
0.00269638608210263 0.0108326228618395 0.0195571149095862 0.0337898151701384
0.00273197317916376 0.0100767953975734 0.0244403371847004 0.0399860406007952
0.0028038563689697 0.00925305754842877 0.0229977974208963 0.0420027748533722
0.00250999278331935 0.00936815167603357 0.0251620430516817 0.042597835344127
0.00237523848654991 0.00906480361223031 0.0221831561286025 0.0419961283929463
0.00244597939815865 0.00952781809895244 0.0220326838530249 0.0373982151021734
0.00292703428651845 0.0087178806206417 0.023268233032084 0.0373667966312114
0.00278475648297555 0.00989436516778067 0.0225519627926281 0.0415930973391632
0.00282790117492998 0.00937769917310337 0.0260588163861458 0.0478258447895244
0.00311333752864497 0.00828605676470881 0.0228918765195494 0.0458467011732423
0.00308049991260801 0.00892549445377206 0.0213896259953652 0.0437406141612554
0.00344902771415864 0.00960262699919568 0.0212769011760328 0.0429221490893738
0.00329509248161763 0.00893958226674263 0.0193142000253509 0.0444539800915789
0.00335307260730548 0.00934288099663596 0.022142493317965 0.0450837201125978
0.0033374140050977 0.00884486199111125 0.0213162112744796 0.0360962934155718
0.00334955286710356 0.00903570300448089 0.0199353591435357 0.0399744383344225
0.00341755690151505 0.0105081834783279 0.0186433461045541 0.0394132105306392
0.00361375222608229 0.0104257244592841 0.0200465342760217 0.0394907966273699
0.00376203730087742 0.00971299196748242 0.0199813330115543 0.0387177188734894
0.00372400631069229 0.00950339010753702 0.0221608598044231 0.0367829483604961
0.00368509548856175 0.0093000168839763 0.0233322523749617 0.0437477724115116
0.00355061769689972 0.0102440190596494 0.0200129452702792 0.0362184009921327
0.00323534739403457 0.010939596672829 0.0196789841089122 0.0338001473981165
0.00311963622181671 0.00947222716054806 0.0179216804777416 0.040712711809695
0.00304835545901083 0.00968139751191966 0.0198407563623163 0.0389894976212982
0.00312000733810787 0.00954089764321609 0.0186429067511632 0.0361640627791155
0.00300610389760291 0.00954297911671054 0.023894977108402 0.0405695026521864
0.00282416336929808 0.00816763366216937 0.0229358771563637 0.0409940850067436
0.00301755451254041 0.00881400679354242 0.0219215936885445 0.0421953341773407
0.00309831623314834 0.00793162387021411 0.0193300009297506 0.0347536567547714
0.00273615896696697 0.00821562374299467 0.0160698738450519 0.0345958487803704
0.00255613628293454 0.0092296838114129 0.0172843848591833 0.0347729156023098
0.00265512253116209 0.0090213390591531 0.0221672771366404 0.0341394165076206
0.00306128426685131 0.00857843381730431 0.0239557387869779 0.0374263413455574
0.00337055844230138 0.00840903085097931 0.0176272385322007 0.0379542452258362
0.00334211957126827 0.0113082903869159 0.0166794792889824 0.0410092711443465
0.00327147052686498 0.0104803748143587 0.0191357764997602 0.0438928048344687
0.00337658714952073 0.00851186826470516 0.0192717088605067 0.0428314026396556
0.00334434228314701 0.00949884716417849 0.0200629047116685 0.0399619700691588
0.00336253319504659 0.00895186934007711 0.0188792567913557 0.0405055834749973
0.0033156499827289 0.00871024889644752 0.0168209093230326 0.0331699895127651
0.00301510948643811 0.00859200103634366 0.0183311339954509 0.0376807878693352
0.00300345362078374 0.00932718272154726 0.021471950277742 0.0305766716436589
0.00312926508246342 0.010184376514003 0.0197042108307926 0.0301680356601224
0.00303399666827793 0.011031300046299 0.0199103364276688 0.0314439199843922
0.00313792582371649 0.00964051813548569 0.0202947508423454 0.0360363580725532
0.00321407608620352 0.008944110528673 0.0186995920853967 0.0443895450008747
0.00343561170596208 0.010454197386892 0.020344541136769 0.036850287096213
0.00333941932440399 0.00997406888120157 0.0202307972930077 0.0431604055690878
0.00319995797398301 0.0103536317878554 0.0228548109355135 0.0332810668243428
0.0030556091098903 0.00985661994515675 0.0173145162238439 0.0369855927645743
0.00314015698762136 0.00903127612027425 0.0236464988721721 0.0356538966796332
0.00342524773312539 0.0100567739315686 0.0220188959349351 0.0293491403153952
0.00329396195933735 0.00828340470081609 0.0186617035381256 0.0364993591671414
