0.1 0.3
0.00149234334968158 0.0032393682424805
0.001909689874655 0.00455644100868865
0.00199244158207806 0.0053752721305481
0.00250254840862296 0.00646652793130306
0.00270834468149285 0.00726007144474337
0.00260289096300862 0.00846730183370358
0.00266483666335544 0.00963208568766118
0.00281004687085805 0.0112372389148914
0.00311015463266783 0.0154292701673731
0.00300216749127453 0.015030985113159
0.00281139173047489 0.0178986585473506
0.00313676225615548 0.0220992088330301
0.00302577839564137 0.0246314229209475
0.00317572954023801 0.0273147714267767
0.00312827566026155 0.0253180518654305
0.00321495540496042 0.027836998401099
0.00357454314743617 0.0258068395761117
0.00433631946843925 0.0249036586815436
0.00476041045239396 0.028847332264243
0.00483848117227136 0.0307464304316505
0.00439214315632554 0.0304138115276086
0.00473250304386491 0.0270550137242294
0.00529634071526664 0.0298373896338641
0.00522457656876392 0.0284167590874236
0.00549974890284093 0.028967527658564
0.00538316997356282 0.0304893667860286
0.00540928900757215 0.0281749778081735
0.00565990610451818 0.0287886344689608
0.00548677687098695 0.0336135989923468
0.00538241171872801 0.0289347220889204
0.00549864178178777 0.0233297000146085
0.00597556163799841 0.0231641238377635
0.00660555723064231 0.0260164291197597
0.00676760873683508 0.0263307173546521
0.0065956116013275 0.0268806644227979
0.00718225961802518 0.0297865232010968
0.0074403200791592 0.031551222476477
0.00726071471510738 0.0329269339332353
0.00709905226150899 0.0296913182636421
0.00674303222292665 0.0291674277263688
0.00622923777535461 0.0319627034705701
0.00620738191801186 0.0319127679232039
0.00584050445845644 0.0286810193860626
0.0065035038938732 0.0366599027312463
0.00621031542017198 0.0375129258121401
0.00651919364147888 0.0378778640213942
0.00668864968488325 0.0416551690613632
0.00633289972288051 0.0397442093951781
0.00707991392716988 0.0373098595083225
0.00763008883655322 0.0391555398950513
0.00734175533880704 0.0339614280072965
0.00796388923549119 0.0341035061843294
0.00802044951786758 0.0379299193896931
0.00820996277563119 0.0331414338079832
0.0067288485532199 0.0268719493377704
0.00628158342229036 0.0301604017312548
0.00708630029689612 0.0314604395857502
0.00774456614635577 0.032366504903201
0.00689442218331577 0.0309326647508786
0.00642748871279895 0.0347727566565734
0.00665442649445629 0.0383492751833553
0.00789678592823891 0.0383130582787703
0.00770006912189964 0.0363609819065032
0.00797755025848748 0.0312148254209228
0.00757590871342223 0.0306841616237701
0.00694342616523768 0.0346997378532463
0.00723991541553497 0.0336880865065194
0.00589389781920573 0.0355461487727051
0.00617769952052 0.0362834258038722
0.00706909427181508 0.0367697325848914
0.00709816966249071 0.0348964980696077
0.0071857016608565 0.0356449145561602
0.00633346807070715 0.0344072134301737
0.00663232632829552 0.0351192125945052
0.00698938870175718 0.0307608294220377
0.00720472301093298 0.0312787217383861
0.00737990382614024 0.0268817105628011
0.00712256309117598 0.0295797379640132
0.00680975104270201 0.030419406830724
0.00729594556054805 0.0300414566225852
0.00775717183381574 0.0301691252640241
0.00684481278937287 0.0314719061812872
0.00669210186963327 0.0337687710933729
0.00624819283879256 0.0319608187912644
0.00530534587724251 0.0313646716732002
0.00569316422977938 0.0305325491960567
0.00655206185908289 0.0283690569850922
0.00712891126456934 0.0293554302265846
0.00668192241599837 0.0292816786107745
0.00657459770907152 0.0293490344894779
0.00790389919311751 0.0328913043089885
0.00793630012790543 0.0347556964931039
0.00793717780348442 0.0343306958664765
0.00770194607345736 0.033445838924312
0.00787500696889725 0.0326198992876582
0.00745674603480521 0.0356391595627769
0.00752982661692824 0.0378521564273003
0.00786345665479579 0.0371868459746721
0.00818314403769819 0.0364020466486721
0.00788539387557159 0.0346313257791415
0.00801454986046146 0.034705765764144
0.00835130415630501 0.0359375861534115
0.00924322818792005 0.0359291099783332
0.0085628654747361 0.0358010895624351
0.00944763615682969 0.0375013283462303
0.00905253546381942 0.0356863418749695
0.00802253343717559 0.0381321589543288
0.00894793505371949 0.0372745862112223
0.00910766190263423 0.0394094930621744
0.00839949440967149 0.0387719916197121
0.00872449904584762 0.039987632403725
0.00812144173852784 0.0416881902392009
0.00749384846568406 0.0445194858320483
0.00782973254556006 0.0472742779224001
0.00787485079310438 0.0457285238719092
0.00854083529401232 0.0472536310892099
0.00842833598718301 0.0444762380040353
0.00776618323521293 0.0457021003473953
0.00746849133463005 0.0483528495138165
0.00801959263066358 0.0525291321938098
0.00727679052560281 0.053826690090722
0.0078220481995234 0.0503785730739455
0.0077722328600418 0.0474926962326018
0.00739443295252792 0.0434008993309433
0.00772751959908546 0.0459668039478814
0.00858331766422368 0.0491008303055019
0.00838569794369932 0.0486161087057136
0.00853864829869786 0.0495535888308736
0.00943606742616734 0.0520675909387145
0.00835225382186899 0.0507873153412893
0.00840390819107448 0.0483061412328369
0.00777770524645916 0.0511191280569994
0.0076408898465619 0.0513465501434293
0.00738994495338665 0.0547326840193601
0.00793863874079437 0.0526094799563773
0.00736807329628473 0.0541283721366698
0.00706898482182377 0.0587212133143346
0.00696700090378707 0.0648124740697921
0.00647942018872268 0.0655831485092773
0.00668799185780031 0.061834129961927
0.00691468264469425 0.0648212703263647
0.00802471458716267 0.0636110651132693
0.00779118079560654 0.0674817356732805
0.00749174153277649 0.0674416734189273
0.0082548754590924 0.0630244276960089
0.00784651051981607 0.0639842770440141
0.00773638989516781 0.0653171972793915
0.00824986755938067 0.0697699770945084
0.00788089951682318 0.0668721826646944
0.00705313551393115 0.0695721305960482
0.00739873446303159 0.0717732386587535
0.00808212814036263 0.0724927517185709
0.00802358358176382 0.0687401387284995
0.00782268949189134 0.0744447937446547
0.00766990940253148 0.0774619840191346
0.00745167395629807 0.076660619374333
0.0072789213780037 0.0754408692242762
0.00779221751447215 0.0783715101769678
0.00840836522176439 0.0813845254559085
0.00873316053927359 0.0823869864638342
0.00762643040319783 0.0830561517293924
0.00739152509584719 0.08310939881507
0.00735030996896837 0.0830050205435961
0.00739056563338161 0.0849312419774228
0.00760074191750511 0.0796251906969687
0.00768287427415042 0.0777398283199036
0.00703884413627677 0.0782357807428706
0.00727077024072597 0.0783294914101424
0.00781278371409559 0.0765266062239516
0.00738850001649971 0.075406656724982
0.00673019154175551 0.0794020058424196
0.00711926293058381 0.0768926814352281
0.00724934785705122 0.0765150844513484
0.00721694207213598 0.0771076266299371
0.00760184817613145 0.0748793614417479
0.00824645878008769 0.0763781612302795
0.0090800249517917 0.0757143907374128
0.00849573506108375 0.0754462679726283
0.00848595954662464 0.0757231547408576
0.00838919295689586 0.0749641463764578
0.00885404036795818 0.0737217721968627
0.00872549099672196 0.075736936033978
0.00891812045258751 0.0734126602190361
0.0082432443657409 0.0698941277788281
0.00774642312805064 0.0758163579191484
0.00814692477218358 0.0762985305761545
0.00769560197422454 0.0743731163363765
0.00772978530771729 0.0725278286310795
0.00776974156610938 0.0726073843395537
0.00769754973173866 0.0720712704687778
0.00834705205539614 0.0709974112631653
0.00792297362533826 0.0709633851819361
0.00790912578006659 0.0745522511343292
0.00764991175187836 0.0706343706496797
0.00755870269652603 0.0735296889070599
0.00773559318281903 0.0685008321557818
0.00841556512528766 0.0708857328401997
0.00778689115867062 0.0705500945573349
0.00774130842701967 0.0719204248148046
0.0078105162781306 0.0727776788773332
0.00712473115262801 0.0760523707660726
0.00774222155332892 0.0759930830445487
0.00794066565312399 0.0759796317213171
0.0081872398780438 0.077105168118817
0.00861393775174412 0.0721396190736791
0.00881754094785538 0.065148802855084
0.00954566930124258 0.0639305827308555
0.0102109105575217 0.0671181163050862
0.0101758172974837 0.0651532856528061
0.00904650671518296 0.0650021679375103
0.00959160251622092 0.0652339169810401
0.0100190952961433 0.0681358204767157
0.00931511138396105 0.0654927150550728
0.0084080076021004 0.0660130338836833
0.00875794583710359 0.0604928689687294
0.00913207286227976 0.0561334435028188
0.00847567661544735 0.0531624435488779
0.00891105247459818 0.0553616723357237
0.00910493914701548 0.0545290178054121
0.00960571991368486 0.0568127795595027
0.00982479111231185 0.0587518581473604
0.0105145233096309 0.0589690000333433
0.00828617191530948 0.0575590768174115
0.00765877742140066 0.0555621260292831
0.00720191977058947 0.053124027231844
0.00782630624730478 0.0556168801430147
0.00789262226873219 0.0553643457537825
0.00800688565994083 0.0537389393580016
0.00756837220637439 0.0524507862391519
0.00775768473472717 0.0499406915864696
0.00927646770172715 0.0470159590954173
0.00910886036739959 0.0497551755625038
0.00897055610404036 0.0492636344110472
0.00970072066744761 0.0484924004796412
0.00935695186971287 0.0564910052500088
0.00874681431558968 0.0540998243845325
0.00935071420670956 0.0520501083551497
0.00818515362724318 0.0507834151518429
0.00866270598477223 0.0518293405724019
0.00823666076219147 0.0481411980851646
0.00736977888828886 0.0500934306831338
0.00714228633319394 0.0486483071220206
0.00723343283845979 0.0454620263891063
0.00698632619122975 0.0475887927824001
0.00743900371207411 0.0490687001511672
0.00710834883969384 0.0478245020439761
0.00772552999989708 0.0456069722636711
0.00779971695155839 0.0430612842874279
0.00862266621519654 0.0445679289229654
0.00941981439798541 0.0460256391975487
0.0092160212013484 0.046543467326589
0.00928630835258988 0.0514062660725707
0.00936107802518335 0.0559083256844884
0.00874499394807992 0.0494512268638008
0.00841492047336701 0.0518816921018344
0.00870553496541483 0.0539226744815703
0.00885833883631233 0.0564167457172406
0.00846419390611733 0.0574119560234762
0.00807176821236279 0.0522847706022559
0.00763103022982929 0.0483933083322013
0.00752944454518202 0.0457812869009681
0.00829947952760695 0.0425706102114448
0.00801928837686994 0.043728741365531
0.00871569461684253 0.0449945282560528
0.00890396231389558 0.0406653519037772
0.00902476122443252 0.0444674332038162
0.00982308057733769 0.0427219410749422
0.00953747493820812 0.0452319424600906
0.00974820897785099 0.0432283904457637
0.00917790649502221 0.0423678080499829
0.00837856538189698 0.0401990509300068
0.00856526243112432 0.0374701725763842
0.00857508141888111 0.039375330449037
0.00815541919005565 0.0381987662990133
0.00851269779201616 0.0377513717128561
0.00835992159544245 0.0364671602022598
0.00843887346106252 0.0415410479453146
0.00917263797167722 0.0417500205091181
0.0091271267672511 0.0417626468160435
0.00876831947449435 0.0413338411526863
0.00870955344053472 0.0437369838070631
0.00844802648118056 0.0415396815364367
0.00776927397007101 0.0391447065997945
0.00753975172012661 0.0424990646698469
0.00786267068236035 0.0424007415082217
0.00657824874609584 0.0459887463682471
0.00742069630610425 0.0439034175041338
0.00758129682399735 0.0444754066531725
0.00759650657503187 0.0451955084641971
0.00825991667027729 0.0427079750050813
0.00844051388343812 0.0383479140043703
0.00821453829553503 0.0349718016983376
0.0079699682158552 0.0338441945854332
0.00791325159770877 0.0338047098505555
0.00824148830078966 0.0342555747669148
0.00803409368344386 0.0313690294301314
0.00851046837186877 0.0304031519858985
0.00902106467135546 0.033939694110148
0.00973366233492162 0.0342967631216221
0.00939627427038892 0.0387755152604493
0.0101314828072413 0.037420044427433
0.00939801561828917 0.0406629522590467
0.00755140621407098 0.0392054135503981
0.00672435802840051 0.0347194141043215
0.00756035210711561 0.0321101639981701
0.00767258850253434 0.0285891219062125
0.00827926556931593 0.0278322650703331
0.00799980855271001 0.0289201276229593
0.00795609706331162 0.0362461864208554
0.00845407618527978 0.0324302775681882
0.00800693780164526 0.0351467581399681
0.0086800431868194 0.0336538095196115
0.00936667248977953 0.0335275645095553
0.0092160061787145 0.0306969007676306
0.00951418829288104 0.0330201866377325
0.00888133584834547 0.0320626092906935
0.00895386908064803 0.0328406221839656
0.00987764370165523 0.0343316049137986
0.0100125442739375 0.038056112921526
0.0100780629566491 0.0342513136820707
0.00999829309129247 0.0348413889564168
0.0100754095577361 0.0343490747445535
0.0105334663624286 0.0348903207854958
0.00911293910507356 0.0349719496478925
0.00870919753121802 0.0304189186677426
0.00823814631045947 0.0294640612776436
0.00882675313010921 0.0301867534375996
0.0088943118807374 0.0325224778492297
0.00925866785511202 0.0306648308480154
0.00897672038846931 0.035587398137939
0.00894075447743113 0.0340312419866306
0.00893448796704313 0.0312250330352304
0.00878997470095712 0.0333427116189593
0.00876862269678766 0.0360786944782486
0.00925507359179316 0.039322845789519
0.0089238080145534 0.0407982422195843
0.00884926955813522 0.0362252837461743
0.00908181714444562 0.0320771461750167
0.00832018384994656 0.0347059152732985
0.00740906747032626 0.0325867805689488
0.00712028718596594 0.0329901599267364
0.00775195587909296 0.032705031349827
0.00765638171797918 0.036996176895116
0.00807651920751751 0.0373593269225434
0.00820280570946936 0.0328707671293718
0.00930868795265756 0.0333161741312405
0.00836864793400505 0.0354733777265136
0.00929204776832957 0.0300616756996331
0.0095890218388961 0.0320444538154339
0.0096043679937516 0.0327522689127033
0.00976614432184866 0.0313687107331051
0.00981629669022539 0.0305853584848099
0.0101346601148565 0.0331119598584229
0.0104156937653795 0.0331319825957723
0.00970969423088341 0.0270262595011736
0.00956983636437326 0.0292381178714974
0.0083760907776158 0.0294224607233628
0.00765310417822536 0.0287655599669995
0.00815704409932878 0.0276727211520012
0.00818366267971398 0.030804841923933
0.00803825169688379 0.033282997442839
0.00783719658813577 0.0335123489537142
0.00770830475086771 0.0329743659512096
0.00808599948729253 0.0311399312196749
0.00781777319698499 0.0355903704890508
0.00899283005334214 0.035973229891302
0.00993376051849152 0.0292850116589745
0.00892779675389125 0.0298874786705614
0.00938786165331804 0.0335562603807996
0.00902731166152915 0.0326536091141588
0.00853958418867903 0.0335187215382864
0.00821619918557977 0.0306800004173908
0.00779751150655385 0.0314610733735534
0.00834181072255416 0.0348504601024572
0.0085613141460104 0.0295313722972674
0.0086271700889171 0.0331886251006048
0.00966031652827395 0.0321095161013355
0.0102826848229655 0.0340861393045377
0.0104517831777963 0.0304056619696021
0.0102935087386997 0.0299973945349508
0.0105438101991217 0.0292558202213493
0.0104287925950831 0.0296274266024509
0.0103821783657244 0.0298691283860653
0.0101410364105785 0.0331050696866364
0.00935066339531426 0.0373110164920941
0.00990949566360914 0.0382056562070586
0.0101992586596397 0.0352143672434028
0.0102392594197229 0.0349289743849728
0.00966407659677178 0.0314382022299864
0.0104284995217992 0.0335311009424278
0.00945329161502442 0.0339388638842091
0.010163693042892 0.0308595024640034
0.0102850945464021 0.0320697328391161
0.00906701914619863 0.0336050929259445
0.00829135511587758 0.0350264516585106
0.00861072911868524 0.0333138104868156
0.00931200061200894 0.0308683313385936
0.00920697500479493 0.0322327677911165
0.00942752501694103 0.0338469970012536
0.00982711041511516 0.0334805645973867
0.0104453413885688 0.0322400733580236
0.0103871544903162 0.0328666378523826
0.0105961608835483 0.032248209875118
0.0102549496741365 0.0311470622534156
0.0104284394562869 0.0292216139352381
0.00960271526368025 0.0291411528549854
0.00979230935138168 0.0250529634234504
0.00953424456868626 0.026922806777832
0.00979246340209615 0.0275393343326578
0.00920058377974781 0.0303943031032563
0.0100420299333293 0.0267026797340353
0.0101995674259304 0.0290319274416731
0.0106020003873348 0.0277358851194371
0.0110788896208151 0.0298734915430872
0.0102340748669455 0.0263832491240971
0.0107567775705972 0.0308003120169962
0.010777670075808 0.0289903485858453
0.0109655581201852 0.0284973085495429
0.00981660930906452 0.0293455788040148
0.0101977194836693 0.0307500521748024
0.010715839573901 0.0329542915679418
0.0109735472339962 0.0327755453237754
0.0116226594716192 0.0346132297264972
0.0118990266290815 0.0368187903169368
0.0118987906987663 0.0362783555176832
0.012063631943715 0.0328598024319195
0.0117315593138893 0.0341765124310724
0.0117348519918904 0.0361891329370828
0.0118463899716862 0.0337531033943744
0.0119416590840449 0.0340915077535078
0.0115738002757179 0.0336508004372515
0.0111300170431912 0.0392493502945048
0.0107468103584788 0.0381248436867425
0.0112624834402856 0.0330139227622395
0.0109545778090425 0.0308460123586332
0.0107846103593102 0.0347181843650507
0.0101606568348565 0.0351779519405167
0.0108623151697458 0.0354325420713672
0.0117075938733157 0.0309508605537173
0.0109798856339051 0.0313398086052454
0.0105461123548494 0.0294064771099737
0.010209963137178 0.0265380822929029
0.0105647771526705 0.0256239486679372
0.0105225722850818 0.0275899842901286
0.0109986387839272 0.0308845522450637
0.0110200498539546 0.0333224015392854
0.0117189391774531 0.0311381249884291
0.010609349829576 0.0329871901471742
0.0101771014145601 0.0364543441287921
0.00945742740345665 0.0363747199647522
0.00893231743465353 0.0375536020924851
0.00987581545560398 0.0421934910580363
0.0100746091591674 0.0390697079351822
0.00972744174809994 0.0395227292869421
0.00987804542615688 0.0378560239529138
0.0104214753916488 0.0365247772086767
0.0105430375748118 0.0356568505460018
0.00895314651742166 0.0347387117927205
0.00893373365626707 0.0333483492207705
0.00958038467453522 0.0276159758697293
0.00970306155350171 0.028202529254416
0.0106315411851034 0.027832126225082
0.0104854654131873 0.026228939378364
0.0107100558540457 0.0281537446069808
0.0099846961777404 0.0295814402119527
0.00979741704453506 0.0338685398779393
0.00995383186382223 0.0342849989223699
0.0103197363546547 0.0310886372225567
0.0111605358294539 0.0346910287531599
0.0105716634341249 0.0348159123523136
0.0122135488250622 0.0345740351570638
0.0128253858289345 0.0335584184732619
0.0131622294343467 0.0331220898180455
0.0130866144045171 0.0327789543295646
0.0139646645134526 0.0293504928690123
0.0143227565294043 0.0299891605329426
0.0136818297267585 0.0261756426618607
0.0135629202378588 0.0296704155457153
0.0135971343934921 0.0293441200872572
0.0133811206853074 0.0312287595007019
0.0137039096462263 0.0308606405885625
0.0139908834567292 0.0337628500734004
0.0133341161961071 0.0338847855056854
0.0135768914797159 0.0360753581154294
0.0143908446161891 0.0326334038839464
0.014156864714883 0.0327698447410357
0.014268460136793 0.0343279352859982
0.0140246962984528 0.0384409152330618
0.0130295951140495 0.036537106004835
0.0130637161072862 0.0313731419246177
0.013140858590155 0.0284214231309684
0.0128001489477618 0.0317635405382404
0.0132069973976971 0.0331053062708785
0.0126298126583173 0.0300316603894267
0.0125143706198935 0.0300748587828185
0.0126672754402069 0.0266805140317075
0.0108229965523006 0.0314270063094784
0.0108392938056455 0.0300598908479852
0.0103891728877635 0.0335554631704626
0.0104616249888581 0.0347850107462162
0.0106772224524275 0.0400928520103231
0.0114916709181252 0.0344609166484747
0.0120106849132476 0.0321347033472826
0.0128244474628609 0.0305976559447921
0.012755501464992 0.0314946736198513
0.0123729433273305 0.0304629872724295
0.0128461138707286 0.0294713894302552
0.0128414702894962 0.0305536740048231
0.0135953781475819 0.0315162775099124
0.012965471490077 0.0302043096285254
0.0122346736235204 0.0347938297369201
0.0119812689912076 0.0349062034867154
0.0125247400427465 0.0345036435336996
0.0127573537382446 0.0330426201836216
0.012401444329684 0.0303182266852648
0.0124683606739014 0.0303189368892896
0.0128772740219042 0.0303069380283333
0.0127395699660123 0.0331411287144518
0.0124442168152422 0.0341608125323387
0.0128510599097604 0.0334969865140145
0.0129464811632107 0.0337877748724654
0.0135769566985988 0.0334194281800434
0.0132753272379532 0.0365950511448504
0.0138432020136124 0.0347655301008549
0.0138591395976433 0.0335672476146846
0.0145824096263975 0.0344603319627313
0.0139571916586081 0.0341532630628341
0.012927981880315 0.0287454534113666
0.0124432597382081 0.027037872667142
0.011926778779162 0.0267513099820525
0.0127635863891991 0.025958916728748
0.0128006759208891 0.0253222755701899
0.0129407848488551 0.0283646138053578
0.0128515005934826 0.0298099243675364
0.0129304943478156 0.0330511559384948
0.0127773573146952 0.0287640741322326
0.0127037151659512 0.0287853370436923
0.0127726454911918 0.0298075852903104
0.0122216721718071 0.0324492976751943
0.0122612974932514 0.0298518107610226
0.0119063539197207 0.0300649246696797
0.0111647638549573 0.0253045285727981
0.0115782590202346 0.0305566068546622
0.0120544859397061 0.0314222531208617
0.0121056396383666 0.0327466549463897
0.0115547551905891 0.0353939342743144
0.0118984212448594 0.0324784735025758
0.0107074707915394 0.0340085046329976
0.0109189507129419 0.0331590735088604
0.0114530590620964 0.0374544579842861
0.0114746655828111 0.0358594343475107
0.0116281342130219 0.0335523337518774
0.0108363873566694 0.0320518440011799
0.0114514212199896 0.0352767039354681
0.011079894618288 0.0368488885282948
0.0109767163254533 0.0383063072895794
0.0116091113274841 0.0383615185649474
0.0121645264767849 0.0376542009288141
0.0118061452075111 0.032633429980316
0.0130201000985521 0.0336646310593975
0.0124824501045469 0.0370916386360797
0.0117843891007241 0.0336310980240783
0.0118986497923399 0.0311045455746036
0.0112543131845489 0.0329479073018792
0.0115464202984383 0.0366737573531893
0.0111708253407877 0.0331623279772519
0.0109669793484267 0.0296234907519819
0.0104776525421881 0.0322737684865393
0.0100267236693502 0.0339962110798147
0.00981293234603469 0.0359213726356707
0.0102903761782376 0.0369096991690127
0.0116435069197197 0.0362863042999998
0.0111788767182916 0.034815575462799
0.0113557643610201 0.0359782549170957
0.0113407791565168 0.0313932169841083
0.012344815536625 0.0325820092232474
0.012891883628417 0.0325577116659954
0.012697441401721 0.0312440462456791
0.0135063794218203 0.0345519995131877
0.0134726493044875 0.0355546215597992
0.0132081217876418 0.0376634437968512
0.01331448811568 0.0385312143043172
0.0143379871546148 0.040122107209268
0.0152148918553402 0.0388640702452223
0.0143853362301818 0.0361403234122356
0.013643548568666 0.0339459464548441
0.0132377429836253 0.037232802045224
0.0140920141147032 0.0356874772282821
0.0129832018478535 0.035155011550151
0.0126722277640731 0.0326731561755783
0.0115977760233182 0.0311589405226203
0.0110652930176886 0.0316649992557594
0.0103537481634802 0.0318879849323717
0.010258853907247 0.0281596833028107
0.00996976776320004 0.0336207576961504
0.0108107364006053 0.0308285151591577
0.010924977471473 0.032921037613322
0.0122053220877833 0.0356802077528657
0.0119352139148002 0.0348888530353773
0.0117457051500116 0.0365666310985023
0.0117949998399397 0.0364073709715591
0.0121146296453963 0.0290018374235323
0.0124689370135917 0.0283791012726807
0.0123600470013438 0.0295619994970888
0.0136632368186634 0.0290535969123438
0.0133858298795167 0.0312973121851728
0.0138059432993563 0.0273559700168232
0.0138474388063712 0.0268997604426274
0.0135832831551863 0.0317738040984504
0.0130653434250702 0.0337775335671967
0.0129570972921988 0.0366536663882954
0.0131791552458592 0.0364535552439451
0.0128441275462342 0.0354900171548048
0.0124367903299462 0.0345336526056625
0.0119821443379539 0.036177648424342
0.0123737097760502 0.0305196616441264
0.011882128451031 0.0333561296585461
0.0116427631693711 0.0278367131926286
0.0113952011354792 0.0272591904326071
0.0110805977081462 0.0272131797581497
0.0111915693633453 0.0254946613919769
0.0109782956120028 0.0305065771140224
0.0113247313695201 0.0308579612799776
0.0112219969328579 0.032678141089716
0.0123130936018651 0.0325003125721831
0.0119730525196994 0.0337536641126766
0.012228088117028 0.0325942212231322
0.0126931462678441 0.0334162088170716
0.0131269799421671 0.0323441362123888
0.0121305188109965 0.0330523036248019
0.0120275148868254 0.0349771949440899
0.0117188802677759 0.0301855627773761
0.0125026860646004 0.0289894411851793
0.0123115944242939 0.0296531443506068
0.0122877033645874 0.0315550661159829
0.0124686064655838 0.0326847108503129
0.012844142139792 0.0322005701894941
0.0129600466748099 0.0339840580349872
0.0113753508410668 0.0353410744647824
0.0124233473178809 0.0327415714431789
0.0111965763139446 0.0326227328657347
0.0113198112936237 0.03060110278349
0.0109333669369566 0.0298086963421913
0.0106892659017054 0.0322052735654724
0.0114648058614264 0.033480981879718
0.0109071768434359 0.0350155272268197
0.0112854673937618 0.0314608323601921
0.0119681193151966 0.0350901858844752
0.0112673032721451 0.033846336337694
0.0108150826091386 0.0324345229535743
0.0106037905858361 0.035776782075679
0.010828233975982 0.0425923077396171
0.0115428471120803 0.0398427458993492
0.0112606572501909 0.0385257950736627
0.0112558041230375 0.0370540735210253
0.0107551851472098 0.035585829804738
0.0111723153427562 0.0370515011288338
0.0106981815809687 0.0365854886372305
0.0113916700537896 0.0368062218157528
0.0114835411734716 0.0363563959005449
0.0108605993129853 0.0355939480367212
0.0103501378875834 0.0349554660852306
0.0111136212702983 0.035517795417282
0.0111580255137793 0.034002809553677
0.0109724606428421 0.0318449556837714
0.0108341091468944 0.030175104084289
0.0104343446684938 0.0297304163140148
0.0100787444331314 0.0311383396879629
0.00967662553600841 0.0347392570019765
0.00983550422698814 0.0361999106950109
0.0103130628166916 0.0339680138268917
0.010461601558521 0.0337655065479967
0.0100677046555384 0.0367273347737744
0.0102955597407406 0.0354969112914165
0.0103413450327063 0.0343915161789774
0.0109857344886643 0.0364713864777065
0.0102342204429258 0.0369173744125036
0.010224874386575 0.0340758231725724
0.00972976788503691 0.0292727857612058
0.00831720440571805 0.026099539406117
0.00895309977871961 0.0297625482080505
0.00849718118250245 0.0265233404029127
0.00950069273341801 0.0291690301605214
0.00856323856023096 0.0311356401294348
0.00940071030186444 0.0259936999552432
0.0100840298230707 0.0298116771307305
0.0100780902970547 0.0337418378834456
0.0098661646898076 0.0341096941200096
0.0102782292975195 0.0352308402231221
0.0107152786493425 0.0367022264136763
0.010251895195279 0.0365433709747244
0.0099464281479839 0.0359343587029245
0.00936762282399964 0.0307392099047118
0.00969181147812373 0.0304366542789494
0.00992558748020105 0.0350687885003745
0.00968710260511403 0.033971034785991
0.00967668414928847 0.0321140251551291
0.00944748649285654 0.0306350089406053
0.0095962574648818 0.0284906711791676
0.00959914499761747 0.0327565137845215
0.00949144356599799 0.0334078183781412
0.00956040725431993 0.0314660150071847
0.00834166851608796 0.0353360923631947
0.00929932375367452 0.0323502603187176
0.00912660700331379 0.031544328805102
0.00823393453673742 0.033262565857032
0.00817441626569143 0.0332409264338221
0.0077337466272963 0.0355755214265695
0.00781163380334634 0.0327194912442515
0.00725806359443181 0.0292959487137572
0.00735490098807727 0.0313980449480764
0.00772025878489941 0.0272939692670557
0.00839882197878853 0.0258676882802226
0.00823403416151627 0.0298261292730909
0.00867734892766757 0.0287494394563065
0.00821149709256596 0.0319111136836103
0.0083529728609429 0.0317196075146435
0.00810069746060417 0.0285691806112627
0.00815414282721665 0.0298108956118263
0.00730497463496728 0.0297453499089053
0.00820423575459618 0.029698016884483
0.00823406429052199 0.0329329112600915
0.00779256604766806 0.0343974067870417
0.00865871605194455 0.0317612024522725
0.00865841795136432 0.0311778233222169
0.00804876116042118 0.0316076781118712
0.00759416695162866 0.0334736144612917
0.00769584009303408 0.0340555786765812
0.00921653521878412 0.0332418252386778
0.00941531898859805 0.0323253141040065
0.0092827714251561 0.0343497670216095
0.00884857476124559 0.0323475043144026
0.00878099656797707 0.0342532944108848
0.00828488392861187 0.0348404378487223
0.00816994544308249 0.0358383378827673
0.0082120901810617 0.0351894406814222
0.0082890868213534 0.0276575146973895
0.00874812817826788 0.0268030662673337
0.00950390951805457 0.0265590779477545
0.00900276783179318 0.0267604564308991
0.00887746466338123 0.0288500823546724
0.00863239103096463 0.0330986282668266
0.00812420261394049 0.0330508548748621
0.00854626104602313 0.0319034853107234
0.00925181585707378 0.0304623103068382
0.00954233936195354 0.0300450466620748
0.00877414175944357 0.0312867358247932
0.00868208585591397 0.0291510869038574
0.00760755028472998 0.0283917733426523
0.00778839398131588 0.0308780802915964
0.00914644809897056 0.0317284510516765
0.00982665817814495 0.0348481246127091
0.0101592014124286 0.0370453110641053
0.00966291155143029 0.0386650251273065
0.00983054380411207 0.0309102894561989
0.0103082196980052 0.0305054436148351
0.00943579018590815 0.0357915006300648
0.00916501077736307 0.0365487803913014
0.00906466219582757 0.0370971671928479
0.0083191880974221 0.0387341652746166
0.00872562136270394 0.0410970347829188
0.00816210838002291 0.0387812061385407
0.00809563292599691 0.0381839029236881
0.00870478780520777 0.0410923116280593
0.00937383961484801 0.0362790329601304
0.00915772145614419 0.0384369477010402
0.00974178873794224 0.0367149391401567
0.00910386825270499 0.0343522683197968
0.00973057279862626 0.0362227570051453
0.00966413800924401 0.0340728320887003
0.00977623399145084 0.0342547602810891
0.00866247121424111 0.0352899910140756
0.00876772487723899 0.0382735935846099
0.00806149714390156 0.0397026450433306
0.00848110556322578 0.0363863899191471
0.00830199637019734 0.0304451281011183
0.00861166941312565 0.0330110121100108
0.00836470453815777 0.0301239867419152
0.00818296493759871 0.0255685996409677
0.00790581628553041 0.0278641300242053
0.00836123846158024 0.0289165144191268
0.00827373878316648 0.031222887689228
0.00855099986586938 0.0329279548288922
0.00801865568684054 0.0326481621811982
0.00782572705928718 0.0323802664586354
0.00764976911246967 0.0374631038671565
0.00741277999875993 0.0368159981067286
0.00730781068934757 0.0341279678955253
0.00717737105301671 0.0344216939422718
0.00770311920807624 0.032581630952503
0.00739098654625136 0.0335606953610964
0.00661115046483891 0.0353661849311428
0.00650041826465284 0.0358732932276858
0.00680510353714413 0.0312517253238533
0.00820811463632608 0.029244457847338
0.00809105729478723 0.0297232012931088
0.00833828252124945 0.0328626672400144
0.0086348614893531 0.031580239858029
0.0077582797423481 0.0325123297414716
0.00692814294917362 0.0352123224568917
0.0072981158344955 0.0351977020163196
0.00798251036668476 0.0347538553916376
0.00800258594837161 0.0334104689268967
0.00778669917848809 0.0317189157881062
0.00832959367856057 0.0306816396085424
0.00810314484896046 0.0300891489728499
0.00740829676892987 0.0324793634974826
0.00788898604117597 0.0322102021050148
0.00817349189320417 0.0284547588553036
0.00861461223158768 0.0248672303926439
0.00910718450077954 0.0287613067502981
0.00890280976114969 0.0310472855364616
0.00941053356565773 0.0348540794750903
0.00896361539515412 0.0362048391282518
0.00963292441663849 0.0367148211925459
0.0102410460114965 0.0372764994724891
0.00945183127421266 0.0399652811258287
0.00898710045692622 0.0399125696243828
0.00938593373106157 0.0366476221698008
0.00961568406276364 0.0397098109359491
0.00934424671234162 0.0373678554305664
0.00983361425068295 0.0401470159547444
0.00914645472818027 0.0394978065259202
0.00880831548771681 0.0380686567516055
0.00896994610402511 0.0402448417734943
0.00857121205866553 0.038156783959487
0.00948521264289456 0.0369508326113544
0.00842005264802084 0.035125101244412
0.00819103167799334 0.0361077518465304
0.00892130938500208 0.0368314160034928
0.00847135467571898 0.036529721891325
0.00830289727072621 0.0349829708681404
0.00926945165063368 0.0365345295189997
0.00951916840183622 0.0339115079666243
0.0089769671431794 0.0345605070696457
0.00883714799957289 0.0371722653479237
0.0094588290601153 0.0359982470316098
0.00955209194062831 0.0395606053971168
0.00882928676560607 0.0390985263513271
0.00872222760196499 0.0419467354301137
0.00870195949900003 0.0388925326182423
0.00894655873979872 0.0381934409186336
0.0090235351305278 0.0376327800040571
0.00882542241888357 0.0365755079484471
0.00914021263103332 0.0375570127916299
0.0092914623927897 0.035195509483068
0.00978700322709534 0.0365444848360079
0.00998931250802434 0.0370165984378186
0.00888943425773562 0.0365752620379491
0.00921207047341913 0.0367740373405409
0.00867110004418813 0.0332256678329577
0.00906952855941349 0.0318244201391554
0.00917237712047541 0.0316589772711322
0.0092274878480022 0.037026279157381
0.00953660084602071 0.031951407470312
0.0091874373512982 0.0324625424277601
0.00932237734466822 0.0353486604946609
0.00943767859992316 0.0347970009426748
0.00970461522642273 0.0291297977719419
0.00983180965841695 0.0291886738684547
0.0103650180239245 0.0323439394486406
0.00949367692028177 0.0360920361846677
0.00960374886941649 0.0333954299232669
0.00918341635889742 0.0310685667311255
0.00819450870135512 0.0291267106258612
0.00803576326375607 0.0328560540831973
0.00836826047168661 0.0348730243853978
0.00904233441341165 0.0388538056118565
0.0089680296882934 0.037258228508087
0.00934176062109806 0.0385949328371458
0.00902869571588615 0.0397920561771291
0.0092764206580891 0.0384088245403382
0.0089524953459267 0.0423686511260498
0.00947426277927008 0.0424393375747812
0.0102456589206312 0.0408908207755624
0.00939903985600234 0.0390007168892788
0.00946577170177327 0.039844238468321
0.00940020239601184 0.0409745632651182
0.008843802599323 0.0374069173797828
0.0088386672984257 0.0372852807934084
0.0100411087073297 0.0350993499458762
0.00895474103922341 0.0336707102810989
0.0082959708590754 0.0309301238374625
0.00760691313271887 0.0300498155398182
0.00764106364218833 0.027782831986053
0.00834414295219197 0.0302092995744547
0.0082977151867642 0.0338830721805996
0.00768160848003544 0.035198212222154
0.00814544225626025 0.0398417138058547
0.00846636870228226 0.0326678994360953
0.00817180611140732 0.0311258704821641
0.00841334158479705 0.0274187014210882
0.007800948948794 0.0327306713782568
0.00732552362321777 0.0388690903775907
0.00807810125125536 0.0407775386667073
0.00740659616043156 0.0373342861245568
0.0074331731688027 0.0359294602633547
0.00685334001554197 0.0342315759060187
0.00683516717114575 0.0352230338285225
0.00719417348350929 0.0329898287207677
0.00786232500910824 0.0358138636937575
0.00836438281829 0.0347751357855413
0.00815501963547741 0.0345197788601252
0.00758906780739972 0.032147812621808
0.00901957137638848 0.0308902578545182
0.00854625259417564 0.032248085955297
0.00860647924635144 0.0297851460282397
0.00875694066007855 0.0333882124680284
0.00849391145217988 0.031631901096333
0.00870094802113243 0.0318674462448491
0.00878398648040313 0.0336104096310613
0.00894858137448488 0.0313954507783069
0.00839163516129094 0.0342092607459344
0.00761342568663962 0.0346273391555728
0.00741314649657911 0.0287461342529576
0.00743419251149753 0.0280912316507791
0.00764959784362012 0.0284036991073039
0.00794296878971506 0.0290657839434963
0.00919743545385418 0.0276182893384708
0.00859446116026568 0.029952456043162
0.00803745293424591 0.0317818726218628
0.00853336985252816 0.0311555176148113
0.00786014720907945 0.0318132139731478
0.00915920091873606 0.0358903091867332
0.00837846569884926 0.0306480707380251
0.00844279465537646 0.0305966589703973
0.0085640765263302 0.0297704365585507
0.0080843381413564 0.0269542325892436
0.00736745625400483 0.0284265472540176
0.00809541436949863 0.0288952046138123
0.00831853070373074 0.0356411814409833
0.00794132049847552 0.0333291650681863
0.00803409508955147 0.0319952792270058
0.00814203203064859 0.0284594575232631
0.00828944280585531 0.0314811741882994
0.00753277357688886 0.0309360738909993
0.00712518960337251 0.0318679412920287
0.00662439272344963 0.0339097126389525
0.00778443456569085 0.0319279106547565
0.0079574224914812 0.0275181595647448
0.00811572350782381 0.0276649346554812
0.00838328743204871 0.0281599028941596
0.00858510797321846 0.0302097867226193
0.00859717663738897 0.0261315366529567
0.00879145122760515 0.0291076630994637
0.00868793793459497 0.0313464713540497
0.00832488646512211 0.0332205309995937
0.00801952457884522 0.0345797925138084
0.00924869088368656 0.031095162179093
0.00943467316359815 0.030424658918932
0.00867436379834 0.03285938206989
0.00921519694519778 0.0305810627782996
0.0097875474476301 0.0307182257315014
0.00946169581946152 0.0315381891543319
0.00972621445362674 0.0330007013781623
0.00849145041996623 0.0356957256643894
0.00827510803478163 0.0359435594612789
0.00813608396143722 0.0317863229117868
0.00789086250751662 0.031910946020611
0.0079202872852997 0.029226236101445
0.00810792254851583 0.0294320528998111
0.00851651893056899 0.02974030568628
0.00819252480076899 0.0281011972838583
0.00827538448206642 0.0268002661359694
0.00790223129168526 0.0249274445515439
0.00765042993590641 0.0269644099136575
0.00776144206580098 0.0273716309981509
0.00695026662888249 0.0249769064896361
0.007676842656527 0.0309693790841309
0.00861947814852247 0.0270712305257729
0.00977300544022742 0.0279444087494946
0.00988536894536828 0.0290019316301969
0.00963527197414038 0.0333766775314812
0.00900374062964193 0.02957513604095
0.00886188260668944 0.0284546988828676
0.00788183519474195 0.0300999169103404
0.00806669181141399 0.0311332658949876
0.00855391884266503 0.0284078668519662
0.00954688511100048 0.0262751862496958
0.00932150785187536 0.0253801054602473
0.00846805382039119 0.0241065108242007
0.00861725972597624 0.0318512861454985
0.00846289341684145 0.0356357877743363
0.00884035321927394 0.0358563239026447
0.00917526290292894 0.0356035739621417
0.00954473891848624 0.0313324341265547
0.00934311273339663 0.0321591571793309
0.00870001708453256 0.0300668323856364
0.00894531378541973 0.0298320689655635
0.00823166086883948 0.0319687354488799
0.00809004134524413 0.0357650463979033
0.00795189776446194 0.0379051559854797
0.00790170757105693 0.036200366259037
0.00842471671800861 0.03515210089544
0.00834824061631249 0.0324116672829674
0.00942000527724423 0.0347107939725228
0.00896403410374328 0.0370197802202476
0.00937688469512321 0.0335191087028047
0.00941932769959158 0.0330223949785168
0.00992305077029116 0.0340355037900005
0.00921957160481795 0.0329072700235684
0.00921469144658357 0.030806176528095
0.00877919959438653 0.0289910935939147
0.00812708650307915 0.028988500778598
0.00811942281643251 0.0267949002994773
0.00900449191819344 0.0269696517834114
0.007835685572365 0.0301176380578489
0.00844459366195037 0.0329957833462233
0.00787388804794219 0.0323060412254488
0.00803376351159451 0.0353860066565906
0.0071859724062193 0.0371489383341221
0.00767931575219781 0.0370960211841992
0.00791218534465086 0.0380679472171504
0.00730494460780219 0.0372792941949171
0.00791669958536456 0.0346252986252983
0.0077941108224015 0.032527135849771
0.00765632970051821 0.0356767943074058
0.00781637274313452 0.0353734721200519
0.00742596894629231 0.035885112360323
0.00696829759198124 0.0331816059809659
0.00667229436676162 0.0335848828604363
0.00727920219083995 0.0318183371302341
0.00740777611465966 0.0291311762484591
0.00724946918517524 0.0306219623428068
0.00825865750965463 0.0351767263102403
0.00760343152258947 0.0300721178953984
0.00855567457141426 0.0310799342335908
0.00787400749203363 0.0261709268498087
0.00765632267351246 0.026310379101771
0.00842707035688169 0.0296387165533699
0.00870184418554475 0.0310036603935602
0.00883871992803825 0.0301945800969933
0.00940621404023319 0.0256426419897618
0.00941969115138092 0.0251795939357856
0.00936572415714769 0.0256990815070723
0.00819317951550891 0.027935217518502
0.00802564165155971 0.0300429204379634
0.00762387202560756 0.0321055744325717
0.00796646147007231 0.0331478101002283
0.00862528221865788 0.0276072034247357
0.00816218325837738 0.0245594022256963
0.00824999481798429 0.0246034075640135
0.00763350684108557 0.0244356781470884
0.00740596446561601 0.0254711648224018
0.00799643986818834 0.0249158796355077
0.00783930386078417 0.0299999424320534
0.00736463470639681 0.0323773769759664
0.00675034505135822 0.0323852560784991
0.00713199329266043 0.0326599906791203
0.0076046370500172 0.0282182604363492
0.00833626014886461 0.0282390306737627
0.00887769997371208 0.0282444413853553
0.00925340453619657 0.0335088205252014
0.00863700175461642 0.0355140419159633
0.00789719283945119 0.0385125212334428
0.00710890932097438 0.0369937535606618
0.00867880008826101 0.0335267455539447
0.00770079782874276 0.0310376645274398
0.00866297516405007 0.0318400306680918
0.00745719871262994 0.029129982961024
0.00671345772405017 0.0313904739361036
0.00682838912680322 0.0347347714817804
0.00687461853612991 0.0364414690394658
0.00838843491551045 0.0359284605151586
0.00852436614781965 0.0370678865119969
0.00905266708245628 0.0385417235700317
0.00956880631623694 0.0379897742281176
0.00931197351142588 0.0353900555461922
0.00916227807490842 0.0339738670487024
0.00815001277451481 0.0340279241813395
0.00838081546887717 0.0340379552061201
0.00958218447083432 0.0361406892510856
0.00885333412709967 0.0332496729424766
0.00888236389903987 0.028777546433046
0.00874094720750679 0.0333991714134595
0.00824404592793579 0.0325792331950208
0.00781801992426337 0.032820111304342
0.00733471883585476 0.0350114153017775
0.00750417671048562 0.0348392611013902
0.00723447571408729 0.0350096758349512
0.00728171572483543 0.0371393215299693
0.00802191112376022 0.0380669468587543
0.00831821069577852 0.0347080701926357
0.00864272217423225 0.0312023544769874
0.00821055411204284 0.0330287402300146
0.00812298522354369 0.0309044179507193
0.00790195509191719 0.0315142499465183
0.00792619094761013 0.0334023156262712
0.00755471795547792 0.0354300993306736
0.00793868831399727 0.0359071072864148
0.00743575153478009 0.0299391947699218
0.00747337740368508 0.0318423309929131
0.00697814245177947 0.0362120091522065
0.0072719142752663 0.0364285014630978
0.00615450159245062 0.0333594227041901
0.00516384418952034 0.0292770566178783
0.00503497771631467 0.0283421569176018
0.00575608798188453 0.0310105420004353
0.00598649024947862 0.0324017100208384
0.00613907828817714 0.0345406385256947
0.00679061837780073 0.0281854663922678
0.007021360418894 0.0277472282476492
0.00724281070003779 0.0322955065049963
0.00699197885232442 0.030586378126062
0.00613009782614001 0.0283060577992011
0.00677743509257146 0.0298043985262046
0.00726931243958555 0.030572453610832
0.0069076609861945 0.0335928688211497
0.00733760799218476 0.0330295960235215
0.00756590570025961 0.0354393946184534
0.00736041252946419 0.0314091545471577
0.00694953855665372 0.0348513725163345
0.00706839291232053 0.0315797779724549
0.00692511581895149 0.0327937659006162
0.00633200422551165 0.0348904085853089
0.00781002431452079 0.0353751504935359
0.00781417455009024 0.037066897769144
0.00826665733002348 0.034483806964844
0.00792858586527061 0.0284661800210211
0.00819791927305553 0.0272459705560061
0.00789030820486003 0.0271518808010371
0.0080551037898725 0.0295830184257884
0.00849521341686328 0.0339029248770232
0.00861513422819284 0.037086904973858
0.00831569595241502 0.0320938110650248
0.00851681160284242 0.0319983428206823
0.00845181225570054 0.0312674920878333
0.00839087795948083 0.0251674719861458
0.00903627991994935 0.0279021157255703
0.00935979572365234 0.0273575656255745
0.00858358974302049 0.0327033527044887
0.00793075374660458 0.0313634987009707
0.00812696150049339 0.0336087950554156
0.00842674718168124 0.0352397588481596
0.00792173174046357 0.0317557343618937
0.0081715209123638 0.0298708054068707
0.00854352864398644 0.0297221772243289
0.00783279069159254 0.0303283438027255
0.00853176461449709 0.0277295914096253
0.00813454966279743 0.0326527228819885
0.007356551688951 0.0326753871336376
0.00711297248349924 0.0358242242332761
0.00753109313095761 0.0330324103231924
0.00841995528899597 0.0344544412972231
0.00838169411691865 0.0337545826569394
0.00893190151885114 0.0355680546847082
0.00848724425399075 0.0349838008270355
0.00853495729908667 0.0328227340534929
0.00824566219452638 0.0336509844453903
0.00774775651210714 0.0376589565318823
0.00824897650733056 0.0408177323248151
0.00843905747602765 0.0376057442691044
0.00798439131329947 0.0350493284606735
0.00856601741122864 0.0346563387768951
0.00779525026472649 0.0357959946262455
0.00818695023532912 0.0356338105575046
0.00823881132120579 0.0365816333084802
0.00736689985368807 0.0364671728835992
0.00812360066199454 0.0356874607277033
0.00792398682890534 0.0322932425621441
0.00743647923727917 0.0314017427545303
0.00794098407211455 0.0363287409676139
0.00836617998747736 0.0381422905180295
0.0078700732035468 0.0370279641363064
0.00821798238529042 0.0359239717880443
0.00784970801776011 0.0327390322286122
0.00774177875844478 0.0319612498191949
0.00810042311186327 0.0313955073123142
0.00829510638882867 0.0299645973609645
0.00695234787089536 0.0330631413812452
0.00737537399115726 0.0285772991992018
0.00718063116652806 0.0356495911421061
0.00749436555010916 0.0366607198150605
0.00743319739915086 0.0356924112181819
0.00764293929230207 0.0330982794296341
0.00763935436695193 0.0379435713313113
0.00769728916013996 0.0340943080239759
0.00779769942476204 0.0321302890934926
0.00859746412188207 0.0321028489320765
0.00882321059562485 0.0275836070328189
0.00912961667264309 0.0267731671819359
0.00940796100521914 0.0296652104276678
0.0089190071998284 0.0294244911362713
0.00846504399913451 0.0333705500951269
0.00824062035372772 0.0336265602130104
0.00764536547678699 0.0323727164553207
0.00783105254412296 0.0280616649514793
0.00794888621268841 0.0248800044974429
0.00827307665642192 0.0252952796743844
0.00828111745151227 0.0295183150496744
0.00776974189930335 0.0309612547530612
0.00812007247158263 0.0259792936641942
0.00804926201070374 0.0301841540153275
0.00775573529130336 0.033285682080442
0.00769007779630715 0.0351728092605574
0.00850659174050622 0.0349447906603358
0.00898751909949024 0.0339680415748535
0.00922681607862809 0.028291656771135
0.00856330988465736 0.0293956114307734
0.00930277025112921 0.031026243336372
0.00932015809851999 0.0314197180967016
0.00842929866501444 0.0331426397991193
0.00843074435263603 0.0337517556268201
0.00810198945524655 0.0297907552807393
0.00802962934750947 0.0346814627480999
0.00775643953960812 0.0369699992751438
0.00785603831386557 0.0342315247977002
0.00804318381080154 0.0303596719373125
0.00759903434174133 0.0279237885222806
0.00677281468111821 0.0280254516809383
0.00720944065712998 0.0338380314380907
0.007556693625776 0.032832432614745
0.00826810359034225 0.0323706996316813
0.00821922103808813 0.0341467024833526
0.00844052022061942 0.0304442765611026
0.00816967754525056 0.0272406610411991
0.00760745411082285 0.0301851431856853
0.00711976355576821 0.0329482494749525
0.00585399618212953 0.0318460892818204
0.00685345709055734 0.030069586840764
0.00681516358210034 0.0314106793633646
0.00699178743086326 0.0345089128642308
0.00756275976525892 0.0371364778160905
0.00672168311662822 0.0336201825530251
0.00709751878290528 0.033832091131205
0.00702912060214643 0.0322974610153496
0.00720064758920755 0.029648569720351
0.00704212871055227 0.0286726284581187
0.0067054108032887 0.0305632988843766
0.00718381363502463 0.0296947833432482
0.00730372775150591 0.0255823879024945
0.00671251342519141 0.0250102755483484
0.00646191703045517 0.0292426737501198
0.00684190484428885 0.0286080023030127
0.0065858949123465 0.0297039840811202
0.0067325614270648 0.0281030460826723
0.00731529693019796 0.0324248241686829
0.00741650499718777 0.0289422343769465
0.00781350196799785 0.0281938367929536
0.00737589222966456 0.0267936343398454
0.007535571859747 0.0262564846311215
0.00696966620546248 0.0253750126102501
0.00723544129906315 0.024646601575309
0.0072625363886624 0.0274792797815333
0.0072987042826004 0.0286699438642101
0.00712359000783437 0.0312905155642963
0.00837727804637467 0.0282313766476725
0.00851528570781088 0.0297651107367405
0.00836166299836613 0.026942403713614
0.00772838059229203 0.0257240868730539
