0.1 0.3 0.5 0.7
0.786106060765218 0.922174289374875 1.13402892126557 1.49441586432022
0.824399160918422 1.05225201458921 1.37867432621321 1.8642896009682
0.859824781714095 1.1516398576155 1.50121711817405 2.05726747078459
0.893995877220648 1.23065261454159 1.60343215922863 2.11856404755019
0.926077372018799 1.27711817931111 1.64670837725927 2.1922237425707
0.956445451543427 1.3130011992573 1.65079675109948 2.2456089791075
0.982887129798917 1.34821073652832 1.67826772087441 2.29803676002955
1.00884616847152 1.36773713485968 1.69894810599085 2.36627260295708
1.03022337197452 1.38308982296668 1.72864688267884 2.36604316718959
1.04954545787235 1.39383562995328 1.7322626839302 2.41868132563368
1.06965991551097 1.40829949432598 1.7562775079644 2.54469248519544
1.08783473720807 1.40433168126262 1.76633908673158 2.52621659790317
1.10377430133969 1.40894089573178 1.7887265775329 2.56362865247788
1.1177343376772 1.41246483063614 1.80824837940872 2.61640231322158
1.13053976692734 1.40664284275219 1.81569958486064 2.67845703563527
1.14284337034369 1.40993944674062 1.8292898879953 2.72710427671827
1.15405333328328 1.41122384117792 1.85203358035546 2.7788365611651
1.16355961011676 1.41427505593714 1.88466777800803 2.86578730261394
1.17231439548947 1.41804982922173 1.91553942626092 2.86835906074553
1.18081267263365 1.42671117143654 1.88715483639164 2.9492956985815
1.18798499125893 1.43103842170014 1.90457289313468 2.94642087014256
1.19439580928916 1.44318558458943 1.90900336423357 2.99420272717058
1.19950134795859 1.43829270593612 1.95167673927442 3.01037919830109
1.20650005030584 1.43800021081411 1.96723441386336 3.05375997202345
1.20905155016769 1.43441612673052 1.9922690527059 3.07276941635994
1.21352938322071 1.44228571986827 1.98625008034141 3.08409407652702
1.21705256194139 1.44492391674802 1.99200650326571 3.10025694805089
1.21936941046116 1.44635131040138 2.01904165617016 3.11516688117777
1.22259800201618 1.45254020158718 2.03905873569087 3.13535344919727
1.22546492979164 1.45203400046066 2.04835716946286 3.10485847528359
1.22695091096757 1.45699052585625 2.06530790372459 3.12545536367497
1.22934738776886 1.45877039978952 2.06840747016652 3.12046875489146
1.23077751247137 1.45748049063422 2.07013157982255 3.10910164823467
1.2321995650485 1.4680863478427 2.07964463434853 3.10416182435567
1.23243430365863 1.47005408272012 2.08277064766304 3.03773782938142
1.23246671162758 1.46537253504069 2.08289959870912 3.04632830379531
1.2314420813642 1.48545152025966 2.09664912857839 3.00700555095848
1.23119757070546 1.49235983621308 2.10158494868018 2.9616970180589
1.23157786915508 1.49134500445592 2.08778724631994 2.90280973520754
1.23180720224493 1.50159481793196 2.11650085705975 2.86099267320596
1.2324186365651 1.48661565377566 2.13064908028776 2.82814908436016
1.23402798299216 1.48809147857164 2.12185839442335 2.79435656583805
1.23333672875082 1.49784482251913 2.13745008634424 2.76528040304756
1.23227167815929 1.50369283454726 2.12904694056722 2.71071135248576
1.23328811463488 1.50105397052538 2.13103074373536 2.705985411754
1.23377543703259 1.50233431676754 2.12859410622561 2.64230391812324
1.23244960192568 1.50512102345636 2.13887120392351 2.55999017790692
1.23406804538511 1.51103777204369 2.13886908139558 2.53309814752431
1.23453186490763 1.50604787046304 2.13075633463928 2.52732252421493
1.23469423083364 1.51001310224978 2.12388363315898 2.51948667656021
1.23490281797842 1.51051642177364 2.10819006655298 2.5479495790244
1.23388047316725 1.51646060941307 2.10555687298605 2.48384515687796
1.2337684701876 1.52557401375233 2.10809441250104 2.44955367881465
1.23326380241075 1.51978869580675 2.1151851636994 2.43111128544459
1.23180826528462 1.52470954488908 2.09356356767379 2.43302312319286
1.22922409180387 1.5214243547502 2.08487788327308 2.43696747626083
1.22756925009641 1.52479465386327 2.10456131261276 2.40390920695123
1.22787081950002 1.53378057158715 2.09152049585022 2.36459627853235
1.22741965909764 1.53521463942496 2.07948697293223 2.35531805479541
1.22650069198586 1.52739195751789 2.06535515870272 2.34701455485636
1.22643834617254 1.53103056920617 2.04556033586115 2.31279176118068
1.22674458857763 1.52407936783464 2.03723603773817 2.34461264725263
1.22597539574036 1.52738322102445 2.00238400847139 2.32960081080479
1.22654875983583 1.53078062459827 1.998000583867 2.30883450030516
1.22379198392883 1.53707447297261 1.99687030428499 2.27323991453677
1.22298649517705 1.53443841936076 1.9803612044088 2.26713156531023
1.22379631029941 1.53529400016614 1.97695222158826 2.25815766868749
1.22332305057346 1.53860775451721 1.96612509823918 2.24790443494563
1.22284381727948 1.54353181906693 1.97101630657284 2.25146779375182
1.22402190895052 1.53599401801414 1.95922140316479 2.27507565985385
1.22239448663392 1.53367672775262 1.94427945160311 2.27688702667363
1.22226024709523 1.53712114956888 1.92081799394948 2.30026282762634
1.22233151401318 1.54034586247519 1.91425903211947 2.24409669540333
1.2218346253105 1.54005078534791 1.90020429297395 2.22177981660634
1.22172077302888 1.54002657708518 1.91228142207914 2.24808435613369
1.22293266965439 1.53915618520484 1.90292280243227 2.27949845713238
1.22131357010158 1.53986581014873 1.90075936965763 2.23888154452493
1.22028985196695 1.54410614857547 1.89717681265819 2.20744197888005
1.21937923314493 1.54997993062811 1.87793540042295 2.19791096351287
1.21762487505179 1.5500113737126 1.87539582551559 2.18255196201356
1.21660146344649 1.54730145044605 1.87356901813615 2.19526179205526
1.21632088578518 1.5487882433285 1.86922051341717 2.23013317868983
1.21714830536597 1.54387921163545 1.85732812464697 2.20031884257153
1.21709284553302 1.54598960029673 1.8230953378068 2.15735427637177
1.21796952256032 1.54364765953777 1.8278678939459 2.17180633532124
1.21538641198357 1.55132406625502 1.83644271876987 2.15156766438036
1.21347120089703 1.55246719123297 1.81064595809511 2.1684567694671
1.21395206922866 1.56102631381599 1.82372317895478 2.1834169526223
1.21311099697655 1.55617214336237 1.80142011578192 2.16732736882346
1.21305688193397 1.55363783467214 1.79112893694766 2.17876565598289
1.21153103448794 1.55521789063694 1.7788384078664 2.19575985985435
1.21221224779264 1.55318751922296 1.76866094546945 2.20632466971277
1.21305015383005 1.55214622976992 1.76702051679693 2.20065659949577
1.21301079534451 1.54889402390657 1.77547348830697 2.18071376581073
1.21251169394385 1.55746326822029 1.7502855979164 2.17714959287535
1.21105584739949 1.5585025203636 1.79141999915775 2.21579885177111
1.21052867700472 1.55316440352615 1.76218692880787 2.18681819497204
1.21125162004096 1.56004266834542 1.74831410771558 2.1809200512888
1.21120338394039 1.56037169579984 1.74080942267294 2.15518508504387
1.21006244721868 1.55263078161498 1.71507867669396 2.21214485247119
1.21197784503108 1.54859468402901 1.7131286215756 2.23901885940204
1.21229225794939 1.55330726282447 1.71835316584224 2.2096424398513
1.21155562289943 1.54523765524099 1.73441246989067 2.16414257367467
1.21109373648665 1.5420296037935 1.71415175172251 2.15701693372646
1.21009760564707 1.54136930289161 1.72120804518807 2.14275191993109
1.20920692257749 1.53728551530163 1.73082926109732 2.16215676162117
1.2098965200525 1.54269588684607 1.70855305481809 2.1513702200821
1.20854898837248 1.54033403594929 1.72235204078891 2.17004063887596
1.21016763416273 1.54426431692664 1.7186619463772 2.21204012642913
1.20814154004451 1.54435415262156 1.71760038261245 2.19648340654473
1.2092222839485 1.54540564454118 1.70188132076933 2.16747973288317
1.20918647749222 1.5415825311389 1.69156898302971 2.19131379287618
1.20816675362237 1.5420768803551 1.68991575335481 2.21114020567412
1.20901186630339 1.54844263086928 1.69824220602611 2.18377926021455
1.20794620916463 1.53617175416562 1.70915029277725 2.18307831022157
1.20740498451846 1.5312766607581 1.69382720889739 2.12998303873765
1.20622453746262 1.5365915956549 1.69004119461205 2.19579372823
1.20561767556174 1.53369156193203 1.70918782155662 2.19932855363788
1.20478459833208 1.53597002885213 1.70035278132084 2.20254206009785
1.20400564930917 1.53206084636478 1.70903643167734 2.1847492409806
1.20362199436302 1.53952108462744 1.69906585392492 2.2097995434021
1.2032777342088 1.52523894421867 1.70382331520858 2.20644449329577
1.20419910346221 1.53474118555873 1.69655204559151 2.21629776054696
1.20350580494297 1.53647099365436 1.69073035445278 2.18289051464298
1.20179524694133 1.54206217437854 1.69180180103061 2.1782636934023
1.20148915590466 1.54214221901 1.69221825480194 2.12947116750093
1.20130594829729 1.53643387765899 1.70406044200943 2.16861284569249
1.20052527426529 1.5403927152978 1.68945081215905 2.19596629415522
1.2004030165263 1.53910739075005 1.67808457164933 2.20813541739497
1.2013091302087 1.53977633674476 1.66528858018956 2.20585091837614
1.19992628397068 1.53817484616089 1.67408823142596 2.13473276378504
1.19979154028949 1.52961180944019 1.6966843902085 2.12857382735469
1.20109539412653 1.53519099746778 1.68161415659077 2.16764955376884
1.20061198945418 1.53479415255045 1.6932138136007 2.13856663056833
1.20167512860029 1.52876743868546 1.66895381759377 2.13360208881652
1.20163073000156 1.5255280162251 1.69021207217955 2.15634085035182
1.20213250461002 1.52872499202556 1.67892681906464 2.16138111997022
1.203484766131 1.53314331832619 1.68100366598254 2.15469045661849
1.2044316165836 1.53572850834583 1.66521450647334 2.18119033936342
1.20454009937108 1.52943481049507 1.69273530074009 2.1949744398709
1.20407750217518 1.52114185340798 1.68419388195545 2.17877241462467
1.20457203592945 1.51744854462658 1.66714868777597 2.16585387721511
1.20408814515135 1.52017164072246 1.67568929644375 2.15923561894882
1.20322609557581 1.51608011094866 1.67188625782739 2.15531461337409
1.20261306379671 1.51604807828842 1.66172675236351 2.16132105232134
1.20243828597615 1.50734761711225 1.6739985147475 2.18254773557782
1.20244981167461 1.51062508623979 1.66398662637343 2.19082586780183
1.20185048361482 1.51099463570321 1.68047247252368 2.16488967944626
1.20037844466909 1.51334276441102 1.68625390815965 2.17169673679846
1.19959904825516 1.50454062133852 1.67948032716923 2.18694802924443
1.19838339873914 1.49839346540677 1.69517586597918 2.15225948862262
1.20018468558782 1.49769092908325 1.69187217013787 2.18274096608304
1.19939070449156 1.49671355930904 1.6823322539685 2.18581823605003
1.19938267544161 1.50056127156447 1.67690303004574 2.19725840511626
1.19947606255162 1.50117269543401 1.66624958889002 2.1868554441225
1.19977549050214 1.49595066783779 1.68050419242979 2.1976220405393
1.19889538202842 1.50243056783906 1.68448421862639 2.18092589162169
1.20023801905011 1.50052574612404 1.68565377614114 2.16166938513733
1.20210425476061 1.49143314139651 1.68379139106569 2.17789376183646
1.20158779850038 1.49364631629258 1.67223953926436 2.14720426870853
1.20060648516622 1.4922922306995 1.6656151626602 2.16922001183503
1.19923793382104 1.49166080989545 1.67623958283978 2.1385788354256
1.1997650916851 1.49003283843425 1.68484228257676 2.16795673201263
1.19808185030895 1.48621433147681 1.68419247060177 2.15971682583403
1.19648325817278 1.47972584215559 1.65825162328933 2.16119437167703
1.19550440191741 1.48239387979897 1.65763191534673 2.1718430897634
1.19548710134832 1.49043518592382 1.66755891241966 2.15553020865452
1.19672486500726 1.47356211436174 1.6764766156414 2.16476532233613
1.19560487618907 1.47847595235387 1.68661274632951 2.1246718179674
1.19646695164516 1.47346015213739 1.66008159233127 2.13706050796914
1.19658352929894 1.47693098849719 1.67125324450424 2.16419081464673
1.19697597524347 1.48331094150384 1.65113912459104 2.17803690818954
1.1972166770534 1.47928079161576 1.66161941846976 2.15542933831853
1.1975889998514 1.47193056934371 1.67424589964723 2.18917143991722
1.19590705993834 1.46254881004721 1.67276251105028 2.20056576698501
1.19732780850415 1.45609760304208 1.69441717214335 2.17562020496664
1.19753644316912 1.45712332363915 1.67747378739244 2.1879130627319
1.19735277488226 1.45780100863256 1.6812483893361 2.1772364122838
1.19745860624069 1.46451222246709 1.6882984608675 2.18008235822102
1.19650541468593 1.45718778624066 1.69667317146119 2.19664835871547
1.19527485700761 1.45296066032237 1.67459785787408 2.20559818671533
1.19650127319021 1.45614428382855 1.6646332280899 2.17193032653727
1.19529644217762 1.45878065762754 1.66197192663382 2.18232821585857
1.19599981201618 1.45941174677069 1.69359669773262 2.19785142356923
1.19415303830764 1.46037839509841 1.69118854529186 2.19206858029054
1.19319860547526 1.45463960203258 1.67860986915048 2.17339557855218
1.19339243982757 1.45493739714413 1.65645082983891 2.2090400280993
1.19442182242695 1.45007131027372 1.66235487213454 2.2070426460454
1.19338715349997 1.44778987588985 1.68681169084374 2.22984339361493
1.19465046695054 1.44969916005762 1.69417343814139 2.20176301132624
1.19427658266251 1.44762171260504 1.69340764024904 2.18434068262214
1.19342944297765 1.43959131062744 1.68254840991168 2.19579770461781
1.19189663960066 1.44330042974206 1.69590813108542 2.19000484206139
1.19260590953132 1.44601303419938 1.68876594081162 2.21759775329483
1.19381551070363 1.45515593604526 1.68207915428414 2.19581483591879
1.19387787339986 1.449848797037 1.64814329152215 2.19662972232887
1.19170015511414 1.44608422754959 1.65787930193667 2.17957285406217
1.19075660476845 1.44846590109456 1.68274916994486 2.18538877612005
1.19012675267466 1.45414166591683 1.66683060618695 2.16042171763229
1.19025944781702 1.45807986590887 1.67313394284855 2.15743145947507
1.1891888338521 1.45240424917307 1.66695045717385 2.13258705070625
1.19037208509803 1.44595083392233 1.65408027121134 2.15968397189434
1.18998508217513 1.43910846095819 1.68199789335911 2.16827464509701
1.19068378862388 1.44063432549223 1.67039365730158 2.15804191805029
1.19192283180006 1.43524545184233 1.67117368583715 2.16877121005671
1.19307881854371 1.43240283102879 1.66216373434009 2.20315666136785
1.19212164115423 1.43183649828803 1.67884509106394 2.19979313889316
1.19041614962737 1.42854515467454 1.68311525619789 2.21404782837933
1.19018987586467 1.42754769164546 1.68363823932867 2.18391894964209
1.18855102440941 1.42693160612789 1.69746052818564 2.19671337781649
1.18921236968669 1.43424784309174 1.68694540604541 2.17640693851583
1.18955898238654 1.43143774130637 1.70085777916468 2.13224211954641
1.18907765585768 1.43426793240983 1.66683471785993 2.13006504613021
1.18957015984084 1.4435144416473 1.65638447138418 2.10951421087195
1.18997143714739 1.4343442775253 1.66911448847344 2.16032033772796
1.19071147629856 1.43529197314516 1.68585431527793 2.17109011472017
1.18835613282588 1.43110621473891 1.66622343120039 2.16847888270856
1.18861699929162 1.43161464596781 1.6661009362602 2.18940399732022
1.18980337617105 1.43138221023707 1.6952226660841 2.19823643311505
1.18885368836262 1.43081111032268 1.68372209158688 2.18193279337278
1.18926344122292 1.42879141283622 1.69820257099661 2.21775785398103
1.18934342475963 1.43315507646132 1.69036688385989 2.17306996733496
1.18921060382388 1.42125617309658 1.69001407997003 2.15021138201995
1.19080970845661 1.42286666887271 1.68474385513883 2.16228566696732
1.19174728756325 1.42554688388222 1.67217401203188 2.18766539463671
1.19344804072097 1.42460067565755 1.68060426832435 2.19041353489231
1.19215321350004 1.42808536407458 1.67653839771896 2.17404924241838
1.19180695517401 1.42335602478956 1.66973847657418 2.17815959777668
1.19238157824704 1.41482643196721 1.68458394656905 2.20469099526091
1.19256918027617 1.42041281651759 1.68227661129562 2.19321477277198
1.19076653573082 1.42041187574773 1.6812589369644 2.21583237277205
1.19031236876582 1.42609141134571 1.66047468257069 2.21098409397415
1.19163734901553 1.42843349036255 1.66374103215409 2.1688586574035
1.19154158167536 1.42511836937464 1.67629835016078 2.17694469447275
1.19257781289529 1.42596762155787 1.68594666161805 2.19319616604138
1.19309312520103 1.42718402833089 1.67473774118931 2.22207794619648
1.19276674580338 1.42071714819843 1.67234392340479 2.22366873782507
1.19158268578363 1.41743014465746 1.67661788432782 2.2004748472443
1.19187693097021 1.41497848469905 1.67201196294053 2.17654964027755
1.19300009168737 1.41429856722752 1.66940023924705 2.17205623397422
1.19395362620259 1.41417933169447 1.67231795432947 2.24810795016706
1.19513200702361 1.41470191387152 1.68044641000127 2.22219297722607
1.19381493802172 1.42197453345999 1.6795710108813 2.21937901428079
1.19219404844507 1.42422663997017 1.69914890978344 2.18852153103144
1.19269333942534 1.42584249356056 1.69040226623582 2.21250082207559
1.19242594469905 1.42136815587433 1.68031005797212 2.17150794234957
1.19161462623965 1.42493982954833 1.67869022738518 2.15918239268083
1.19170459516233 1.42472353765897 1.6756343391921 2.17223713866263
1.19371741886424 1.41588613002727 1.68385777488262 2.18770422062215
1.19136470400326 1.42090920365722 1.68389054854596 2.17306771755039
1.19249200729678 1.42010297349312 1.67323705947512 2.16686853989803
1.19269805996218 1.41806135465822 1.67617573240697 2.16148343949169
1.19250699259385 1.41050199034357 1.66474056187887 2.22330132728219
1.19283895781558 1.42040188098617 1.67716686092309 2.15283461896558
1.19138401778982 1.42828052261372 1.67555956353162 2.19642481744085
1.19078729341251 1.42053669621794 1.67651042958379 2.22867546967118
1.19129187308687 1.42208695379624 1.68572662212227 2.18983389462688
1.19070057823005 1.42808912287173 1.67925055989804 2.21057831662128
1.19269046215017 1.41873660828072 1.69975464527315 2.18705866005566
1.1930030876347 1.4132981214178 1.6866928463326 2.16579515629749
1.19313269380813 1.40991836261647 1.69092690135553 2.21359671464463
1.19342460588092 1.41575294451835 1.69287438894188 2.2282677896337
1.19291662560703 1.41875793375564 1.67842778094687 2.20304342280129
1.1924056267444 1.41244257153769 1.66610013844223 2.20314268192904
1.19093667723631 1.41881339049389 1.66809604105777 2.1892359032203
1.19096049868196 1.41901732588018 1.67497194856657 2.19770068588504
1.1917474454074 1.42340072207046 1.68201997670147 2.18633730649452
1.19336821403144 1.42075496690722 1.67879022674004 2.17350017970169
1.19368987824427 1.42291141299785 1.67724919020519 2.17042035890874
1.19494080963193 1.42263054405403 1.68239782477035 2.1669556450801
1.19409111086656 1.42303202384081 1.69315214044036 2.22215076051784
1.19239488888301 1.42749500875659 1.66967112216204 2.15896325797074
1.19083594539674 1.42369347913042 1.68608451206616 2.17589418270154
1.19154776919164 1.42357498006773 1.67984699244288 2.17533175021083
1.19125188412627 1.41917279599771 1.68183780377634 2.19367352559607
1.18943904661244 1.41601739441062 1.66299733402907 2.17753115856063
1.1906758142037 1.41992463855139 1.66358571283539 2.17562092872581
