-0.2486 -0.296984 -0.224005 -0.185256 -0.235748 -0.275158 -0.192071 -0.263956 -0.229874 -0.2596 -0.220872 -0.224186 -0.197396 -0.197538 -0.247481 -0.181048 -0.224028 -0.280226 -0.227407 -0.254545 -0.307987 -0.235693 -0.189699 -0.243485 -0.218466 -0.211421 -0.207139 -0.200897 -0.241698 -0.182384 -0.25198 -0.246228 -0.220629 -0.208432 -0.238929 -0.170638 -0.196146 -0.190772 -0.170519 -0.23719 -0.241048 -0.215384 -0.232417 -0.288231 -0.232555 -0.24305 -0.253917 -0.20977 -0.202057 -0.244618
-0.22559 -0.1949 -0.137745 -0.133903 -0.178741 -0.227086 -0.200184 -0.166644 -0.175945 -0.171189 -0.191232 -0.204663 -0.156096 -0.14703 -0.231579 -0.149408 -0.167369 -0.153382 -0.204692 -0.190313 -0.222723 -0.19162 -0.14597 -0.194309 -0.156635 -0.172072 -0.154201 -0.236727 -0.191081 -0.215201 -0.185814 -0.169632 -0.20127 -0.195026 -0.208995 -0.171689 -0.191836 -0.160014 -0.15684 -0.184398 -0.211133 -0.162444 -0.203928 -0.202061 -0.192469 -0.227382 -0.197556 -0.189837 -0.160059 -0.187128
-0.214765 -0.173402 -0.10254 -0.137344 -0.144593 -0.184225 -0.132122 -0.157366 -0.151463 -0.140138 -0.174479 -0.183233 -0.152808 -0.127157 -0.176906 -0.129583 -0.151321 -0.140794 -0.154664 -0.174505 -0.181763 -0.167598 -0.134319 -0.185091 -0.150261 -0.138644 -0.154243 -0.219075 -0.16246 -0.198366 -0.156972 -0.158212 -0.176868 -0.15238 -0.170437 -0.124498 -0.170143 -0.160558 -0.149068 -0.157765 -0.198218 -0.157947 -0.179633 -0.200232 -0.167935 -0.182093 -0.158306 -0.136457 -0.161469 -0.189888
-0.181577 -0.174126 -0.099908 -0.146621 -0.144006 -0.177068 -0.135995 -0.140811 -0.128434 -0.133779 -0.172986 -0.155515 -0.139118 -0.121195 -0.152882 -0.130547 -0.123728 -0.136564 -0.158532 -0.162225 -0.161615 -0.162181 -0.135486 -0.174453 -0.144539 -0.134683 -0.146327 -0.177466 -0.171586 -0.185069 -0.129391 -0.151349 -0.13887 -0.143645 -0.162393 -0.127935 -0.156051 -0.164239 -0.138591 -0.14199 -0.166158 -0.144533 -0.154119 -0.16418 -0.1528 -0.179479 -0.138029 -0.135358 -0.138412 -0.166194
-0.169655 -0.18332 -0.099686 -0.138156 -0.147094 -0.14315 -0.124955 -0.144371 -0.115459 -0.135827 -0.124433 -0.140994 -0.133978 -0.121294 -0.129954 -0.13145 -0.12863 -0.134659 -0.13947 -0.155939 -0.160311 -0.172802 -0.142597 -0.157183 -0.115898 -0.13322 -0.140128 -0.159877 -0.165251 -0.176399 -0.128068 -0.145952 -0.124504 -0.143297 -0.125379 -0.125512 -0.152673 -0.138765 -0.130036 -0.138597 -0.158283 -0.133592 -0.135857 -0.179103 -0.144764 -0.161486 -0.142295 -0.133859 -0.135059 -0.157866
-0.163031 -0.160854 -0.105046 -0.128739 -0.138839 -0.142113 -0.118415 -0.121176 -0.120696 -0.129338 -0.125481 -0.140407 -0.13193 -0.113177 -0.131701 -0.133606 -0.130671 -0.133543 -0.129029 -0.153511 -0.145645 -0.158175 -0.135709 -0.156192 -0.112595 -0.135723 -0.125223 -0.149161 -0.167341 -0.160679 -0.12551 -0.117964 -0.128338 -0.135732 -0.124754 -0.123261 -0.15631 -0.129109 -0.115995 -0.11611 -0.159963 -0.118305 -0.136214 -0.149633 -0.14299 -0.172374 -0.123366 -0.11617 -0.136004 -0.150199
-0.162436 -0.164902 -0.103524 -0.123282 -0.141691 -0.135524 -0.120652 -0.112757 -0.112613 -0.124048 -0.127574 -0.131488 -0.122268 -0.121963 -0.135336 -0.128285 -0.130168 -0.129931 -0.132571 -0.14959 -0.139616 -0.141065 -0.12823 -0.155509 -0.110876 -0.131231 -0.109704 -0.13624 -0.157887 -0.144121 -0.109526 -0.111497 -0.142677 -0.129323 -0.134305 -0.123668 -0.147121 -0.121183 -0.11648 -0.114598 -0.150368 -0.114991 -0.13179 -0.141411 -0.137183 -0.164681 -0.116015 -0.117274 -0.117189 -0.142022
-0.135336 -0.152018 -0.101662 -0.119081 -0.14376 -0.126136 -0.120217 -0.113566 -0.110539 -0.109957 -0.124158 -0.13056 -0.113025 -0.117126 -0.129863 -0.129764 -0.129769 -0.133841 -0.135222 -0.138719 -0.110004 -0.145315 -0.130741 -0.154193 -0.104356 -0.122378 -0.11284 -0.132983 -0.147126 -0.143147 -0.113127 -0.105703 -0.142026 -0.133472 -0.131608 -0.127864 -0.135604 -0.113628 -0.107767 -0.109599 -0.151864 -0.111218 -0.129979 -0.134659 -0.120642 -0.139518 -0.113949 -0.116143 -0.115734 -0.136367
-0.13544 -0.145612 -0.099471 -0.124272 -0.141063 -0.120128 -0.117878 -0.114335 -0.109785 -0.113302 -0.125504 -0.130952 -0.11987 -0.108891 -0.131139 -0.120893 -0.122347 -0.124291 -0.133509 -0.137465 -0.108157 -0.142536 -0.117838 -0.153967 -0.10655 -0.113478 -0.100866 -0.132315 -0.129768 -0.155261 -0.104893 -0.119346 -0.128201 -0.138022 -0.129143 -0.121429 -0.136244 -0.111971 -0.10565 -0.110168 -0.151557 -0.110285 -0.125954 -0.133616 -0.12352 -0.126013 -0.115666 -0.117207 -0.112885 -0.133495
-0.133737 -0.131489 -0.104096 -0.134215 -0.138903 -0.125596 -0.119609 -0.109753 -0.11111 -0.118584 -0.125785 -0.128672 -0.104997 -0.109928 -0.131316 -0.121842 -0.122141 -0.122488 -0.133513 -0.122287 -0.110376 -0.132678 -0.126715 -0.146869 -0.106144 -0.100715 -0.101448 -0.133576 -0.128559 -0.139575 -0.102345 -0.117692 -0.127031 -0.121434 -0.127249 -0.1182 -0.131017 -0.111057 -0.104647 -0.113858 -0.154965 -0.1073 -0.127413 -0.128649 -0.121875 -0.124424 -0.113763 -0.110088 -0.132143 -0.126323
-0.133452 -0.130829 -0.099081 -0.133595 -0.140181 -0.124111 -0.120207 -0.112929 -0.111297 -0.121572 -0.126699 -0.113524 -0.107054 -0.111238 -0.142225 -0.119159 -0.118847 -0.125207 -0.10732 -0.119162 -0.108531 -0.131734 -0.126751 -0.132814 -0.101818 -0.099183 -0.100611 -0.128439 -0.126968 -0.149166 -0.10296 -0.118564 -0.118691 -0.122726 -0.124244 -0.117671 -0.13183 -0.110494 -0.097309 -0.109577 -0.149447 -0.106477 -0.111287 -0.13024 -0.116565 -0.124122 -0.105209 -0.111988 -0.129601 -0.125803
-0.129339 -0.129167 -0.099299 -0.123796 -0.138194 -0.124542 -0.113715 -0.104449 -0.115356 -0.119117 -0.127286 -0.114855 -0.105253 -0.104505 -0.133404 -0.116174 -0.119975 -0.124066 -0.105786 -0.132079 -0.100129 -0.126853 -0.123348 -0.128502 -0.099637 -0.092256 -0.0989 -0.125801 -0.131234 -0.146916 -0.107293 -0.117174 -0.112546 -0.124029 -0.123421 -0.123891 -0.129996 -0.100141 -0.098087 -0.111612 -0.14315 -0.097962 -0.118334 -0.133041 -0.119886 -0.127829 -0.10694 -0.110324 -0.127391 -0.120875
-0.117581 -0.127841 -0.09597 -0.126128 -0.133064 -0.121334 -0.11877 -0.103678 -0.118219 -0.120342 -0.123924 -0.11218 -0.099658 -0.102247 -0.132715 -0.112932 -0.118713 -0.119289 -0.100824 -0.133581 -0.099684 -0.127848 -0.123025 -0.128503 -0.100947 -0.096554 -0.094043 -0.123512 -0.125733 -0.142945 -0.125192 -0.115391 -0.109503 -0.12019 -0.12013 -0.122897 -0.133819 -0.100114 -0.097672 -0.111265 -0.148423 -0.095104 -0.115374 -0.131701 -0.121637 -0.123611 -0.106904 -0.111122 -0.12634 -0.140975
-0.111588 -0.120636 -0.096875 -0.123914 -0.129727 -0.108923 -0.119498 -0.104829 -0.118094 -0.120595 -0.122095 -0.109706 -0.104478 -0.103369 -0.12943 -0.113462 -0.113896 -0.118606 -0.09946 -0.132228 -0.100339 -0.125111 -0.117372 -0.125537 -0.100506 -0.094734 -0.098088 -0.122803 -0.118692 -0.133782 -0.132574 -0.120151 -0.109025 -0.110503 -0.120012 -0.112897 -0.131867 -0.097868 -0.096518 -0.101426 -0.148057 -0.093872 -0.120032 -0.129242 -0.115858 -0.108191 -0.103311 -0.111163 -0.124969 -0.118896
-0.112766 -0.114735 -0.099147 -0.126449 -0.123121 -0.102991 -0.115477 -0.089186 -0.117735 -0.119869 -0.122421 -0.109473 -0.101064 -0.104911 -0.12865 -0.114637 -0.105966 -0.119951 -0.092894 -0.130247 -0.100109 -0.119943 -0.113926 -0.126803 -0.10353 -0.100694 -0.099033 -0.132853 -0.118243 -0.10724 -0.131328 -0.112012 -0.109227 -0.109199 -0.121241 -0.103802 -0.1313 -0.109449 -0.092034 -0.102043 -0.145334 -0.096365 -0.116866 -0.124305 -0.116239 -0.110525 -0.104394 -0.10126 -0.108751 -0.118366
-0.114832 -0.114746 -0.097046 -0.109656 -0.12124 -0.095654 -0.116814 -0.088549 -0.111296 -0.117691 -0.116973 -0.110889 -0.100903 -0.105229 -0.127578 -0.105336 -0.103786 -0.103815 -0.099717 -0.129553 -0.101564 -0.118507 -0.101575 -0.124791 -0.099874 -0.105305 -0.099964 -0.12651 -0.118476 -0.106823 -0.103881 -0.113868 -0.114041 -0.110293 -0.124141 -0.105728 -0.130933 -0.107542 -0.092165 -0.103589 -0.138013 -0.09487 -0.116717 -0.130413 -0.114842 -0.111955 -0.105854 -0.102581 -0.106182 -0.104589
-0.114383 -0.106198 -0.096713 -0.107548 -0.121934 -0.10327 -0.115661 -0.089573 -0.1069 -0.117145 -0.109167 -0.111946 -0.101058 -0.104008 -0.128606 -0.104922 -0.101129 -0.103358 -0.100999 -0.126909 -0.102464 -0.116464 -0.104218 -0.115894 -0.099461 -0.102723 -0.095877 -0.123173 -0.116124 -0.105427 -0.101603 -0.112917 -0.109787 -0.111543 -0.117094 -0.103512 -0.130442 -0.099965 -0.090858 -0.100105 -0.140926 -0.09465 -0.119147 -0.126593 -0.114362 -0.101939 -0.106044 -0.104016 -0.107468 -0.106848
-0.118203 -0.09932 -0.097849 -0.10998 -0.10375 -0.103248 -0.116544 -0.088151 -0.109778 -0.118285 -0.108572 -0.108536 -0.099514 -0.101701 -0.12728 -0.101409 -0.102357 -0.102288 -0.094212 -0.122033 -0.099073 -0.121922 -0.101006 -0.114468 -0.100808 -0.106898 -0.090632 -0.122884 -0.115539 -0.103645 -0.100458 -0.110998 -0.100828 -0.110475 -0.120693 -0.103518 -0.127912 -0.101067 -0.091249 -0.09964 -0.11561 -0.089693 -0.115931 -0.129679 -0.120017 -0.105645 -0.111499 -0.112618 -0.108779 -0.107228
-0.113483 -0.100962 -0.098088 -0.120257 -0.102518 -0.101021 -0.121554 -0.088009 -0.115239 -0.118511 -0.108216 -0.10978 -0.100737 -0.103278 -0.124476 -0.101024 -0.100466 -0.10117 -0.09394 -0.099718 -0.10028 -0.119811 -0.102347 -0.115078 -0.100512 -0.105778 -0.089524 -0.125736 -0.115369 -0.105246 -0.100896 -0.109182 -0.104857 -0.10985 -0.116975 -0.101438 -0.12926 -0.097567 -0.087575 -0.101776 -0.109318 -0.085725 -0.110546 -0.125319 -0.113777 -0.098425 -0.107725 -0.103361 -0.107228 -0.105721
-0.109803 -0.096111 -0.100457 -0.12352 -0.105478 -0.102776 -0.121744 -0.091999 -0.112705 -0.117429 -0.108817 -0.110818 -0.09752 -0.094737 -0.103525 -0.097122 -0.10191 -0.101462 -0.098579 -0.099211 -0.099715 -0.11842 -0.103546 -0.11678 -0.10132 -0.10978 -0.08944 -0.14189 -0.117813 -0.104964 -0.102032 -0.107269 -0.106562 -0.110389 -0.118563 -0.099818 -0.106311 -0.09963 -0.089696 -0.095138 -0.10765 -0.086022 -0.107694 -0.119444 -0.109488 -0.098086 -0.104526 -0.10044 -0.100595 -0.100795
-0.106965 -0.099697 -0.10158 -0.106383 -0.103634 -0.10024 -0.121503 -0.092766 -0.104309 -0.117629 -0.10798 -0.111303 -0.097846 -0.095259 -0.103162 -0.096488 -0.101336 -0.099767 -0.098364 -0.099464 -0.098873 -0.12139 -0.102139 -0.098895 -0.099464 -0.099574 -0.093767 -0.142095 -0.101375 -0.101392 -0.100008 -0.102451 -0.104246 -0.111977 -0.117254 -0.098272 -0.107077 -0.098774 -0.096321 -0.09596 -0.104688 -0.084302 -0.093721 -0.118499 -0.105913 -0.098732 -0.104645 -0.097323 -0.092484 -0.100599
-0.101161 -0.099468 -0.100245 -0.107063 -0.106645 -0.102276 -0.113232 -0.093001 -0.110585 -0.121418 -0.109865 -0.108556 -0.095329 -0.094857 -0.104871 -0.093011 -0.100995 -0.098538 -0.094495 -0.097228 -0.100676 -0.120391 -0.099761 -0.099701 -0.09807 -0.102652 -0.095942 -0.125962 -0.097041 -0.102554 -0.08637 -0.102874 -0.104455 -0.113268 -0.11789 -0.098631 -0.109525 -0.092136 -0.092153 -0.09967 -0.096076 -0.082849 -0.092737 -0.112332 -0.11171 -0.097947 -0.112031 -0.097056 -0.089406 -0.098263
-0.096703 -0.097569 -0.100305 -0.109304 -0.101757 -0.101305 -0.116814 -0.093314 -0.107373 -0.119648 -0.106901 -0.109267 -0.095057 -0.094328 -0.100521 -0.093199 -0.101614 -0.102302 -0.095873 -0.094106 -0.101177 -0.1156 -0.099817 -0.099752 -0.097332 -0.101695 -0.094737 -0.131093 -0.098719 -0.113376 -0.088365 -0.098351 -0.103478 -0.113286 -0.11656 -0.099801 -0.109361 -0.092169 -0.096397 -0.096821 -0.113438 -0.083213 -0.092915 -0.114683 -0.108227 -0.100368 -0.110068 -0.097366 -0.087828 -0.099073
-0.099812 -0.099725 -0.101952 -0.107696 -0.100172 -0.099229 -0.113158 -0.091853 -0.100729 -0.118249 -0.106191 -0.109006 -0.09408 -0.091199 -0.106738 -0.099643 -0.106039 -0.098828 -0.094089 -0.102019 -0.10021 -0.116898 -0.099733 -0.099497 -0.094089 -0.103076 -0.0948 -0.127867 -0.096391 -0.099291 -0.092495 -0.097451 -0.103604 -0.111323 -0.116491 -0.098841 -0.109696 -0.090309 -0.094545 -0.092645 -0.098824 -0.084065 -0.092571 -0.09026 -0.107644 -0.09703 -0.099483 -0.100165 -0.088052 -0.094488
-0.105758 -0.100264 -0.09824 -0.108864 -0.099379 -0.096296 -0.10811 -0.091427 -0.099909 -0.11799 -0.107423 -0.110697 -0.092913 -0.089395 -0.10468 -0.098852 -0.107799 -0.099041 -0.093791 -0.098011 -0.097845 -0.114199 -0.098426 -0.095734 -0.096632 -0.103019 -0.096816 -0.127744 -0.097832 -0.102196 -0.084029 -0.098876 -0.101876 -0.112088 -0.117757 -0.096854 -0.11139 -0.090355 -0.097093 -0.092249 -0.098673 -0.087751 -0.090113 -0.089332 -0.107366 -0.100609 -0.103639 -0.099539 -0.085463 -0.089832
-0.104794 -0.098574 -0.091042 -0.108147 -0.100476 -0.096489 -0.110057 -0.09122 -0.097592 -0.117629 -0.104959 -0.109303 -0.091331 -0.090856 -0.097412 -0.095807 -0.100789 -0.099167 -0.09399 -0.096836 -0.096463 -0.112816 -0.105103 -0.094936 -0.089507 -0.099352 -0.092203 -0.110544 -0.094818 -0.102899 -0.086797 -0.098795 -0.096883 -0.111226 -0.09471 -0.095094 -0.103242 -0.090963 -0.094359 -0.09332 -0.098033 -0.088208 -0.09038 -0.093028 -0.107561 -0.099226 -0.099353 -0.102766 -0.087337 -0.089129
-0.10485 -0.097714 -0.094996 -0.104124 -0.097807 -0.095535 -0.102341 -0.092648 -0.097284 -0.117712 -0.107541 -0.108725 -0.092837 -0.091842 -0.097791 -0.092811 -0.09925 -0.099692 -0.09198 -0.095957 -0.094509 -0.114548 -0.099265 -0.095655 -0.09184 -0.099096 -0.092978 -0.11012 -0.097579 -0.101823 -0.08736 -0.099555 -0.094393 -0.114569 -0.095972 -0.09432 -0.102845 -0.086645 -0.093731 -0.092478 -0.102897 -0.086696 -0.090217 -0.093743 -0.106397 -0.096923 -0.09202 -0.09955 -0.085213 -0.084675
-0.10412 -0.117688 -0.099139 -0.097585 -0.098604 -0.099283 -0.102522 -0.092224 -0.09933 -0.11803 -0.103835 -0.108128 -0.09648 -0.091547 -0.100923 -0.093458 -0.098279 -0.098972 -0.096522 -0.093765 -0.092656 -0.113092 -0.099311 -0.094868 -0.090571 -0.09903 -0.092912 -0.112012 -0.0952 -0.103307 -0.088817 -0.10055 -0.096476 -0.111987 -0.094787 -0.096065 -0.103857 -0.089113 -0.094411 -0.096486 -0.104835 -0.090271 -0.086582 -0.092741 -0.106603 -0.097945 -0.093645 -0.100496 -0.087283 -0.081523
-0.103373 -0.098168 -0.092927 -0.09748 -0.099458 -0.101003 -0.097594 -0.092837 -0.099048 -0.110315 -0.106698 -0.110984 -0.089692 -0.092657 -0.102653 -0.092809 -0.10014 -0.098613 -0.09356 -0.091154 -0.090761 -0.114144 -0.089052 -0.095041 -0.089676 -0.101328 -0.093944 -0.112215 -0.097232 -0.102835 -0.087418 -0.100661 -0.096557 -0.11247 -0.09483 -0.093992 -0.105073 -0.089139 -0.093056 -0.093573 -0.101945 -0.087867 -0.085048 -0.091866 -0.104859 -0.098314 -0.091916 -0.099554 -0.08653 -0.081188
-0.100118 -0.098934 -0.093915 -0.095893 -0.100513 -0.094924 -0.102601 -0.091049 -0.099014 -0.11595 -0.108172 -0.110616 -0.091278 -0.092089 -0.105851 -0.091653 -0.100176 -0.105207 -0.095394 -0.094704 -0.09205 -0.108862 -0.088597 -0.095702 -0.087625 -0.099564 -0.091698 -0.110575 -0.098312 -0.103358 -0.082996 -0.100409 -0.098463 -0.108636 -0.096839 -0.096715 -0.103438 -0.086967 -0.099864 -0.092682 -0.08869 -0.087902 -0.085869 -0.097655 -0.107288 -0.097564 -0.088502 -0.099624 -0.087245 -0.085149
-0.099803 -0.101443 -0.090158 -0.097011 -0.099926 -0.100017 -0.104656 -0.09287 -0.095715 -0.115892 -0.10633 -0.111062 -0.089554 -0.092098 -0.100957 -0.092693 -0.100196 -0.107088 -0.096118 -0.092555 -0.091626 -0.107447 -0.090964 -0.09397 -0.087867 -0.100364 -0.089172 -0.11055 -0.098303 -0.097587 -0.084287 -0.109563 -0.096831 -0.107656 -0.096138 -0.09526 -0.102357 -0.088487 -0.099809 -0.094672 -0.091816 -0.087715 -0.084861 -0.098792 -0.104662 -0.09786 -0.088935 -0.098248 -0.089007 -0.085677
-0.101205 -0.098502 -0.090929 -0.091254 -0.09981 -0.100622 -0.097737 -0.094071 -0.091158 -0.115357 -0.107938 -0.111419 -0.090565 -0.090083 -0.099384 -0.093273 -0.09776 -0.105006 -0.089238 -0.091351 -0.092314 -0.107804 -0.089589 -0.095206 -0.088035 -0.102126 -0.088431 -0.107764 -0.098849 -0.094168 -0.086514 -0.106481 -0.097966 -0.103597 -0.092979 -0.096688 -0.103256 -0.087713 -0.099288 -0.09259 -0.091846 -0.089532 -0.087499 -0.092918 -0.106765 -0.104296 -0.087058 -0.099783 -0.089 -0.086823
-0.100273 -0.101198 -0.088887 -0.091835 -0.094127 -0.099209 -0.092685 -0.09266 -0.090668 -0.118206 -0.107316 -0.111948 -0.087322 -0.090955 -0.100276 -0.09282 -0.094752 -0.100747 -0.089884 -0.095705 -0.093206 -0.11106 -0.08759 -0.095691 -0.087621 -0.098038 -0.089545 -0.111621 -0.095986 -0.094435 -0.084353 -0.098559 -0.099126 -0.104529 -0.093625 -0.09887 -0.102615 -0.087567 -0.095357 -0.094674 -0.091612 -0.092559 -0.087097 -0.091493 -0.105708 -0.098566 -0.085519 -0.101114 -0.086417 -0.085142
-0.101138 -0.099383 -0.08937 -0.094063 -0.093666 -0.096524 -0.090677 -0.091828 -0.087082 -0.117043 -0.107097 -0.112407 -0.089317 -0.097003 -0.099062 -0.091401 -0.093911 -0.100698 -0.089026 -0.091774 -0.093719 -0.111629 -0.089519 -0.088642 -0.091136 -0.10038 -0.088533 -0.10985 -0.093987 -0.095778 -0.083696 -0.097784 -0.09837 -0.090361 -0.091945 -0.094958 -0.104353 -0.090297 -0.093923 -0.09318 -0.090507 -0.090943 -0.086368 -0.090914 -0.106582 -0.100482 -0.08459 -0.100287 -0.088831 -0.085674
-0.099738 -0.101711 -0.091553 -0.09453 -0.089183 -0.089729 -0.083387 -0.092107 -0.08862 -0.120691 -0.107497 -0.113038 -0.093758 -0.096849 -0.097477 -0.09142 -0.09502 -0.101921 -0.089669 -0.089806 -0.093837 -0.111142 -0.086849 -0.08771 -0.086746 -0.096724 -0.088469 -0.109048 -0.095076 -0.093976 -0.082109 -0.093275 -0.098654 -0.088762 -0.092998 -0.091618 -0.10474 -0.085351 -0.094235 -0.094525 -0.09208 -0.092316 -0.084655 -0.092675 -0.10653 -0.102239 -0.086341 -0.10026 -0.087789 -0.090396
-0.100208 -0.100259 -0.090918 -0.092332 -0.101965 -0.089045 -0.086501 -0.09153 -0.087301 -0.120933 -0.106764 -0.111748 -0.093656 -0.095932 -0.096116 -0.092716 -0.095148 -0.100251 -0.089116 -0.090093 -0.089751 -0.104201 -0.080729 -0.09065 -0.086556 -0.098462 -0.088387 -0.121684 -0.096465 -0.095266 -0.082845 -0.094527 -0.099187 -0.091625 -0.091365 -0.092369 -0.1031 -0.085644 -0.092844 -0.095114 -0.090319 -0.090301 -0.083298 -0.089883 -0.101323 -0.098739 -0.083471 -0.100224 -0.08772 -0.093052
-0.099538 -0.099048 -0.089765 -0.093645 -0.10066 -0.087053 -0.087068 -0.090968 -0.08244 -0.100948 -0.106437 -0.107864 -0.091899 -0.096183 -0.099315 -0.092323 -0.094314 -0.097669 -0.090362 -0.090756 -0.089145 -0.104459 -0.082614 -0.090837 -0.086904 -0.09745 -0.09091 -0.103831 -0.093172 -0.093666 -0.084249 -0.09458 -0.099448 -0.092135 -0.092396 -0.092483 -0.09688 -0.085899 -0.093823 -0.093432 -0.086924 -0.090193 -0.085198 -0.091267 -0.097605 -0.098059 -0.084955 -0.101179 -0.087216 -0.096026
-0.105212 -0.097146 -0.091994 -0.093439 -0.103642 -0.090336 -0.087399 -0.090661 -0.080864 -0.099924 -0.108724 -0.109838 -0.094363 -0.097241 -0.083912 -0.096093 -0.094249 -0.100067 -0.085989 -0.090759 -0.089759 -0.10375 -0.081385 -0.089779 -0.08729 -0.09448 -0.105409 -0.105158 -0.095906 -0.094812 -0.081282 -0.095614 -0.097802 -0.094474 -0.090699 -0.091922 -0.097811 -0.085687 -0.089933 -0.098604 -0.087683 -0.088863 -0.085959 -0.087642 -0.097749 -0.098826 -0.08781 -0.100645 -0.087717 -0.095899
-0.098365 -0.099184 -0.092488 -0.094049 -0.10403 -0.087466 -0.087971 -0.090962 -0.082287 -0.094436 -0.104062 -0.109822 -0.093277 -0.095253 -0.084292 -0.097731 -0.091137 -0.099515 -0.08701 -0.090626 -0.089135 -0.101135 -0.083411 -0.089742 -0.085963 -0.097967 -0.108309 -0.103736 -0.094088 -0.096834 -0.082471 -0.096543 -0.099534 -0.095655 -0.093078 -0.093002 -0.097565 -0.08841 -0.089465 -0.090942 -0.08892 -0.089067 -0.085221 -0.088558 -0.098127 -0.094916 -0.086774 -0.099358 -0.089068 -0.095256
-0.09787 -0.098306 -0.08695 -0.093902 -0.088943 -0.087877 -0.088282 -0.086842 -0.080982 -0.095708 -0.103839 -0.112957 -0.087968 -0.10175 -0.085422 -0.097918 -0.091333 -0.101678 -0.086259 -0.092446 -0.088292 -0.102754 -0.083469 -0.088126 -0.085405 -0.098042 -0.10754 -0.103795 -0.086634 -0.094544 -0.079471 -0.094553 -0.093557 -0.092709 -0.091302 -0.091857 -0.100989 -0.087429 -0.091499 -0.091432 -0.086368 -0.089639 -0.086272 -0.087469 -0.097384 -0.096097 -0.092266 -0.099244 -0.088842 -0.094744
-0.09926 -0.09859 -0.087405 -0.090474 -0.084648 -0.087791 -0.086597 -0.087381 -0.07948 -0.097457 -0.104145 -0.109446 -0.088479 -0.096721 -0.085967 -0.096287 -0.090464 -0.099321 -0.087208 -0.09201 -0.087597 -0.101991 -0.083085 -0.089285 -0.08783 -0.096257 -0.103944 -0.099314 -0.086904 -0.094128 -0.08085 -0.090519 -0.094213 -0.088764 -0.090866 -0.091181 -0.101952 -0.086912 -0.089603 -0.091327 -0.077624 -0.091724 -0.086037 -0.087513 -0.096712 -0.09544 -0.091535 -0.099859 -0.089772 -0.09015
-0.102573 -0.096639 -0.089096 -0.097335 -0.083935 -0.088452 -0.08495 -0.087437 -0.07526 -0.098738 -0.100063 -0.108581 -0.087847 -0.096021 -0.087405 -0.095879 -0.09401 -0.100752 -0.087891 -0.090262 -0.088999 -0.100654 -0.080024 -0.089911 -0.083267 -0.098211 -0.098498 -0.093161 -0.0855 -0.094107 -0.080256 -0.09304 -0.096871 -0.087664 -0.090848 -0.09276 -0.101124 -0.087648 -0.089138 -0.091545 -0.078549 -0.101301 -0.085825 -0.086636 -0.098422 -0.094991 -0.095543 -0.098465 -0.088106 -0.091656
-0.097446 -0.096916 -0.087229 -0.092562 -0.085154 -0.085557 -0.084777 -0.088078 -0.075755 -0.097804 -0.099598 -0.10778 -0.088469 -0.09521 -0.085286 -0.097465 -0.09038 -0.100108 -0.088902 -0.092021 -0.087363 -0.102614 -0.083044 -0.089415 -0.08543 -0.099038 -0.102289 -0.097428 -0.087691 -0.093555 -0.077873 -0.082683 -0.0972 -0.086141 -0.090831 -0.092771 -0.102174 -0.089336 -0.089033 -0.093979 -0.07846 -0.105853 -0.085242 -0.087365 -0.095729 -0.093312 -0.093942 -0.100249 -0.088434 -0.08946
-0.09944 -0.09632 -0.086153 -0.094227 -0.088547 -0.088249 -0.090242 -0.087971 -0.075171 -0.09686 -0.099481 -0.106116 -0.089568 -0.094242 -0.087986 -0.096847 -0.087687 -0.098627 -0.089104 -0.091113 -0.085283 -0.102068 -0.082516 -0.089364 -0.084428 -0.09921 -0.100483 -0.092614 -0.087099 -0.090897 -0.081315 -0.089703 -0.099054 -0.086631 -0.084606 -0.091574 -0.099372 -0.08926 -0.089726 -0.097553 -0.077157 -0.107248 -0.081675 -0.086516 -0.096777 -0.092534 -0.094222 -0.099812 -0.089838 -0.09545
-0.098424 -0.099803 -0.090092 -0.096482 -0.086642 -0.086481 -0.088498 -0.089294 -0.079966 -0.096854 -0.099628 -0.107854 -0.089457 -0.095984 -0.092453 -0.094964 -0.087312 -0.099337 -0.08841 -0.091637 -0.08744 -0.102052 -0.08192 -0.087721 -0.084451 -0.099541 -0.100472 -0.093214 -0.087735 -0.089865 -0.08144 -0.089358 -0.099883 -0.084269 -0.085019 -0.092257 -0.100564 -0.088512 -0.088682 -0.093074 -0.076287 -0.109981 -0.083396 -0.088565 -0.097466 -0.090605 -0.093445 -0.098458 -0.087769 -0.099885
-0.100807 -0.099659 -0.083578 -0.097974 -0.085627 -0.087678 -0.08887 -0.090069 -0.07604 -0.096558 -0.096854 -0.102142 -0.090838 -0.096609 -0.092627 -0.09517 -0.090824 -0.099985 -0.08741 -0.091065 -0.088458 -0.100653 -0.083179 -0.092002 -0.085214 -0.102026 -0.099922 -0.09987 -0.089886 -0.086542 -0.082166 -0.088765 -0.099771 -0.083386 -0.083304 -0.093586 -0.103601 -0.089467 -0.088762 -0.0928 -0.077184 -0.10726 -0.082568 -0.08825 -0.093256 -0.092136 -0.095938 -0.097376 -0.088183 -0.096091
-0.099303 -0.096172 -0.084491 -0.09283 -0.082243 -0.086963 -0.087747 -0.090456 -0.0758 -0.097117 -0.099325 -0.100897 -0.089441 -0.099517 -0.091033 -0.092904 -0.091022 -0.103084 -0.087286 -0.092295 -0.086945 -0.102266 -0.08547 -0.09321 -0.084423 -0.101058 -0.100901 -0.099572 -0.088393 -0.095321 -0.082309 -0.088352 -0.099587 -0.084341 -0.0845 -0.094009 -0.106118 -0.088095 -0.090908 -0.087886 -0.078309 -0.106176 -0.083956 -0.089832 -0.09462 -0.093506 -0.091379 -0.098753 -0.087538 -0.096108
-0.097989 -0.091851 -0.08379 -0.091644 -0.084631 -0.085782 -0.087872 -0.090685 -0.073549 -0.097047 -0.098838 -0.101063 -0.089308 -0.099387 -0.083872 -0.093813 -0.090231 -0.100378 -0.085388 -0.092765 -0.089017 -0.101259 -0.08566 -0.094441 -0.084908 -0.100186 -0.10138 -0.098599 -0.086122 -0.093499 -0.078746 -0.089111 -0.097869 -0.083967 -0.085928 -0.091358 -0.105046 -0.092486 -0.089029 -0.087025 -0.080442 -0.108196 -0.080693 -0.087834 -0.096888 -0.091487 -0.09348 -0.098322 -0.08758 -0.090455
-0.099806 -0.090626 -0.084913 -0.096264 -0.08623 -0.086306 -0.083778 -0.089989 -0.077009 -0.097952 -0.098226 -0.096513 -0.090024 -0.098034 -0.089399 -0.088919 -0.092763 -0.097412 -0.087374 -0.093164 -0.089358 -0.101709 -0.086368 -0.092175 -0.083237 -0.098629 -0.100543 -0.10057 -0.086225 -0.094195 -0.077977 -0.085853 -0.094694 -0.08035 -0.085561 -0.091891 -0.102812 -0.089861 -0.09059 -0.08872 -0.082081 -0.093791 -0.080274 -0.087073 -0.094977 -0.091672 -0.084203 -0.098783 -0.086655 -0.089697
-0.09814 -0.089155 -0.083837 -0.09559 -0.084444 -0.086935 -0.083713 -0.090993 -0.076219 -0.09812 -0.099341 -0.097942 -0.091578 -0.097182 -0.08694 -0.089659 -0.091909 -0.099721 -0.088013 -0.091663 -0.085487 -0.093836 -0.08499 -0.093638 -0.083522 -0.1016 -0.098653 -0.097264 -0.083836 -0.094242 -0.078188 -0.086122 -0.097343 -0.081121 -0.087345 -0.091694 -0.103121 -0.089107 -0.087763 -0.086961 -0.084091 -0.098297 -0.080983 -0.088327 -0.094867 -0.087769 -0.083933 -0.09906 -0.087813 -0.090555
