-0.215117 -0.271654 -0.216396 -0.272129 -0.263769 -0.234352 -0.222278 -0.256813 -0.178664 -0.185518 -0.2654 -0.224866 -0.25819 -0.259573 -0.208876 -0.228206 -0.242299 -0.224746 -0.20039 -0.237948 -0.255671 -0.272097 -0.187057 -0.21818 -0.223446 -0.194161 -0.2175 -0.239636 -0.249525 -0.226194 -0.283842 -0.234911 -0.191096 -0.211934 -0.239171 -0.216791 -0.228884 -0.270359 -0.268009 -0.287521 -0.180907 -0.288342 -0.213508 -0.291959 -0.246738 -0.180623 -0.222502 -0.222521 -0.222639 -0.189989
-0.183522 -0.180474 -0.207989 -0.182455 -0.202824 -0.183347 -0.171599 -0.221993 -0.13371 -0.18226 -0.230991 -0.215565 -0.271651 -0.169896 -0.187472 -0.200319 -0.166356 -0.175905 -0.166611 -0.182152 -0.212975 -0.241974 -0.16731 -0.180022 -0.146711 -0.167294 -0.189135 -0.191524 -0.178618 -0.169831 -0.179566 -0.173292 -0.170927 -0.161559 -0.190969 -0.144625 -0.182334 -0.20953 -0.153764 -0.218824 -0.165562 -0.23082 -0.184584 -0.218786 -0.170138 -0.149502 -0.191854 -0.165409 -0.18929 -0.198718
-0.155876 -0.175094 -0.184444 -0.156614 -0.158159 -0.175695 -0.153153 -0.193385 -0.13737 -0.163521 -0.213107 -0.213278 -0.226523 -0.128761 -0.176888 -0.162737 -0.163383 -0.156535 -0.164003 -0.145428 -0.182074 -0.229431 -0.149818 -0.123793 -0.127405 -0.163609 -0.155519 -0.164451 -0.131067 -0.164557 -0.163014 -0.16113 -0.16082 -0.151744 -0.167981 -0.134876 -0.17209 -0.174048 -0.150548 -0.195231 -0.157536 -0.207611 -0.175414 -0.203129 -0.165962 -0.15303 -0.171261 -0.133901 -0.169573 -0.186885
-0.155837 -0.157833 -0.147586 -0.146432 -0.134303 -0.151101 -0.155591 -0.156089 -0.122429 -0.159535 -0.169053 -0.206202 -0.194732 -0.124861 -0.152226 -0.140894 -0.138527 -0.111486 -0.151186 -0.144212 -0.178656 -0.210916 -0.15844 -0.117766 -0.110567 -0.141601 -0.150492 -0.158502 -0.118131 -0.13431 -0.147615 -0.147912 -0.161547 -0.145536 -0.155852 -0.135742 -0.150972 -0.170557 -0.138716 -0.129649 -0.164412 -0.171126 -0.152406 -0.21256 -0.167292 -0.154325 -0.148254 -0.140605 -0.166522 -0.175699
-0.127558 -0.150568 -0.128019 -0.122531 -0.133155 -0.144335 -0.123624 -0.15417 -0.115802 -0.139074 -0.17481 -0.17595 -0.184377 -0.105857 -0.149746 -0.131332 -0.137028 -0.116558 -0.14274 -0.127388 -0.15595 -0.201007 -0.171541 -0.116159 -0.106394 -0.117588 -0.129206 -0.168471 -0.126547 -0.121196 -0.148146 -0.13938 -0.162236 -0.135209 -0.150825 -0.119403 -0.141727 -0.166099 -0.129349 -0.13142 -0.160383 -0.171282 -0.143027 -0.210332 -0.156079 -0.135236 -0.143409 -0.136396 -0.155495 -0.177318
-0.132622 -0.141845 -0.105763 -0.116478 -0.123657 -0.125543 -0.124623 -0.160172 -0.115773 -0.126306 -0.165485 -0.170812 -0.13261 -0.106071 -0.156516 -0.12945 -0.139142 -0.116699 -0.159377 -0.122189 -0.151523 -0.198703 -0.173627 -0.109224 -0.106578 -0.116963 -0.123085 -0.157893 -0.113761 -0.123319 -0.151114 -0.129446 -0.147785 -0.132722 -0.131423 -0.109019 -0.109313 -0.182258 -0.114174 -0.136214 -0.163219 -0.143659 -0.142527 -0.210113 -0.143014 -0.130626 -0.147767 -0.118259 -0.164651 -0.155662
-0.127744 -0.137323 -0.104045 -0.118018 -0.125359 -0.109925 -0.125539 -0.147279 -0.116143 -0.117088 -0.142157 -0.169903 -0.111259 -0.110711 -0.162218 -0.130402 -0.127383 -0.122659 -0.148205 -0.126259 -0.147843 -0.189907 -0.177313 -0.109974 -0.105829 -0.121605 -0.131144 -0.153109 -0.099227 -0.121544 -0.15116 -0.12441 -0.128453 -0.11999 -0.132156 -0.114611 -0.115117 -0.15537 -0.120572 -0.125942 -0.161538 -0.13751 -0.134293 -0.194566 -0.12527 -0.125633 -0.137042 -0.134705 -0.155147 -0.156829
-0.132635 -0.141567 -0.102397 -0.115522 -0.12081 -0.108571 -0.123801 -0.133576 -0.117963 -0.116329 -0.138032 -0.154866 -0.118214 -0.109349 -0.161186 -0.130657 -0.128644 -0.118379 -0.128374 -0.123685 -0.145873 -0.178581 -0.17186 -0.125206 -0.104619 -0.114058 -0.116619 -0.146667 -0.09513 -0.112303 -0.149893 -0.116856 -0.128394 -0.125973 -0.134006 -0.11404 -0.111606 -0.152065 -0.123552 -0.119818 -0.162683 -0.135251 -0.132944 -0.161164 -0.13447 -0.134411 -0.138735 -0.120303 -0.152993 -0.15678
-0.136419 -0.139472 -0.103095 -0.112444 -0.118452 -0.111291 -0.116094 -0.129055 -0.110277 -0.115606 -0.138154 -0.150244 -0.116006 -0.108146 -0.146798 -0.130355 -0.117405 -0.121489 -0.130547 -0.127397 -0.145625 -0.139518 -0.160791 -0.121719 -0.103813 -0.109911 -0.11369 -0.147356 -0.093311 -0.103874 -0.140984 -0.119389 -0.133965 -0.120967 -0.15007 -0.116753 -0.108968 -0.151491 -0.12704 -0.11743 -0.158835 -0.13613 -0.129123 -0.158637 -0.133127 -0.135429 -0.117984 -0.118022 -0.135311 -0.156423
-0.134582 -0.139989 -0.104151 -0.112135 -0.126048 -0.108743 -0.116096 -0.129415 -0.103624 -0.117592 -0.140082 -0.145412 -0.114003 -0.097104 -0.118701 -0.129791 -0.113794 -0.119363 -0.130857 -0.129271 -0.140388 -0.143892 -0.16408 -0.116494 -0.105357 -0.108185 -0.116293 -0.146072 -0.099136 -0.110315 -0.121258 -0.120865 -0.13365 -0.118681 -0.126884 -0.116008 -0.122824 -0.150805 -0.123437 -0.117449 -0.165254 -0.131471 -0.127429 -0.164116 -0.122238 -0.130941 -0.118642 -0.114338 -0.132324 -0.155037
-0.122071 -0.117965 -0.100763 -0.11175 -0.118992 -0.118373 -0.114048 -0.128041 -0.108085 -0.115122 -0.126342 -0.120099 -0.109109 -0.093729 -0.123068 -0.129829 -0.110348 -0.115158 -0.126906 -0.133599 -0.142499 -0.140245 -0.164209 -0.115831 -0.106804 -0.104069 -0.113264 -0.141357 -0.099641 -0.108177 -0.12201 -0.118546 -0.137882 -0.118128 -0.125723 -0.111829 -0.11818 -0.129063 -0.121989 -0.120445 -0.155806 -0.134011 -0.120133 -0.156286 -0.121436 -0.129144 -0.106872 -0.113378 -0.124806 -0.153424
-0.113941 -0.118309 -0.104257 -0.119393 -0.121555 -0.106559 -0.113239 -0.127241 -0.099407 -0.110986 -0.121575 -0.118892 -0.102886 -0.092554 -0.134259 -0.131165 -0.106899 -0.11509 -0.115728 -0.118958 -0.145346 -0.139478 -0.16264 -0.111691 -0.108044 -0.101073 -0.117012 -0.135087 -0.096001 -0.100514 -0.123593 -0.120079 -0.136521 -0.118661 -0.125225 -0.113765 -0.120169 -0.118961 -0.117445 -0.12414 -0.161811 -0.123612 -0.116868 -0.155373 -0.119344 -0.129433 -0.105439 -0.117427 -0.130221 -0.151635
-0.11629 -0.121373 -0.107117 -0.12249 -0.123658 -0.106516 -0.112675 -0.12104 -0.097996 -0.098923 -0.12073 -0.121104 -0.110496 -0.090556 -0.132826 -0.132971 -0.107043 -0.113958 -0.113174 -0.124996 -0.146038 -0.141911 -0.162777 -0.109521 -0.107419 -0.099251 -0.113772 -0.137036 -0.095573 -0.101349 -0.120127 -0.120064 -0.129176 -0.115954 -0.122505 -0.105069 -0.123162 -0.11659 -0.120219 -0.116771 -0.160185 -0.117372 -0.108878 -0.148468 -0.113497 -0.11364 -0.107351 -0.116542 -0.125024 -0.141559
-0.105833 -0.107528 -0.11146 -0.118971 -0.112853 -0.102604 -0.111221 -0.128469 -0.099244 -0.095517 -0.112554 -0.120748 -0.108386 -0.095308 -0.128397 -0.133394 -0.106529 -0.11655 -0.110733 -0.108104 -0.145523 -0.137933 -0.155957 -0.111108 -0.10479 -0.097366 -0.110748 -0.130216 -0.089072 -0.097744 -0.1204 -0.117116 -0.130457 -0.107918 -0.120519 -0.095571 -0.118275 -0.123226 -0.120996 -0.108547 -0.160011 -0.11827 -0.117795 -0.128832 -0.11419 -0.112284 -0.107215 -0.11546 -0.127426 -0.131244
-0.10192 -0.091514 -0.109442 -0.115677 -0.110732 -0.097324 -0.100273 -0.127067 -0.097367 -0.094837 -0.110391 -0.120298 -0.103862 -0.092579 -0.129096 -0.122481 -0.10491 -0.118955 -0.113234 -0.108045 -0.145929 -0.136219 -0.1414 -0.110576 -0.103518 -0.098568 -0.110667 -0.132971 -0.089658 -0.097408 -0.120332 -0.111683 -0.122268 -0.111084 -0.119621 -0.095849 -0.094643 -0.123092 -0.118419 -0.104584 -0.152382 -0.121192 -0.114705 -0.125665 -0.114228 -0.104854 -0.10861 -0.115399 -0.117999 -0.113101
-0.104195 -0.09466 -0.10956 -0.113713 -0.11394 -0.096687 -0.099812 -0.13045 -0.097882 -0.0963 -0.108787 -0.113525 -0.101512 -0.092873 -0.11971 -0.122632 -0.119168 -0.115605 -0.114629 -0.109367 -0.147297 -0.135726 -0.140258 -0.113843 -0.103325 -0.095937 -0.109854 -0.129321 -0.084096 -0.096477 -0.120741 -0.111243 -0.124151 -0.109076 -0.116511 -0.097259 -0.095798 -0.110716 -0.117227 -0.10535 -0.152836 -0.11898 -0.110571 -0.120051 -0.112074 -0.100576 -0.106092 -0.116815 -0.116496 -0.114191
-0.105204 -0.092853 -0.100674 -0.11192 -0.106598 -0.085224 -0.099839 -0.127665 -0.099266 -0.098425 -0.107465 -0.115506 -0.103595 -0.092412 -0.119064 -0.116573 -0.117989 -0.110316 -0.114402 -0.106968 -0.146315 -0.126502 -0.132812 -0.109799 -0.101271 -0.094073 -0.112037 -0.127121 -0.084687 -0.100538 -0.121708 -0.110831 -0.108725 -0.107393 -0.118257 -0.095998 -0.097077 -0.110769 -0.112858 -0.105648 -0.152262 -0.112393 -0.119091 -0.119027 -0.113537 -0.103197 -0.10372 -0.118303 -0.11484 -0.11497
-0.102941 -0.086556 -0.098724 -0.116419 -0.104496 -0.085832 -0.095733 -0.110079 -0.096087 -0.096705 -0.100665 -0.114236 -0.101793 -0.090096 -0.118018 -0.108597 -0.114929 -0.111921 -0.113089 -0.107769 -0.148185 -0.127543 -0.128837 -0.110819 -0.104375 -0.088824 -0.114123 -0.128803 -0.085786 -0.100157 -0.121035 -0.110477 -0.106859 -0.089029 -0.118209 -0.095409 -0.09715 -0.109076 -0.100429 -0.104609 -0.154552 -0.112711 -0.119481 -0.107417 -0.105251 -0.099338 -0.102745 -0.119072 -0.114597 -0.113085
-0.101805 -0.083276 -0.098155 -0.116291 -0.108396 -0.08596 -0.099948 -0.110742 -0.092564 -0.101301 -0.100605 -0.108323 -0.102806 -0.085004 -0.115462 -0.108736 -0.118345 -0.109365 -0.111628 -0.108035 -0.145608 -0.118638 -0.126802 -0.103734 -0.100201 -0.090164 -0.103794 -0.123548 -0.085793 -0.096434 -0.1188 -0.110808 -0.105459 -0.091613 -0.1168 -0.094834 -0.097332 -0.107767 -0.097574 -0.099699 -0.15642 -0.097603 -0.106254 -0.112378 -0.102695 -0.100997 -0.103431 -0.120218 -0.112702 -0.10976
-0.094311 -0.080795 -0.104703 -0.112032 -0.107285 -0.082837 -0.100454 -0.114755 -0.094059 -0.098453 -0.100686 -0.103027 -0.098263 -0.085204 -0.118128 -0.102801 -0.11267 -0.105591 -0.109838 -0.109495 -0.142179 -0.120691 -0.122747 -0.103408 -0.097973 -0.090271 -0.107515 -0.123568 -0.087064 -0.094307 -0.115305 -0.103782 -0.105274 -0.089506 -0.121335 -0.092419 -0.088308 -0.110454 -0.098164 -0.100192 -0.149933 -0.096224 -0.108199 -0.112047 -0.101224 -0.100444 -0.102114 -0.118126 -0.109888 -0.105034
-0.090238 -0.082323 -0.103496 -0.113028 -0.104482 -0.082988 -0.094326 -0.121386 -0.09745 -0.093194 -0.100725 -0.101106 -0.100169 -0.084783 -0.119428 -0.103908 -0.116691 -0.103767 -0.11652 -0.105524 -0.144585 -0.119058 -0.121642 -0.106699 -0.092393 -0.092242 -0.105816 -0.126743 -0.084111 -0.093399 -0.110643 -0.100987 -0.10702 -0.090936 -0.121789 -0.088035 -0.08959 -0.109033 -0.102598 -0.099004 -0.140564 -0.097834 -0.108347 -0.111054 -0.101909 -0.097534 -0.103711 -0.110185 -0.109621 -0.103205
-0.09 -0.082476 -0.098483 -0.105139 -0.104914 -0.08499 -0.093247 -0.111044 -0.092364 -0.093672 -0.099385 -0.092373 -0.100012 -0.084085 -0.115052 -0.105115 -0.101954 -0.103081 -0.116922 -0.103228 -0.139239 -0.116074 -0.116321 -0.102562 -0.092975 -0.085943 -0.103532 -0.126097 -0.082721 -0.088605 -0.112117 -0.100375 -0.107683 -0.094622 -0.120692 -0.085468 -0.095455 -0.107172 -0.100923 -0.098351 -0.136188 -0.095287 -0.106287 -0.109683 -0.101682 -0.094821 -0.101484 -0.110967 -0.109446 -0.100715
-0.091857 -0.080407 -0.100283 -0.100603 -0.105687 -0.086008 -0.080185 -0.108581 -0.089777 -0.095413 -0.098606 -0.096216 -0.096537 -0.082704 -0.112463 -0.102211 -0.10232 -0.099753 -0.116769 -0.095193 -0.120782 -0.116684 -0.114672 -0.104734 -0.085912 -0.084256 -0.103446 -0.123164 -0.082728 -0.088179 -0.110762 -0.100536 -0.104991 -0.094646 -0.105183 -0.087198 -0.094775 -0.102689 -0.09837 -0.096581 -0.115995 -0.08152 -0.106936 -0.088954 -0.103466 -0.093506 -0.100431 -0.110435 -0.10959 -0.104104
-0.091934 -0.0794 -0.098393 -0.102784 -0.105753 -0.076922 -0.078835 -0.10779 -0.092836 -0.095734 -0.099371 -0.089573 -0.095917 -0.082282 -0.112455 -0.112017 -0.102133 -0.10043 -0.116881 -0.097647 -0.11519 -0.120143 -0.111469 -0.105325 -0.084605 -0.088618 -0.103329 -0.116602 -0.082294 -0.089556 -0.109419 -0.095467 -0.107525 -0.091344 -0.105866 -0.08739 -0.086842 -0.107877 -0.099302 -0.098104 -0.115125 -0.076303 -0.109538 -0.087584 -0.097455 -0.09445 -0.093549 -0.11522 -0.109968 -0.10501
-0.089301 -0.077819 -0.091617 -0.100242 -0.101012 -0.076783 -0.08196 -0.106785 -0.09526 -0.096662 -0.099323 -0.092142 -0.094586 -0.084115 -0.110875 -0.115568 -0.098921 -0.100985 -0.118198 -0.097923 -0.122249 -0.117938 -0.111955 -0.103405 -0.084994 -0.088278 -0.103765 -0.115164 -0.080525 -0.089678 -0.108809 -0.084651 -0.107911 -0.100568 -0.102549 -0.08799 -0.081296 -0.100524 -0.097897 -0.093773 -0.099944 -0.072819 -0.110183 -0.087753 -0.09707 -0.092787 -0.091399 -0.114317 -0.109387 -0.107029
-0.088834 -0.079741 -0.092341 -0.094731 -0.10011 -0.078647 -0.082421 -0.10197 -0.092329 -0.098315 -0.09791 -0.092381 -0.091348 -0.085013 -0.109444 -0.105915 -0.100868 -0.099988 -0.116519 -0.103098 -0.117024 -0.110534 -0.110371 -0.102054 -0.084636 -0.083186 -0.095778 -0.114249 -0.082242 -0.086892 -0.091563 -0.082402 -0.106417 -0.087011 -0.105342 -0.087375 -0.079179 -0.102112 -0.096364 -0.093626 -0.100009 -0.072837 -0.103105 -0.088467 -0.094528 -0.092591 -0.089027 -0.093241 -0.110871 -0.105617
-0.089383 -0.082322 -0.091507 -0.092799 -0.098609 -0.076259 -0.080176 -0.103744 -0.100346 -0.095718 -0.096927 -0.092481 -0.092611 -0.083674 -0.112075 -0.103347 -0.098306 -0.10081 -0.116744 -0.100157 -0.120695 -0.11056 -0.108148 -0.093568 -0.084173 -0.084991 -0.095924 -0.112574 -0.082045 -0.087028 -0.095798 -0.080955 -0.105235 -0.08841 -0.097384 -0.085842 -0.07798 -0.100584 -0.097016 -0.093523 -0.100292 -0.078965 -0.101419 -0.088578 -0.093847 -0.092957 -0.091916 -0.094051 -0.104866 -0.103795
-0.090632 -0.07873 -0.093885 -0.090066 -0.098355 -0.075839 -0.079295 -0.10686 -0.094486 -0.09524 -0.094484 -0.093319 -0.09391 -0.080317 -0.111666 -0.102995 -0.091681 -0.100381 -0.113183 -0.10003 -0.121713 -0.109586 -0.105 -0.09478 -0.087917 -0.079447 -0.095574 -0.110846 -0.080922 -0.087651 -0.093018 -0.077791 -0.100075 -0.096512 -0.096997 -0.087239 -0.076864 -0.099479 -0.097454 -0.093346 -0.093972 -0.081157 -0.092561 -0.089014 -0.097919 -0.092269 -0.090057 -0.089036 -0.113982 -0.10393
-0.088183 -0.078618 -0.093036 -0.088804 -0.100175 -0.076218 -0.080688 -0.104611 -0.095086 -0.095553 -0.097203 -0.092714 -0.086728 -0.078258 -0.108137 -0.099268 -0.085941 -0.101344 -0.108685 -0.090458 -0.11206 -0.108219 -0.101827 -0.093255 -0.087969 -0.076938 -0.09443 -0.113705 -0.08159 -0.087247 -0.094382 -0.079567 -0.100386 -0.099152 -0.096135 -0.08718 -0.08146 -0.10109 -0.098627 -0.092936 -0.094616 -0.073205 -0.097172 -0.093228 -0.09845 -0.095038 -0.08935 -0.090992 -0.108529 -0.10053
-0.089732 -0.081004 -0.09293 -0.089024 -0.10111 -0.075041 -0.078718 -0.096893 -0.094634 -0.094465 -0.096159 -0.090972 -0.081236 -0.07611 -0.105856 -0.09841 -0.080976 -0.099647 -0.10618 -0.087234 -0.112981 -0.108313 -0.104936 -0.090372 -0.087958 -0.076813 -0.089107 -0.113034 -0.080659 -0.086189 -0.095783 -0.078687 -0.100079 -0.099141 -0.096411 -0.08791 -0.07511 -0.098431 -0.096997 -0.093497 -0.094377 -0.072372 -0.08978 -0.085827 -0.09995 -0.094397 -0.086907 -0.088547 -0.10964 -0.100122
-0.090693 -0.078581 -0.091824 -0.088857 -0.099359 -0.077138 -0.083372 -0.099056 -0.084332 -0.096876 -0.09445 -0.090769 -0.079651 -0.076491 -0.105887 -0.096045 -0.079078 -0.100921 -0.106278 -0.091802 -0.11049 -0.107525 -0.10647 -0.091965 -0.087376 -0.076743 -0.090363 -0.110041 -0.081529 -0.08609 -0.091213 -0.07981 -0.09899 -0.099798 -0.093895 -0.086576 -0.075456 -0.097259 -0.096012 -0.090877 -0.09522 -0.072783 -0.087339 -0.082384 -0.09787 -0.090807 -0.086523 -0.093461 -0.102938 -0.098191
-0.091656 -0.079889 -0.091742 -0.088894 -0.089128 -0.077993 -0.078912 -0.097878 -0.083908 -0.095325 -0.093462 -0.09449 -0.083393 -0.077004 -0.102207 -0.094843 -0.07826 -0.100797 -0.109294 -0.089742 -0.112678 -0.108176 -0.10337 -0.089044 -0.086834 -0.074584 -0.086445 -0.107863 -0.077005 -0.085887 -0.084894 -0.074984 -0.095674 -0.099236 -0.095278 -0.088111 -0.077967 -0.095958 -0.096326 -0.086966 -0.0961 -0.076704 -0.086451 -0.081384 -0.097337 -0.084729 -0.088078 -0.088559 -0.104911 -0.097029
-0.087956 -0.074797 -0.091867 -0.089364 -0.089049 -0.080088 -0.080767 -0.09468 -0.083817 -0.090698 -0.093004 -0.093305 -0.081199 -0.078219 -0.100258 -0.096964 -0.077708 -0.10091 -0.108419 -0.089481 -0.110755 -0.109804 -0.10415 -0.089149 -0.077726 -0.073955 -0.085844 -0.109207 -0.075952 -0.086839 -0.081159 -0.073368 -0.098078 -0.094229 -0.093813 -0.083638 -0.079568 -0.097312 -0.100348 -0.090981 -0.093851 -0.075567 -0.089846 -0.082465 -0.095893 -0.084982 -0.089438 -0.088019 -0.105617 -0.093224
-0.08869 -0.076838 -0.092913 -0.089936 -0.089422 -0.082655 -0.078507 -0.093771 -0.080563 -0.091741 -0.091022 -0.0955 -0.080933 -0.076532 -0.092986 -0.097511 -0.075895 -0.101482 -0.107496 -0.08662 -0.110129 -0.107925 -0.101307 -0.087998 -0.079167 -0.074193 -0.08839 -0.107825 -0.075872 -0.086555 -0.083695 -0.073825 -0.097678 -0.091833 -0.09461 -0.08231 -0.076706 -0.098832 -0.100361 -0.092497 -0.097237 -0.076974 -0.08759 -0.082929 -0.097057 -0.084961 -0.088512 -0.086921 -0.097119 -0.096145
-0.089615 -0.07919 -0.093007 -0.089043 -0.088494 -0.082195 -0.08046 -0.092218 -0.08112 -0.090621 -0.091471 -0.093259 -0.081385 -0.075302 -0.091156 -0.096579 -0.072299 -0.102557 -0.109386 -0.088094 -0.113592 -0.092316 -0.103884 -0.084729 -0.078323 -0.074474 -0.086728 -0.109382 -0.078075 -0.09104 -0.083619 -0.074417 -0.098132 -0.091822 -0.092137 -0.082253 -0.078068 -0.096052 -0.094721 -0.08907 -0.095954 -0.076129 -0.087139 -0.08208 -0.093417 -0.083092 -0.086962 -0.084606 -0.096693 -0.092866
-0.086116 -0.081159 -0.096458 -0.08948 -0.090505 -0.083019 -0.080396 -0.088843 -0.081497 -0.091385 -0.09438 -0.095054 -0.081913 -0.073184 -0.091142 -0.095758 -0.066672 -0.103242 -0.108667 -0.086006 -0.112026 -0.092126 -0.105622 -0.084645 -0.077413 -0.071851 -0.08766 -0.093499 -0.078153 -0.091703 -0.082082 -0.074176 -0.098277 -0.093939 -0.091615 -0.081993 -0.075151 -0.098466 -0.095601 -0.088428 -0.093471 -0.073317 -0.087609 -0.08141 -0.090795 -0.084836 -0.087209 -0.083355 -0.095151 -0.089415
-0.090217 -0.079996 -0.094686 -0.088766 -0.091815 -0.083178 -0.080275 -0.095075 -0.084584 -0.091196 -0.09444 -0.092374 -0.085789 -0.075879 -0.092417 -0.095118 -0.067427 -0.102413 -0.096332 -0.087533 -0.106979 -0.092152 -0.105258 -0.082501 -0.0736 -0.073554 -0.088471 -0.090615 -0.078108 -0.090002 -0.085204 -0.077136 -0.090555 -0.091307 -0.091488 -0.081373 -0.075459 -0.096782 -0.096226 -0.086294 -0.09372 -0.069515 -0.08556 -0.082248 -0.093182 -0.084001 -0.086975 -0.081999 -0.096557 -0.091666
-0.088877 -0.081346 -0.094484 -0.090391 -0.090537 -0.081294 -0.076596 -0.091117 -0.082565 -0.091449 -0.093013 -0.092805 -0.08379 -0.074173 -0.090762 -0.09418 -0.068173 -0.097533 -0.100134 -0.086092 -0.110935 -0.091564 -0.104993 -0.081992 -0.072259 -0.073537 -0.086942 -0.093642 -0.077146 -0.08655 -0.084005 -0.077624 -0.090994 -0.093152 -0.093474 -0.08216 -0.074514 -0.097553 -0.094067 -0.088486 -0.092272 -0.070004 -0.088099 -0.081357 -0.09254 -0.083618 -0.08733 -0.083857 -0.098943 -0.092237
-0.086617 -0.080809 -0.096092 -0.086295 -0.089747 -0.077019 -0.073886 -0.088138 -0.082713 -0.092958 -0.093574 -0.092959 -0.083355 -0.074335 -0.092383 -0.09586 -0.068762 -0.1005 -0.09776 -0.090531 -0.110712 -0.092328 -0.106515 -0.080625 -0.072146 -0.075165 -0.087763 -0.092868 -0.075892 -0.082687 -0.082598 -0.080017 -0.085668 -0.090777 -0.091784 -0.080768 -0.072899 -0.096045 -0.096901 -0.089512 -0.091711 -0.068728 -0.086058 -0.082591 -0.093387 -0.082865 -0.08841 -0.083832 -0.100004 -0.089988
-0.087933 -0.076343 -0.094558 -0.087226 -0.091063 -0.076481 -0.076421 -0.086884 -0.08363 -0.092389 -0.092128 -0.091796 -0.083301 -0.072638 -0.092917 -0.09424 -0.06851 -0.099498 -0.098652 -0.090492 -0.100961 -0.09747 -0.104502 -0.078356 -0.074228 -0.078001 -0.084792 -0.091429 -0.076999 -0.080254 -0.082449 -0.076919 -0.085241 -0.090869 -0.091993 -0.081768 -0.076423 -0.092851 -0.097843 -0.094999 -0.088954 -0.066821 -0.086776 -0.082339 -0.093978 -0.07849 -0.088479 -0.084664 -0.09971 -0.088777
-0.083017 -0.075425 -0.094235 -0.084711 -0.092352 -0.07776 -0.078017 -0.087393 -0.078482 -0.092869 -0.088044 -0.092683 -0.082732 -0.074069 -0.089804 -0.094186 -0.068872 -0.098733 -0.09722 -0.086859 -0.094289 -0.09791 -0.103471 -0.079681 -0.075199 -0.079632 -0.08632 -0.095306 -0.075429 -0.085597 -0.082559 -0.080694 -0.082328 -0.090579 -0.092251 -0.083262 -0.074405 -0.09049 -0.097454 -0.094129 -0.089915 -0.067841 -0.086731 -0.081902 -0.090372 -0.076114 -0.088065 -0.084553 -0.103959 -0.090079
-0.078327 -0.076189 -0.094364 -0.082599 -0.091948 -0.075514 -0.07543 -0.084807 -0.078403 -0.090208 -0.086166 -0.092816 -0.083238 -0.073732 -0.090965 -0.093738 -0.07109 -0.096398 -0.097374 -0.085249 -0.095772 -0.095534 -0.103972 -0.078691 -0.075189 -0.080025 -0.08183 -0.096416 -0.074753 -0.084768 -0.082245 -0.082996 -0.082368 -0.089831 -0.090613 -0.077024 -0.073562 -0.096361 -0.095802 -0.088358 -0.090251 -0.067095 -0.087293 -0.08263 -0.088676 -0.074215 -0.087087 -0.087803 -0.101614 -0.086935
-0.075988 -0.075896 -0.092801 -0.08244 -0.08624 -0.074234 -0.074771 -0.083992 -0.083794 -0.091555 -0.091202 -0.090903 -0.082562 -0.074172 -0.088826 -0.093207 -0.074531 -0.090651 -0.097556 -0.088454 -0.095295 -0.096059 -0.103809 -0.080052 -0.07687 -0.079183 -0.084436 -0.088756 -0.076498 -0.082316 -0.082118 -0.081243 -0.082885 -0.087254 -0.089834 -0.07617 -0.077233 -0.091439 -0.094745 -0.08963 -0.091606 -0.06557 -0.084742 -0.082712 -0.091516 -0.076856 -0.088148 -0.08995 -0.100031 -0.089989
-0.075433 -0.075594 -0.091978 -0.081999 -0.086335 -0.079366 -0.076657 -0.090077 -0.077756 -0.091554 -0.090009 -0.088703 -0.084105 -0.074604 -0.083692 -0.090397 -0.07425 -0.097465 -0.096768 -0.086689 -0.096766 -0.093857 -0.095209 -0.078519 -0.077998 -0.076986 -0.084195 -0.087096 -0.077418 -0.083048 -0.083503 -0.080126 -0.077065 -0.086693 -0.090131 -0.076099 -0.074567 -0.090555 -0.094254 -0.090737 -0.089875 -0.065192 -0.08181 -0.083633 -0.091355 -0.075009 -0.089045 -0.089542 -0.097915 -0.092125
-0.07627 -0.073197 -0.088533 -0.081717 -0.084749 -0.078921 -0.075993 -0.087042 -0.078312 -0.092766 -0.08992 -0.091656 -0.084942 -0.074577 -0.084637 -0.091535 -0.073037 -0.090806 -0.092341 -0.083914 -0.096515 -0.094215 -0.094743 -0.07849 -0.076671 -0.073575 -0.081098 -0.085783 -0.07717 -0.083385 -0.084 -0.079045 -0.074941 -0.086506 -0.087209 -0.073666 -0.075618 -0.0926 -0.093419 -0.08683 -0.091744 -0.066728 -0.083563 -0.081679 -0.088506 -0.075681 -0.089561 -0.087868 -0.097622 -0.09117
-0.075383 -0.075128 -0.088447 -0.083093 -0.087065 -0.073434 -0.07418 -0.086309 -0.076905 -0.091999 -0.089586 -0.091116 -0.083338 -0.073203 -0.077777 -0.091573 -0.070909 -0.093926 -0.092289 -0.082024 -0.091346 -0.097172 -0.08286 -0.077757 -0.079004 -0.071322 -0.079987 -0.085042 -0.073838 -0.079985 -0.081645 -0.088581 -0.073105 -0.085887 -0.088069 -0.073696 -0.076895 -0.092286 -0.091538 -0.088994 -0.091287 -0.069329 -0.077904 -0.081699 -0.088827 -0.075433 -0.087927 -0.084969 -0.095726 -0.087179
-0.072243 -0.071692 -0.083183 -0.083411 -0.085589 -0.074186 -0.073904 -0.088965 -0.079207 -0.09214 -0.088205 -0.09148 -0.083027 -0.074662 -0.07487 -0.091194 -0.067389 -0.093038 -0.09223 -0.081574 -0.090238 -0.094605 -0.084543 -0.077838 -0.077529 -0.071331 -0.077952 -0.084114 -0.07631 -0.081528 -0.074882 -0.093549 -0.076145 -0.084854 -0.088443 -0.073951 -0.081705 -0.089379 -0.092942 -0.090032 -0.087436 -0.070932 -0.080568 -0.07991 -0.089541 -0.072427 -0.087666 -0.0863 -0.095965 -0.088272
-0.073964 -0.07304 -0.083254 -0.082734 -0.084575 -0.073063 -0.072608 -0.087025 -0.080136 -0.092255 -0.086734 -0.090922 -0.081359 -0.074021 -0.077911 -0.088047 -0.068252 -0.090507 -0.091264 -0.081706 -0.085429 -0.095964 -0.083475 -0.078195 -0.076669 -0.071684 -0.079146 -0.084084 -0.077139 -0.080056 -0.073587 -0.092459 -0.075774 -0.083384 -0.086861 -0.072812 -0.073667 -0.087459 -0.090464 -0.093297 -0.089772 -0.07054 -0.081391 -0.078532 -0.090076 -0.073877 -0.086105 -0.085095 -0.098918 -0.087766
-0.073366 -0.072361 -0.084797 -0.082417 -0.084038 -0.073663 -0.071874 -0.086437 -0.077373 -0.086479 -0.093438 -0.091419 -0.077439 -0.076205 -0.080281 -0.087719 -0.063938 -0.090591 -0.093793 -0.077083 -0.081228 -0.093272 -0.082498 -0.078145 -0.076291 -0.071439 -0.078692 -0.087053 -0.077746 -0.080425 -0.075221 -0.09278 -0.076412 -0.085361 -0.091356 -0.068944 -0.073607 -0.086377 -0.083399 -0.091127 -0.08975 -0.070714 -0.080506 -0.072533 -0.088911 -0.071002 -0.085097 -0.085144 -0.097338 -0.089849
-0.072951 -0.071988 -0.085622 -0.079866 -0.076751 -0.073809 -0.071588 -0.08468 -0.080227 -0.086256 -0.094756 -0.089837 -0.077561 -0.070748 -0.080974 -0.0885 -0.065398 -0.088903 -0.095162 -0.078307 -0.080188 -0.093985 -0.082476 -0.078667 -0.078862 -0.071113 -0.080417 -0.086226 -0.077667 -0.081691 -0.074882 -0.090881 -0.075862 -0.086953 -0.092083 -0.069736 -0.07593 -0.088572 -0.084836 -0.090141 -0.092096 -0.071496 -0.080493 -0.073753 -0.085728 -0.073707 -0.084921 -0.085565 -0.098775 -0.091956
