-0.180011 -0.27509 -0.266293 -0.254333 -0.262959 -0.247945 -0.353634 -0.235054 -0.262074 -0.237988 -0.18251 -0.227934 -0.284129 -0.250988 -0.295444 -0.270701 -0.238206 -0.272788 -0.218804 -0.298628 -0.217414 -0.349967 -0.268947 -0.237188 -0.308058 -0.229472 -0.21956 -0.225188 -0.265446 -0.222424 -0.210541 -0.257089 -0.198278 -0.314269 -0.235329 -0.232917 -0.238073 -0.202174 -0.206645 -0.192394 -0.228581 -0.238375 -0.249582 -0.220628 -0.23881 -0.301851 -0.347814 -0.300498 -0.240099 -0.214928
-0.147372 -0.197117 -0.210701 -0.200535 -0.234129 -0.161738 -0.216515 -0.214808 -0.214475 -0.177054 -0.136704 -0.17175 -0.208205 -0.217858 -0.163405 -0.22551 -0.187448 -0.192929 -0.179832 -0.193806 -0.175956 -0.268094 -0.197382 -0.195268 -0.22227 -0.202475 -0.225085 -0.205417 -0.180054 -0.197287 -0.17602 -0.218031 -0.150236 -0.254941 -0.187827 -0.205463 -0.182864 -0.178757 -0.177565 -0.168273 -0.169147 -0.205407 -0.227198 -0.18017 -0.19866 -0.270208 -0.272798 -0.223601 -0.20396 -0.187727
-0.116793 -0.176255 -0.166207 -0.194957 -0.2343 -0.161244 -0.174451 -0.220859 -0.212787 -0.16936 -0.121813 -0.155654 -0.167916 -0.206002 -0.167202 -0.213304 -0.172504 -0.162034 -0.178382 -0.16985 -0.165605 -0.223851 -0.200018 -0.169221 -0.194784 -0.18961 -0.181186 -0.206365 -0.174013 -0.207121 -0.153996 -0.166313 -0.142363 -0.196799 -0.16387 -0.186373 -0.154479 -0.166029 -0.15748 -0.16401 -0.165538 -0.152826 -0.202889 -0.149659 -0.175184 -0.252333 -0.224808 -0.185544 -0.181936 -0.179969
-0.117283 -0.157132 -0.163536 -0.160485 -0.20656 -0.157764 -0.174672 -0.203868 -0.174172 -0.170124 -0.121702 -0.144704 -0.169441 -0.189596 -0.155199 -0.201944 -0.176841 -0.141029 -0.135268 -0.157775 -0.144049 -0.182055 -0.168989 -0.160682 -0.172805 -0.160408 -0.159971 -0.17314 -0.171545 -0.182313 -0.144386 -0.148975 -0.13317 -0.187032 -0.152181 -0.167736 -0.143059 -0.159077 -0.145375 -0.182345 -0.1384 -0.150698 -0.162083 -0.133135 -0.181017 -0.201012 -0.217328 -0.167456 -0.163767 -0.192861
-0.115837 -0.149857 -0.159797 -0.149437 -0.202105 -0.161092 -0.130866 -0.172419 -0.135737 -0.160024 -0.115699 -0.136246 -0.125736 -0.152124 -0.138738 -0.169287 -0.173753 -0.12769 -0.125888 -0.133347 -0.138438 -0.176021 -0.16587 -0.142469 -0.172244 -0.159666 -0.150806 -0.169157 -0.157603 -0.185341 -0.134767 -0.151058 -0.116111 -0.183944 -0.15951 -0.172195 -0.114924 -0.160623 -0.141608 -0.179357 -0.123986 -0.1543 -0.139038 -0.135364 -0.158885 -0.148492 -0.215103 -0.149405 -0.14495 -0.191959
-0.115153 -0.148415 -0.160081 -0.12364 -0.194475 -0.1473 -0.134861 -0.170544 -0.13675 -0.155887 -0.099505 -0.119101 -0.123728 -0.142619 -0.127715 -0.159197 -0.151425 -0.123717 -0.125301 -0.119389 -0.136378 -0.168139 -0.164442 -0.136859 -0.16519 -0.143377 -0.152949 -0.171867 -0.13589 -0.178297 -0.128409 -0.149071 -0.124347 -0.18209 -0.138829 -0.170191 -0.115816 -0.158688 -0.150996 -0.159562 -0.13532 -0.135291 -0.14202 -0.128475 -0.148942 -0.133098 -0.195905 -0.139406 -0.133753 -0.173572
-0.114994 -0.142286 -0.153934 -0.120006 -0.192959 -0.145999 -0.12643 -0.159335 -0.137672 -0.149339 -0.102273 -0.127445 -0.121743 -0.135025 -0.120467 -0.14569 -0.150986 -0.131148 -0.124208 -0.113427 -0.131752 -0.149296 -0.164196 -0.139046 -0.161073 -0.13715 -0.120785 -0.143895 -0.134538 -0.176518 -0.128787 -0.147134 -0.122532 -0.179344 -0.137989 -0.163389 -0.113717 -0.148192 -0.14153 -0.138191 -0.125854 -0.131918 -0.138187 -0.120129 -0.132639 -0.132684 -0.189758 -0.112077 -0.125188 -0.154195
-0.1124 -0.144559 -0.154347 -0.114265 -0.178121 -0.147536 -0.131546 -0.129273 -0.124578 -0.153176 -0.09733 -0.127681 -0.119579 -0.127053 -0.118454 -0.136767 -0.136892 -0.128198 -0.127055 -0.113616 -0.124319 -0.15071 -0.162997 -0.133728 -0.157983 -0.126244 -0.120271 -0.137109 -0.133848 -0.15946 -0.121837 -0.142755 -0.121367 -0.179334 -0.127583 -0.167361 -0.105548 -0.148306 -0.119521 -0.13749 -0.122714 -0.135987 -0.135517 -0.118153 -0.128343 -0.133573 -0.189618 -0.110532 -0.123131 -0.13945
-0.107661 -0.140118 -0.149119 -0.11325 -0.180246 -0.137897 -0.131185 -0.134886 -0.126437 -0.140826 -0.092758 -0.126008 -0.118651 -0.129115 -0.115823 -0.137496 -0.137529 -0.123146 -0.128296 -0.113762 -0.125392 -0.148046 -0.156897 -0.130529 -0.158647 -0.119938 -0.117257 -0.136481 -0.131119 -0.160146 -0.116406 -0.1431 -0.11904 -0.176096 -0.127966 -0.164624 -0.100478 -0.14731 -0.119769 -0.139984 -0.126519 -0.127471 -0.135768 -0.119486 -0.125037 -0.127959 -0.164519 -0.111614 -0.11972 -0.138876
-0.110239 -0.136793 -0.126773 -0.107831 -0.183228 -0.128599 -0.129683 -0.121528 -0.127285 -0.136282 -0.093027 -0.111998 -0.116974 -0.130024 -0.113673 -0.137648 -0.129204 -0.122502 -0.124202 -0.11137 -0.13098 -0.143125 -0.155644 -0.132439 -0.154065 -0.11861 -0.118312 -0.135859 -0.128153 -0.164267 -0.116152 -0.140902 -0.112201 -0.169617 -0.12755 -0.159411 -0.099955 -0.147598 -0.122262 -0.140009 -0.128551 -0.11983 -0.142287 -0.119925 -0.123699 -0.127989 -0.173342 -0.112363 -0.122172 -0.137629
-0.10987 -0.135036 -0.127974 -0.104901 -0.183136 -0.127079 -0.12847 -0.120614 -0.125255 -0.137799 -0.093607 -0.110251 -0.112969 -0.125181 -0.107213 -0.13796 -0.128376 -0.122385 -0.118436 -0.10863 -0.129078 -0.143372 -0.151833 -0.129781 -0.155926 -0.119314 -0.106573 -0.133956 -0.119298 -0.163057 -0.115291 -0.143369 -0.112404 -0.169884 -0.119338 -0.158653 -0.097851 -0.143623 -0.11356 -0.130172 -0.123388 -0.11969 -0.142373 -0.120002 -0.122622 -0.126302 -0.156963 -0.113325 -0.121489 -0.137538
-0.107314 -0.130924 -0.121315 -0.107316 -0.174836 -0.112094 -0.129568 -0.117904 -0.119732 -0.131482 -0.093701 -0.110531 -0.112808 -0.125799 -0.10917 -0.135235 -0.128336 -0.122039 -0.12091 -0.105205 -0.128397 -0.142495 -0.150688 -0.124099 -0.154501 -0.115324 -0.102832 -0.134826 -0.101935 -0.153485 -0.111895 -0.143516 -0.113192 -0.170068 -0.121761 -0.158799 -0.1011 -0.144351 -0.113856 -0.128797 -0.122507 -0.116431 -0.141789 -0.120145 -0.118897 -0.126713 -0.154723 -0.110115 -0.102333 -0.141927
-0.104623 -0.132299 -0.122611 -0.107062 -0.171332 -0.111879 -0.129866 -0.116903 -0.113069 -0.131074 -0.094788 -0.099888 -0.110439 -0.12508 -0.104527 -0.135192 -0.128425 -0.120183 -0.126162 -0.109482 -0.119496 -0.145535 -0.15129 -0.124532 -0.138288 -0.114619 -0.103049 -0.133439 -0.0943 -0.153037 -0.11288 -0.118797 -0.112891 -0.152393 -0.119606 -0.15477 -0.094808 -0.143636 -0.115728 -0.128405 -0.117901 -0.114598 -0.143901 -0.118521 -0.119062 -0.115992 -0.146393 -0.108785 -0.099377 -0.14106
-0.096566 -0.128399 -0.123737 -0.106753 -0.152724 -0.104796 -0.121947 -0.115454 -0.106602 -0.129001 -0.094644 -0.101421 -0.105544 -0.123757 -0.110083 -0.123877 -0.126893 -0.119678 -0.122784 -0.108662 -0.116878 -0.143138 -0.134922 -0.121936 -0.140597 -0.109471 -0.098475 -0.132996 -0.096127 -0.156081 -0.112397 -0.117484 -0.111416 -0.146215 -0.121187 -0.155518 -0.095495 -0.145289 -0.09814 -0.131433 -0.119449 -0.112114 -0.144045 -0.117501 -0.121731 -0.120239 -0.145026 -0.099057 -0.098326 -0.141306
-0.098699 -0.124085 -0.123143 -0.105975 -0.15283 -0.103242 -0.123232 -0.115021 -0.105752 -0.12654 -0.094552 -0.101159 -0.106805 -0.123041 -0.107747 -0.12198 -0.116251 -0.119475 -0.12328 -0.106589 -0.10122 -0.137691 -0.133764 -0.121707 -0.14176 -0.110238 -0.098756 -0.131221 -0.092053 -0.14946 -0.112439 -0.116835 -0.112172 -0.131542 -0.116641 -0.153931 -0.094975 -0.137533 -0.096994 -0.126059 -0.118666 -0.111576 -0.144003 -0.117208 -0.104975 -0.116976 -0.145932 -0.098203 -0.098413 -0.138555
-0.096245 -0.123784 -0.118922 -0.105327 -0.150188 -0.104964 -0.121808 -0.110911 -0.103409 -0.111539 -0.094713 -0.101095 -0.106754 -0.123668 -0.105788 -0.121151 -0.119284 -0.118849 -0.124479 -0.107313 -0.102624 -0.1379 -0.130137 -0.122224 -0.126114 -0.109544 -0.094626 -0.132565 -0.08941 -0.142498 -0.113466 -0.117327 -0.113161 -0.132146 -0.115355 -0.146592 -0.084266 -0.130195 -0.095958 -0.123377 -0.118681 -0.110332 -0.143017 -0.116156 -0.101459 -0.116341 -0.145656 -0.095401 -0.097667 -0.142152
-0.095499 -0.11889 -0.117885 -0.098194 -0.148391 -0.100985 -0.12504 -0.109935 -0.103699 -0.1146 -0.094963 -0.103024 -0.106251 -0.12609 -0.108338 -0.120807 -0.119293 -0.117859 -0.122784 -0.105637 -0.102324 -0.137469 -0.13265 -0.11943 -0.126445 -0.11051 -0.094966 -0.133048 -0.088744 -0.133463 -0.111979 -0.11591 -0.113021 -0.124703 -0.114445 -0.137833 -0.087331 -0.132003 -0.097245 -0.123448 -0.119053 -0.113847 -0.142633 -0.114535 -0.099718 -0.116957 -0.146006 -0.097713 -0.096888 -0.140551
-0.09646 -0.111599 -0.118875 -0.100593 -0.147333 -0.10008 -0.118855 -0.110235 -0.103327 -0.10932 -0.093858 -0.10022 -0.092022 -0.122275 -0.105039 -0.121347 -0.119781 -0.119762 -0.124103 -0.106156 -0.1014 -0.136776 -0.129988 -0.106732 -0.124165 -0.112334 -0.094796 -0.131935 -0.090603 -0.132518 -0.112745 -0.114434 -0.113524 -0.121297 -0.121243 -0.135904 -0.086137 -0.119351 -0.098377 -0.122961 -0.119483 -0.112794 -0.143755 -0.113458 -0.096393 -0.117226 -0.146423 -0.097458 -0.092382 -0.141255
-0.097794 -0.104816 -0.116403 -0.098216 -0.128531 -0.099231 -0.119792 -0.09906 -0.10133 -0.110379 -0.097642 -0.101878 -0.090395 -0.119274 -0.097715 -0.118597 -0.117063 -0.119025 -0.121842 -0.108068 -0.096823 -0.135867 -0.13228 -0.105259 -0.123113 -0.104996 -0.091669 -0.13233 -0.085519 -0.130421 -0.110476 -0.11437 -0.113044 -0.121291 -0.115183 -0.137988 -0.087085 -0.111392 -0.095677 -0.12275 -0.118226 -0.109759 -0.137067 -0.109922 -0.095492 -0.111594 -0.147741 -0.096224 -0.088821 -0.135976
-0.098729 -0.102973 -0.112195 -0.097133 -0.121317 -0.102259 -0.118243 -0.094396 -0.101642 -0.107211 -0.093692 -0.103367 -0.090402 -0.120056 -0.097529 -0.113963 -0.118166 -0.117451 -0.121118 -0.106644 -0.097668 -0.135328 -0.131228 -0.106954 -0.121347 -0.10735 -0.093044 -0.132353 -0.085452 -0.131218 -0.111487 -0.11332 -0.113517 -0.114291 -0.112885 -0.137561 -0.087088 -0.114908 -0.093689 -0.120249 -0.119399 -0.109126 -0.133684 -0.109082 -0.094576 -0.110998 -0.147688 -0.098151 -0.08872 -0.136208
-0.097957 -0.104642 -0.113051 -0.098286 -0.118426 -0.096203 -0.100408 -0.093452 -0.100915 -0.107929 -0.09227 -0.103033 -0.089415 -0.120753 -0.093764 -0.109531 -0.113317 -0.115993 -0.123428 -0.108132 -0.09739 -0.136611 -0.131519 -0.104443 -0.119728 -0.104926 -0.092674 -0.13246 -0.082814 -0.130636 -0.098563 -0.115284 -0.114625 -0.112601 -0.113708 -0.132502 -0.086039 -0.11793 -0.093434 -0.11349 -0.118232 -0.106364 -0.125754 -0.108202 -0.095577 -0.11329 -0.14693 -0.097658 -0.08947 -0.131789
-0.096968 -0.100549 -0.115772 -0.096789 -0.105206 -0.091221 -0.099585 -0.097742 -0.098138 -0.108727 -0.087086 -0.100577 -0.091003 -0.118521 -0.098003 -0.108359 -0.111471 -0.117083 -0.121018 -0.105097 -0.096372 -0.133762 -0.127031 -0.102757 -0.120047 -0.105451 -0.092625 -0.135388 -0.082318 -0.127319 -0.099506 -0.114031 -0.113655 -0.113432 -0.114321 -0.130804 -0.086036 -0.116497 -0.093572 -0.114269 -0.105302 -0.106658 -0.126683 -0.108309 -0.094918 -0.110511 -0.144188 -0.098249 -0.091261 -0.131516
-0.098521 -0.101394 -0.100127 -0.096855 -0.107011 -0.09154 -0.101281 -0.094097 -0.091079 -0.107735 -0.087506 -0.100667 -0.092884 -0.119193 -0.093662 -0.109679 -0.111624 -0.119598 -0.112846 -0.106392 -0.094953 -0.134071 -0.126672 -0.103892 -0.118162 -0.107846 -0.093548 -0.133916 -0.081935 -0.129806 -0.09589 -0.109592 -0.112331 -0.114367 -0.115908 -0.128581 -0.085119 -0.114473 -0.094437 -0.114875 -0.102127 -0.107461 -0.12779 -0.107589 -0.093358 -0.110708 -0.138142 -0.09855 -0.09123 -0.133347
-0.100343 -0.078437 -0.097468 -0.09796 -0.107186 -0.086215 -0.104785 -0.093183 -0.092252 -0.10948 -0.08721 -0.100369 -0.092079 -0.118027 -0.095594 -0.108805 -0.112582 -0.118235 -0.098746 -0.107462 -0.095385 -0.13079 -0.126985 -0.103918 -0.109404 -0.110971 -0.092946 -0.111833 -0.084119 -0.128761 -0.098531 -0.109299 -0.115095 -0.110376 -0.10797 -0.123857 -0.084794 -0.104076 -0.094692 -0.112903 -0.1026 -0.103737 -0.12684 -0.108506 -0.095788 -0.110732 -0.137746 -0.097723 -0.09179 -0.127443
-0.094968 -0.076703 -0.093312 -0.097515 -0.108288 -0.087456 -0.099204 -0.091847 -0.091382 -0.107602 -0.088133 -0.100373 -0.087469 -0.118186 -0.096128 -0.107041 -0.11147 -0.120366 -0.099526 -0.10924 -0.095128 -0.132134 -0.126478 -0.10351 -0.108683 -0.105289 -0.092207 -0.112415 -0.079628 -0.129033 -0.094769 -0.10858 -0.109453 -0.111535 -0.108032 -0.126367 -0.082008 -0.102746 -0.096812 -0.11424 -0.100491 -0.10307 -0.122101 -0.097527 -0.095522 -0.110982 -0.13804 -0.09891 -0.093042 -0.125396
-0.098174 -0.076751 -0.094232 -0.099225 -0.106873 -0.088657 -0.097801 -0.090915 -0.091133 -0.105357 -0.08524 -0.099937 -0.089093 -0.116967 -0.095156 -0.099099 -0.112485 -0.119352 -0.098824 -0.095278 -0.0943 -0.132221 -0.122929 -0.098508 -0.103183 -0.105647 -0.09267 -0.111125 -0.079395 -0.130862 -0.09454 -0.107069 -0.108677 -0.102956 -0.10062 -0.121136 -0.082848 -0.103097 -0.093609 -0.113653 -0.101844 -0.104067 -0.103656 -0.099742 -0.095928 -0.115612 -0.14031 -0.100105 -0.093738 -0.127248
-0.095982 -0.075175 -0.092883 -0.097312 -0.109442 -0.089139 -0.096723 -0.092178 -0.091431 -0.104804 -0.085206 -0.094921 -0.09149 -0.114352 -0.093555 -0.09821 -0.110378 -0.120659 -0.098252 -0.09537 -0.095377 -0.128999 -0.124886 -0.097334 -0.102949 -0.103432 -0.09186 -0.10842 -0.079459 -0.12881 -0.092837 -0.103851 -0.109622 -0.099881 -0.096461 -0.121228 -0.082809 -0.10286 -0.095866 -0.108162 -0.102878 -0.103903 -0.103207 -0.098227 -0.094285 -0.11387 -0.138098 -0.085127 -0.093859 -0.124396
-0.095046 -0.075134 -0.091626 -0.095559 -0.110161 -0.087944 -0.096826 -0.093026 -0.092302 -0.107876 -0.084563 -0.094468 -0.090533 -0.113935 -0.093807 -0.098384 -0.11551 -0.105293 -0.100042 -0.092264 -0.093119 -0.131149 -0.098187 -0.091328 -0.09946 -0.102746 -0.087293 -0.111096 -0.083279 -0.12888 -0.093889 -0.095704 -0.10885 -0.101188 -0.098237 -0.117173 -0.082995 -0.101126 -0.0964 -0.107185 -0.101734 -0.103221 -0.103947 -0.092971 -0.09581 -0.111939 -0.124135 -0.086037 -0.082741 -0.125359
-0.097129 -0.075562 -0.091621 -0.094973 -0.108645 -0.084066 -0.098166 -0.094118 -0.079213 -0.104865 -0.084647 -0.095393 -0.088599 -0.111741 -0.094333 -0.099127 -0.113229 -0.104156 -0.100326 -0.096488 -0.091785 -0.129191 -0.098393 -0.090788 -0.087679 -0.102929 -0.083396 -0.109885 -0.082159 -0.130233 -0.094588 -0.095452 -0.107138 -0.099655 -0.095997 -0.108088 -0.082996 -0.098031 -0.096517 -0.107697 -0.101963 -0.102522 -0.103052 -0.095294 -0.096154 -0.11284 -0.1247 -0.085926 -0.083178 -0.120923
-0.096811 -0.075283 -0.090147 -0.092867 -0.109384 -0.083348 -0.095273 -0.093781 -0.080049 -0.105278 -0.085699 -0.094477 -0.083658 -0.11123 -0.093902 -0.099653 -0.113645 -0.102951 -0.097422 -0.090975 -0.083343 -0.130568 -0.097724 -0.09045 -0.085315 -0.101884 -0.085525 -0.104839 -0.076618 -0.130802 -0.094602 -0.094184 -0.106697 -0.101555 -0.095611 -0.094112 -0.085123 -0.097152 -0.094985 -0.109634 -0.102253 -0.098622 -0.103604 -0.096398 -0.091688 -0.112153 -0.123348 -0.083457 -0.074994 -0.12227
-0.096551 -0.075001 -0.089463 -0.094908 -0.106445 -0.084942 -0.095207 -0.089125 -0.081456 -0.104742 -0.086178 -0.094259 -0.085097 -0.111372 -0.094696 -0.095637 -0.110862 -0.100959 -0.096254 -0.091852 -0.082979 -0.129478 -0.099033 -0.090249 -0.08549 -0.101772 -0.083163 -0.105851 -0.077064 -0.128538 -0.0954 -0.093897 -0.107391 -0.087048 -0.096786 -0.093556 -0.085351 -0.097464 -0.093649 -0.107992 -0.104047 -0.091592 -0.102843 -0.092665 -0.091777 -0.114187 -0.114854 -0.086121 -0.072348 -0.118611
-0.095955 -0.075853 -0.090193 -0.095299 -0.103657 -0.084622 -0.092989 -0.090551 -0.080271 -0.107335 -0.085135 -0.083492 -0.085195 -0.112353 -0.095448 -0.092614 -0.110881 -0.092539 -0.097505 -0.090985 -0.083112 -0.128161 -0.098817 -0.091709 -0.081906 -0.100095 -0.082476 -0.107474 -0.0749 -0.126477 -0.094255 -0.095903 -0.10678 -0.087841 -0.097273 -0.094125 -0.080509 -0.097649 -0.093897 -0.107414 -0.103925 -0.0943 -0.099766 -0.090217 -0.091936 -0.11272 -0.114763 -0.089232 -0.068748 -0.119468
-0.093669 -0.076335 -0.089622 -0.093003 -0.107583 -0.081521 -0.091175 -0.09064 -0.077807 -0.104115 -0.085888 -0.080253 -0.084757 -0.107618 -0.094566 -0.090827 -0.110978 -0.092388 -0.096272 -0.090555 -0.077849 -0.131006 -0.09713 -0.091795 -0.080476 -0.097562 -0.083259 -0.107893 -0.076153 -0.125397 -0.093562 -0.094584 -0.107661 -0.086379 -0.097376 -0.092989 -0.081891 -0.09464 -0.089934 -0.102639 -0.103108 -0.095619 -0.099652 -0.088524 -0.092012 -0.106893 -0.110377 -0.084144 -0.071312 -0.120848
-0.08696 -0.077212 -0.089884 -0.093577 -0.106664 -0.082778 -0.092425 -0.089194 -0.077874 -0.104445 -0.085378 -0.083919 -0.08348 -0.107765 -0.091015 -0.092859 -0.107489 -0.090472 -0.095379 -0.090952 -0.077258 -0.130258 -0.097448 -0.077086 -0.090695 -0.099364 -0.082608 -0.106209 -0.075163 -0.126485 -0.095015 -0.09372 -0.108175 -0.082866 -0.097976 -0.089761 -0.07526 -0.092879 -0.089913 -0.091248 -0.104248 -0.09016 -0.099438 -0.090161 -0.090528 -0.106004 -0.102727 -0.08369 -0.069916 -0.120347
-0.083936 -0.07614 -0.08768 -0.093446 -0.106443 -0.081644 -0.091394 -0.08925 -0.081415 -0.108092 -0.083972 -0.082452 -0.084459 -0.108463 -0.092399 -0.091348 -0.106502 -0.090652 -0.093973 -0.090865 -0.077369 -0.128964 -0.096612 -0.078271 -0.089544 -0.101442 -0.082881 -0.107995 -0.076928 -0.127854 -0.097916 -0.093058 -0.105584 -0.084167 -0.093238 -0.090745 -0.076341 -0.089793 -0.090448 -0.088058 -0.103207 -0.089363 -0.091337 -0.089132 -0.095699 -0.106652 -0.101946 -0.083678 -0.068291 -0.120429
-0.086238 -0.073992 -0.088506 -0.092847 -0.101739 -0.08148 -0.092367 -0.0863 -0.081795 -0.107214 -0.084259 -0.081612 -0.083851 -0.108562 -0.095451 -0.093249 -0.107087 -0.089443 -0.096101 -0.090225 -0.076296 -0.12744 -0.094527 -0.082695 -0.088365 -0.100524 -0.082891 -0.104336 -0.077029 -0.126905 -0.093247 -0.09245 -0.104988 -0.083434 -0.092967 -0.089761 -0.07446 -0.095119 -0.089098 -0.083705 -0.099728 -0.088228 -0.091616 -0.0881 -0.087297 -0.097385 -0.10066 -0.082443 -0.067274 -0.119661
-0.087403 -0.07933 -0.092068 -0.092637 -0.099919 -0.077996 -0.094305 -0.088043 -0.079786 -0.10635 -0.083157 -0.081464 -0.084854 -0.106376 -0.09399 -0.090051 -0.104816 -0.089714 -0.093734 -0.092429 -0.073372 -0.129948 -0.09364 -0.084255 -0.087231 -0.091715 -0.081208 -0.103947 -0.077762 -0.126733 -0.095775 -0.094642 -0.103106 -0.083965 -0.093452 -0.09093 -0.074653 -0.094015 -0.087939 -0.081268 -0.097226 -0.089445 -0.090787 -0.088242 -0.087159 -0.095817 -0.101007 -0.083846 -0.067325 -0.120429
-0.084185 -0.07783 -0.091294 -0.088801 -0.098646 -0.079222 -0.091961 -0.096451 -0.080304 -0.107148 -0.080036 -0.081064 -0.085839 -0.107891 -0.089303 -0.09161 -0.105976 -0.090977 -0.091396 -0.090379 -0.072803 -0.110012 -0.097898 -0.085656 -0.089801 -0.082487 -0.083664 -0.102258 -0.077783 -0.127174 -0.093449 -0.09246 -0.101836 -0.083987 -0.094235 -0.091442 -0.072942 -0.094803 -0.087897 -0.079252 -0.099984 -0.088547 -0.093207 -0.089297 -0.088868 -0.098634 -0.099479 -0.082406 -0.069224 -0.119451
-0.085243 -0.079009 -0.090687 -0.092747 -0.097554 -0.075466 -0.092287 -0.095509 -0.081424 -0.107243 -0.082013 -0.08218 -0.08484 -0.106063 -0.0908 -0.087903 -0.105652 -0.089633 -0.090223 -0.0891 -0.07308 -0.109413 -0.099257 -0.087282 -0.087713 -0.081771 -0.083826 -0.102216 -0.076433 -0.127359 -0.094053 -0.095674 -0.102752 -0.085318 -0.094121 -0.091634 -0.072943 -0.090883 -0.087685 -0.07762 -0.099666 -0.090934 -0.092266 -0.08962 -0.087256 -0.095537 -0.100268 -0.077812 -0.06657 -0.111625
-0.082601 -0.078701 -0.089546 -0.087428 -0.097855 -0.077978 -0.092698 -0.094737 -0.081514 -0.104953 -0.080022 -0.078293 -0.081366 -0.104756 -0.088744 -0.087515 -0.108048 -0.092424 -0.0877 -0.090499 -0.072826 -0.109349 -0.10055 -0.085794 -0.089189 -0.080495 -0.083255 -0.09897 -0.075108 -0.124183 -0.093884 -0.095248 -0.103614 -0.086415 -0.094757 -0.092006 -0.073071 -0.088834 -0.087527 -0.080117 -0.099032 -0.083905 -0.09298 -0.089454 -0.087989 -0.098132 -0.097673 -0.078616 -0.068082 -0.110993
-0.081469 -0.080283 -0.088198 -0.087264 -0.10057 -0.077478 -0.09238 -0.096105 -0.079444 -0.099877 -0.083369 -0.078639 -0.080867 -0.104692 -0.085634 -0.087586 -0.107248 -0.092452 -0.089042 -0.08995 -0.073964 -0.110762 -0.099929 -0.089945 -0.088895 -0.081542 -0.082903 -0.103531 -0.076868 -0.123684 -0.093107 -0.094678 -0.10269 -0.083534 -0.093042 -0.091558 -0.072499 -0.08883 -0.072625 -0.077899 -0.097866 -0.08514 -0.093348 -0.087657 -0.084061 -0.089897 -0.099398 -0.07862 -0.067436 -0.109702
-0.080606 -0.079757 -0.091518 -0.092098 -0.099377 -0.076016 -0.092237 -0.092586 -0.082714 -0.100837 -0.083927 -0.076716 -0.082246 -0.101822 -0.084465 -0.088107 -0.110131 -0.089842 -0.087028 -0.091255 -0.076531 -0.1095 -0.099408 -0.090952 -0.086041 -0.082175 -0.081623 -0.101074 -0.077122 -0.124642 -0.096162 -0.09406 -0.101802 -0.086761 -0.093916 -0.09207 -0.071713 -0.082626 -0.07568 -0.076358 -0.09856 -0.08567 -0.092157 -0.088774 -0.08363 -0.090966 -0.105711 -0.077607 -0.067104 -0.108239
-0.079946 -0.078068 -0.090439 -0.091524 -0.098402 -0.073063 -0.09124 -0.094959 -0.082758 -0.099729 -0.083929 -0.080198 -0.082778 -0.097572 -0.084577 -0.088933 -0.109605 -0.090222 -0.08735 -0.088981 -0.073024 -0.107901 -0.099965 -0.089776 -0.076295 -0.080829 -0.084032 -0.10214 -0.076317 -0.125435 -0.091826 -0.094468 -0.101809 -0.086819 -0.094932 -0.091588 -0.070935 -0.082853 -0.073724 -0.078352 -0.097656 -0.081663 -0.090288 -0.089675 -0.086135 -0.09047 -0.106563 -0.077645 -0.068363 -0.101705
-0.080196 -0.079211 -0.089642 -0.090167 -0.097215 -0.073754 -0.095448 -0.09487 -0.080347 -0.10157 -0.082521 -0.076873 -0.081526 -0.087942 -0.085631 -0.089723 -0.108642 -0.091487 -0.086044 -0.088146 -0.075695 -0.104 -0.099751 -0.091234 -0.077109 -0.080316 -0.082513 -0.080988 -0.077915 -0.125845 -0.08859 -0.094656 -0.102427 -0.087907 -0.094785 -0.089972 -0.069648 -0.082485 -0.077824 -0.076208 -0.095688 -0.084194 -0.090827 -0.088393 -0.087549 -0.089611 -0.104463 -0.078002 -0.066986 -0.103797
-0.077501 -0.07903 -0.088512 -0.087829 -0.097246 -0.074162 -0.0922 -0.093535 -0.077288 -0.099862 -0.085221 -0.078451 -0.083158 -0.089227 -0.087065 -0.087955 -0.108544 -0.091134 -0.089208 -0.090244 -0.075697 -0.103928 -0.095114 -0.08362 -0.076903 -0.080822 -0.083489 -0.079461 -0.074527 -0.122901 -0.089598 -0.093522 -0.102335 -0.087428 -0.093406 -0.08791 -0.069409 -0.082917 -0.078274 -0.075901 -0.097041 -0.082639 -0.091521 -0.090009 -0.086423 -0.086658 -0.105882 -0.079242 -0.070867 -0.103149
-0.078121 -0.079829 -0.091064 -0.08822 -0.099135 -0.073583 -0.09105 -0.095642 -0.076269 -0.099775 -0.085694 -0.074516 -0.083233 -0.090448 -0.07872 -0.090905 -0.088953 -0.091554 -0.082333 -0.088064 -0.077036 -0.103491 -0.096571 -0.084151 -0.076305 -0.081386 -0.084302 -0.080553 -0.07756 -0.10614 -0.087722 -0.091721 -0.091355 -0.086864 -0.092945 -0.088299 -0.070994 -0.08579 -0.077942 -0.078075 -0.096595 -0.07396 -0.090608 -0.0881 -0.087017 -0.091451 -0.104614 -0.078543 -0.068377 -0.101237
-0.078496 -0.07916 -0.090187 -0.085223 -0.100074 -0.073798 -0.092448 -0.093256 -0.077815 -0.099507 -0.080686 -0.078406 -0.079137 -0.089076 -0.080255 -0.089485 -0.089774 -0.09248 -0.086669 -0.087059 -0.076462 -0.104845 -0.095078 -0.085407 -0.075579 -0.081728 -0.083714 -0.081731 -0.076375 -0.105922 -0.087825 -0.090796 -0.091046 -0.083366 -0.091701 -0.09067 -0.070374 -0.0859 -0.075722 -0.076963 -0.089799 -0.072933 -0.090277 -0.089868 -0.085707 -0.091999 -0.10379 -0.078957 -0.071237 -0.101182
-0.077868 -0.078555 -0.086121 -0.087999 -0.099237 -0.071414 -0.086838 -0.093547 -0.077211 -0.101224 -0.083332 -0.076201 -0.082639 -0.087921 -0.078169 -0.089378 -0.089593 -0.090033 -0.085863 -0.087271 -0.073483 -0.104977 -0.097009 -0.078746 -0.075153 -0.080012 -0.08245 -0.082121 -0.075822 -0.108322 -0.08923 -0.093189 -0.088137 -0.085192 -0.09391 -0.091774 -0.068992 -0.085431 -0.074927 -0.077321 -0.0905 -0.071447 -0.089697 -0.089425 -0.088545 -0.092057 -0.104851 -0.078437 -0.06906 -0.101043
-0.079528 -0.077971 -0.085323 -0.086421 -0.099549 -0.073451 -0.086857 -0.094098 -0.077173 -0.101194 -0.080536 -0.074642 -0.078599 -0.089594 -0.078431 -0.089148 -0.091164 -0.087786 -0.084088 -0.086927 -0.074473 -0.104401 -0.095268 -0.079241 -0.075171 -0.081034 -0.082052 -0.081763 -0.076023 -0.105027 -0.091622 -0.092034 -0.087475 -0.086112 -0.092391 -0.091622 -0.069839 -0.085634 -0.074055 -0.078087 -0.088741 -0.071643 -0.089882 -0.088941 -0.089286 -0.092448 -0.100797 -0.079878 -0.067691 -0.102006
-0.07893 -0.077092 -0.086805 -0.087294 -0.099594 -0.07062 -0.088337 -0.092262 -0.077042 -0.101821 -0.081298 -0.075785 -0.078232 -0.087786 -0.07875 -0.088831 -0.088606 -0.091212 -0.085324 -0.088131 -0.076553 -0.099099 -0.095497 -0.077855 -0.074781 -0.081436 -0.086215 -0.082144 -0.07613 -0.10511 -0.090154 -0.090566 -0.087758 -0.085604 -0.092571 -0.090609 -0.069923 -0.08671 -0.076823 -0.07866 -0.090374 -0.071574 -0.088415 -0.087366 -0.08691 -0.094778 -0.100498 -0.076571 -0.06797 -0.102204
