-0.224913 -0.247993 -0.401279 -0.269951 -0.28195 -0.323902 -0.27188 -0.327127 -0.342562 -0.297644 -0.227128 -0.31003 -0.290029 -0.25854 -0.401873 -0.265394 -0.260245 -0.248369 -0.236579 -0.329105 -0.296526 -0.222714 -0.357469 -0.278749 -0.279335 -0.311799 -0.293023 -0.278211 -0.333866 -0.252673 -0.259974 -0.225314 -0.288488 -0.284163 -0.219188 -0.30927 -0.373022 -0.271887 -0.237867 -0.283544 -0.235061 -0.22039 -0.319715 -0.331867 -0.229546 -0.31607 -0.23525 -0.29975 -0.302671 -0.297007
-0.170016 -0.1779 -0.208851 -0.193784 -0.259455 -0.197043 -0.153947 -0.254427 -0.189606 -0.228854 -0.184227 -0.185977 -0.221424 -0.21471 -0.208761 -0.202646 -0.220615 -0.227223 -0.212398 -0.249176 -0.255545 -0.207093 -0.242386 -0.245671 -0.180955 -0.24825 -0.214838 -0.17704 -0.238797 -0.225183 -0.222271 -0.133848 -0.210895 -0.248704 -0.234247 -0.226295 -0.292781 -0.239676 -0.160442 -0.227093 -0.20868 -0.184071 -0.255543 -0.258114 -0.147549 -0.228447 -0.197234 -0.170382 -0.264691 -0.23125
-0.143029 -0.138547 -0.188371 -0.194788 -0.229237 -0.195625 -0.151622 -0.1782 -0.186468 -0.175808 -0.166127 -0.186243 -0.203197 -0.190295 -0.188886 -0.153746 -0.193558 -0.156559 -0.183362 -0.180741 -0.204412 -0.17549 -0.22168 -0.19421 -0.185278 -0.15475 -0.190603 -0.162396 -0.160933 -0.185574 -0.189177 -0.133179 -0.195922 -0.233861 -0.229666 -0.17906 -0.198965 -0.191526 -0.15321 -0.209035 -0.197283 -0.178438 -0.201171 -0.224587 -0.143469 -0.176877 -0.189383 -0.128025 -0.184389 -0.196157
-0.133725 -0.137513 -0.170418 -0.186712 -0.167638 -0.14159 -0.145607 -0.144803 -0.179769 -0.175239 -0.163261 -0.163857 -0.180874 -0.155476 -0.164417 -0.123081 -0.15091 -0.14958 -0.154987 -0.15347 -0.180779 -0.155167 -0.17078 -0.214855 -0.149006 -0.118255 -0.15309 -0.14631 -0.137548 -0.16218 -0.164521 -0.123943 -0.161342 -0.186968 -0.192696 -0.152936 -0.173422 -0.144739 -0.16397 -0.153623 -0.178032 -0.179196 -0.166884 -0.15088 -0.133804 -0.158476 -0.190398 -0.111077 -0.105153 -0.183501
-0.127311 -0.107828 -0.156178 -0.167976 -0.143422 -0.132718 -0.136566 -0.13185 -0.157097 -0.161759 -0.157332 -0.163626 -0.179677 -0.152426 -0.151133 -0.113731 -0.143274 -0.134151 -0.150376 -0.156113 -0.16759 -0.136872 -0.168216 -0.18687 -0.138427 -0.111993 -0.142223 -0.141679 -0.123065 -0.1503 -0.146744 -0.111247 -0.159883 -0.154993 -0.135721 -0.144336 -0.163961 -0.149133 -0.156859 -0.144142 -0.142994 -0.160048 -0.153656 -0.128391 -0.116103 -0.155226 -0.181283 -0.100214 -0.1022 -0.167047
-0.118648 -0.111489 -0.151299 -0.169826 -0.147754 -0.140551 -0.114172 -0.128475 -0.150748 -0.152675 -0.14528 -0.146864 -0.182276 -0.128341 -0.105161 -0.115467 -0.125186 -0.133634 -0.14445 -0.138958 -0.145155 -0.118671 -0.154166 -0.175276 -0.130048 -0.11386 -0.125281 -0.148736 -0.110828 -0.133405 -0.129248 -0.114479 -0.134961 -0.140914 -0.135897 -0.131653 -0.132471 -0.118208 -0.155993 -0.125915 -0.133781 -0.137006 -0.147669 -0.120663 -0.115059 -0.118308 -0.178845 -0.100715 -0.103129 -0.140089
-0.107209 -0.108547 -0.152508 -0.160272 -0.140388 -0.128499 -0.110473 -0.123994 -0.129163 -0.154327 -0.141109 -0.131339 -0.176764 -0.113773 -0.107064 -0.116124 -0.118896 -0.130275 -0.146296 -0.132216 -0.139734 -0.124985 -0.124335 -0.161255 -0.11533 -0.102881 -0.118374 -0.14701 -0.117828 -0.128056 -0.130946 -0.112722 -0.131369 -0.143439 -0.128754 -0.108268 -0.122602 -0.119349 -0.145544 -0.119796 -0.128811 -0.149579 -0.146189 -0.117843 -0.117992 -0.117109 -0.146396 -0.102415 -0.102792 -0.136765
-0.102151 -0.098519 -0.150813 -0.149998 -0.136564 -0.132063 -0.112407 -0.119778 -0.121679 -0.141486 -0.130807 -0.130875 -0.165632 -0.109542 -0.096836 -0.118334 -0.115383 -0.11884 -0.13186 -0.128923 -0.121402 -0.118854 -0.112414 -0.160175 -0.113105 -0.104959 -0.116508 -0.144313 -0.122695 -0.127676 -0.120663 -0.105075 -0.120978 -0.126636 -0.119895 -0.108288 -0.095464 -0.114766 -0.147086 -0.114934 -0.131704 -0.142801 -0.14322 -0.113834 -0.114656 -0.099918 -0.144676 -0.100138 -0.099329 -0.133376
-0.099657 -0.097323 -0.129933 -0.134662 -0.131402 -0.128864 -0.110583 -0.113526 -0.133063 -0.13787 -0.129021 -0.124105 -0.144662 -0.112423 -0.093631 -0.117798 -0.112038 -0.118906 -0.113586 -0.1262 -0.122794 -0.112374 -0.114241 -0.158046 -0.11264 -0.10292 -0.122757 -0.138214 -0.118077 -0.12445 -0.118128 -0.103633 -0.117291 -0.129637 -0.112535 -0.108243 -0.094071 -0.114745 -0.143343 -0.095712 -0.122494 -0.144385 -0.140438 -0.116629 -0.104955 -0.097225 -0.140447 -0.096366 -0.096328 -0.12699
-0.101728 -0.09681 -0.107896 -0.131964 -0.12612 -0.128082 -0.115061 -0.114174 -0.130124 -0.139059 -0.120044 -0.12212 -0.142815 -0.10823 -0.096666 -0.113653 -0.107509 -0.107836 -0.113671 -0.127724 -0.119807 -0.113628 -0.114298 -0.151466 -0.112405 -0.10493 -0.119571 -0.129685 -0.118374 -0.12639 -0.107612 -0.101059 -0.11355 -0.130299 -0.104537 -0.106407 -0.093988 -0.113971 -0.141284 -0.10087 -0.121228 -0.142809 -0.138564 -0.11019 -0.107743 -0.097857 -0.145996 -0.091899 -0.0958 -0.125193
-0.099562 -0.096456 -0.104757 -0.127673 -0.110864 -0.122279 -0.113765 -0.111134 -0.126008 -0.135892 -0.120904 -0.122275 -0.142514 -0.105122 -0.094471 -0.112434 -0.106711 -0.10891 -0.115252 -0.111568 -0.120616 -0.111838 -0.113975 -0.152331 -0.118896 -0.099718 -0.120771 -0.130775 -0.121346 -0.11406 -0.096562 -0.100087 -0.116547 -0.122436 -0.103217 -0.100195 -0.093924 -0.117321 -0.129049 -0.096461 -0.122703 -0.140417 -0.135995 -0.111807 -0.091434 -0.099819 -0.138874 -0.088966 -0.093959 -0.121856
-0.101689 -0.086309 -0.09851 -0.123429 -0.108014 -0.121923 -0.112563 -0.111683 -0.121162 -0.127217 -0.104984 -0.123173 -0.144437 -0.103551 -0.090668 -0.110423 -0.103697 -0.112223 -0.112435 -0.112163 -0.112598 -0.115064 -0.112184 -0.147801 -0.117165 -0.099199 -0.121167 -0.121768 -0.118688 -0.115613 -0.100804 -0.098769 -0.10931 -0.121076 -0.094673 -0.096496 -0.097046 -0.116088 -0.125156 -0.0963 -0.120812 -0.136903 -0.142071 -0.107219 -0.097591 -0.100389 -0.140597 -0.090611 -0.094057 -0.121094
-0.099014 -0.087571 -0.099642 -0.123909 -0.11088 -0.121583 -0.110992 -0.111657 -0.115508 -0.126427 -0.104966 -0.124351 -0.145018 -0.104636 -0.090662 -0.103244 -0.092926 -0.112201 -0.111224 -0.106148 -0.10933 -0.115316 -0.111933 -0.144836 -0.117718 -0.093507 -0.120998 -0.123082 -0.114307 -0.114455 -0.100142 -0.096993 -0.107789 -0.120418 -0.093659 -0.093044 -0.097053 -0.102858 -0.127559 -0.099234 -0.115903 -0.132845 -0.138265 -0.108184 -0.09786 -0.103005 -0.1386 -0.088009 -0.094932 -0.11977
-0.099034 -0.085065 -0.100052 -0.124145 -0.108736 -0.120059 -0.108544 -0.110267 -0.11595 -0.125959 -0.106288 -0.123773 -0.144961 -0.105048 -0.090549 -0.103176 -0.09159 -0.110268 -0.110255 -0.107615 -0.108987 -0.115848 -0.106739 -0.143945 -0.106232 -0.096329 -0.120422 -0.120056 -0.108565 -0.110248 -0.09848 -0.092625 -0.106106 -0.110027 -0.092618 -0.088249 -0.095629 -0.100628 -0.11771 -0.102379 -0.112271 -0.128035 -0.139049 -0.107956 -0.095635 -0.102445 -0.103482 -0.08669 -0.092895 -0.121442
-0.097685 -0.083454 -0.099024 -0.124312 -0.105127 -0.11201 -0.108726 -0.110814 -0.115752 -0.121183 -0.105762 -0.118529 -0.134552 -0.101652 -0.079945 -0.099374 -0.092043 -0.107839 -0.108264 -0.10869 -0.10825 -0.115543 -0.105738 -0.141483 -0.093991 -0.097305 -0.115911 -0.120442 -0.105844 -0.111916 -0.094814 -0.088452 -0.101042 -0.11039 -0.092518 -0.088102 -0.095411 -0.099439 -0.116982 -0.102051 -0.112821 -0.126678 -0.128816 -0.105003 -0.09615 -0.095158 -0.097797 -0.08749 -0.092715 -0.11602
-0.097575 -0.08294 -0.098126 -0.113355 -0.105206 -0.110255 -0.105656 -0.111482 -0.11555 -0.122246 -0.104289 -0.121626 -0.133344 -0.100338 -0.079886 -0.094494 -0.093004 -0.104452 -0.107865 -0.099058 -0.109715 -0.11334 -0.10085 -0.144462 -0.094046 -0.093712 -0.11442 -0.119856 -0.103434 -0.113231 -0.095575 -0.0868 -0.102712 -0.110249 -0.091295 -0.090446 -0.093483 -0.101121 -0.109483 -0.101623 -0.110487 -0.120575 -0.129 -0.105158 -0.096588 -0.094632 -0.107606 -0.084488 -0.092152 -0.114826
-0.093648 -0.080262 -0.100182 -0.107151 -0.105388 -0.108038 -0.106886 -0.111992 -0.113368 -0.124284 -0.10575 -0.121323 -0.137395 -0.103475 -0.078907 -0.095295 -0.092639 -0.105859 -0.100117 -0.099104 -0.106554 -0.111437 -0.101736 -0.139487 -0.085288 -0.09485 -0.112242 -0.118383 -0.102812 -0.11248 -0.094224 -0.091297 -0.09915 -0.109264 -0.085412 -0.089546 -0.094937 -0.097864 -0.115379 -0.097787 -0.110692 -0.124294 -0.129218 -0.106625 -0.098376 -0.091059 -0.104645 -0.083667 -0.092098 -0.114753
-0.091167 -0.080645 -0.100638 -0.107469 -0.098433 -0.09278 -0.102609 -0.107139 -0.111724 -0.108798 -0.103348 -0.110958 -0.127724 -0.103908 -0.079919 -0.094035 -0.088772 -0.103202 -0.098126 -0.10294 -0.10797 -0.10762 -0.100955 -0.138338 -0.088945 -0.085345 -0.110916 -0.121217 -0.102612 -0.113824 -0.093498 -0.091042 -0.096526 -0.107294 -0.084191 -0.090461 -0.092003 -0.0983 -0.109335 -0.098876 -0.109676 -0.12306 -0.129877 -0.105925 -0.098928 -0.086965 -0.104669 -0.082992 -0.093475 -0.109272
-0.085791 -0.081078 -0.099982 -0.107555 -0.097398 -0.092198 -0.101638 -0.105088 -0.114495 -0.106059 -0.103859 -0.117229 -0.13022 -0.104161 -0.082166 -0.095837 -0.08926 -0.083791 -0.099296 -0.098442 -0.107404 -0.106431 -0.10193 -0.133743 -0.085722 -0.084971 -0.113967 -0.120868 -0.099876 -0.114352 -0.08543 -0.088088 -0.096205 -0.105489 -0.080121 -0.090772 -0.093977 -0.096546 -0.110579 -0.092068 -0.10843 -0.127117 -0.138008 -0.107248 -0.098936 -0.08604 -0.101834 -0.082855 -0.094255 -0.106734
-0.084183 -0.082248 -0.098405 -0.106921 -0.096193 -0.093247 -0.100559 -0.105161 -0.103921 -0.103029 -0.102939 -0.112682 -0.132349 -0.107191 -0.07878 -0.095437 -0.086493 -0.082667 -0.098572 -0.100088 -0.107164 -0.106122 -0.100699 -0.136363 -0.086015 -0.086692 -0.113138 -0.120446 -0.102013 -0.113293 -0.086441 -0.088812 -0.095648 -0.104082 -0.080676 -0.090359 -0.091812 -0.095923 -0.110568 -0.09503 -0.107233 -0.126793 -0.137285 -0.106601 -0.099434 -0.083212 -0.103512 -0.083907 -0.092679 -0.102027
-0.087998 -0.082419 -0.102872 -0.10734 -0.092616 -0.088276 -0.098786 -0.10169 -0.101193 -0.10098 -0.104656 -0.114371 -0.130057 -0.109628 -0.078674 -0.091643 -0.085608 -0.083131 -0.095514 -0.098354 -0.105336 -0.107037 -0.101588 -0.113435 -0.085193 -0.083554 -0.10273 -0.117985 -0.100023 -0.105139 -0.085609 -0.087421 -0.091377 -0.103886 -0.081159 -0.090421 -0.093579 -0.090974 -0.111505 -0.093042 -0.106212 -0.127963 -0.125512 -0.107191 -0.099085 -0.082825 -0.101118 -0.083236 -0.093199 -0.100441
-0.086769 -0.081009 -0.096544 -0.106226 -0.094788 -0.086538 -0.09882 -0.10572 -0.103606 -0.101066 -0.0974 -0.114079 -0.130085 -0.105876 -0.078117 -0.091593 -0.082231 -0.08285 -0.09326 -0.098597 -0.105965 -0.103937 -0.099708 -0.113234 -0.085058 -0.084973 -0.10375 -0.115983 -0.09532 -0.10644 -0.082617 -0.087241 -0.089892 -0.096509 -0.079053 -0.093061 -0.094358 -0.085721 -0.112347 -0.092603 -0.105374 -0.128847 -0.128234 -0.107816 -0.096699 -0.08354 -0.104164 -0.083694 -0.092146 -0.098071
-0.088406 -0.080111 -0.094857 -0.108992 -0.09296 -0.088995 -0.097286 -0.104099 -0.103776 -0.101478 -0.097147 -0.115422 -0.109536 -0.106776 -0.078704 -0.092128 -0.083519 -0.081605 -0.09512 -0.0946 -0.10067 -0.103024 -0.09775 -0.116737 -0.082728 -0.083701 -0.104001 -0.116007 -0.093332 -0.107548 -0.083017 -0.082305 -0.087666 -0.095997 -0.080865 -0.087778 -0.093943 -0.086451 -0.111024 -0.091683 -0.103765 -0.127431 -0.108312 -0.10594 -0.09381 -0.078296 -0.099439 -0.080418 -0.089312 -0.099587
-0.086499 -0.081123 -0.088529 -0.10229 -0.094493 -0.088476 -0.098673 -0.109116 -0.098171 -0.10479 -0.092074 -0.112775 -0.107836 -0.106428 -0.086458 -0.089048 -0.081316 -0.082051 -0.089567 -0.097602 -0.102109 -0.10284 -0.099275 -0.097329 -0.084213 -0.082874 -0.102481 -0.111182 -0.092949 -0.096352 -0.086279 -0.079505 -0.089841 -0.096276 -0.079749 -0.086345 -0.096121 -0.082785 -0.113555 -0.092978 -0.104194 -0.124473 -0.107639 -0.103478 -0.091026 -0.078734 -0.104629 -0.078804 -0.085213 -0.097976
-0.08517 -0.079761 -0.090175 -0.106456 -0.094124 -0.090201 -0.098285 -0.104528 -0.098247 -0.100152 -0.095502 -0.093025 -0.106478 -0.107824 -0.087473 -0.080944 -0.08183 -0.083185 -0.084188 -0.094885 -0.101729 -0.101825 -0.100211 -0.094145 -0.082722 -0.084248 -0.099319 -0.115451 -0.09197 -0.093635 -0.087403 -0.082652 -0.090797 -0.09782 -0.08096 -0.084353 -0.096816 -0.081657 -0.111268 -0.091433 -0.106065 -0.118063 -0.106737 -0.104555 -0.089557 -0.078978 -0.104868 -0.082599 -0.087859 -0.099665
-0.08769 -0.082354 -0.093519 -0.103359 -0.093097 -0.090241 -0.091114 -0.101451 -0.096367 -0.103135 -0.095543 -0.089095 -0.107088 -0.107216 -0.089417 -0.075748 -0.081019 -0.085033 -0.082975 -0.092947 -0.100144 -0.094212 -0.09541 -0.094534 -0.09564 -0.083994 -0.099933 -0.112738 -0.089587 -0.095063 -0.087136 -0.079815 -0.089946 -0.09618 -0.082223 -0.086205 -0.091145 -0.082559 -0.111064 -0.090191 -0.104479 -0.11654 -0.101568 -0.103353 -0.09164 -0.079677 -0.094443 -0.083299 -0.081377 -0.098283
-0.088624 -0.078314 -0.087877 -0.104661 -0.09052 -0.091049 -0.091646 -0.101404 -0.091191 -0.103349 -0.096741 -0.088538 -0.104691 -0.108293 -0.086571 -0.079978 -0.082209 -0.083043 -0.085478 -0.095766 -0.102458 -0.080448 -0.098117 -0.09594 -0.094424 -0.083068 -0.099243 -0.112551 -0.089275 -0.095462 -0.080242 -0.080845 -0.089521 -0.096682 -0.085027 -0.084189 -0.089819 -0.083086 -0.108747 -0.090525 -0.104651 -0.118999 -0.099213 -0.102679 -0.089583 -0.079047 -0.095223 -0.085188 -0.080533 -0.094762
-0.088127 -0.08047 -0.088197 -0.101479 -0.093304 -0.089413 -0.092163 -0.101299 -0.078749 -0.106845 -0.096924 -0.088689 -0.103665 -0.10144 -0.089262 -0.081264 -0.077396 -0.08343 -0.087748 -0.095382 -0.104155 -0.080684 -0.098345 -0.09584 -0.095691 -0.083889 -0.09648 -0.117364 -0.088437 -0.090947 -0.079359 -0.081137 -0.081042 -0.093845 -0.084347 -0.07799 -0.089027 -0.081226 -0.100063 -0.081221 -0.105602 -0.118354 -0.098888 -0.104615 -0.090101 -0.079841 -0.092008 -0.081269 -0.079806 -0.095792
-0.088786 -0.078552 -0.084801 -0.10167 -0.092527 -0.090263 -0.094605 -0.101219 -0.077177 -0.104724 -0.091098 -0.087998 -0.10358 -0.101394 -0.087485 -0.080308 -0.079728 -0.081772 -0.087598 -0.09799 -0.102312 -0.082898 -0.101483 -0.098035 -0.092007 -0.086458 -0.096125 -0.1138 -0.087433 -0.090895 -0.078123 -0.078091 -0.081048 -0.091615 -0.084162 -0.0782 -0.090796 -0.08183 -0.097959 -0.078466 -0.10781 -0.118194 -0.098881 -0.103813 -0.09462 -0.079649 -0.093364 -0.079886 -0.086868 -0.098475
-0.086418 -0.076281 -0.08459 -0.097677 -0.092305 -0.088163 -0.095143 -0.099558 -0.077293 -0.102168 -0.090426 -0.090267 -0.103366 -0.102771 -0.084876 -0.07963 -0.079533 -0.081778 -0.087282 -0.085345 -0.10073 -0.082365 -0.102472 -0.097935 -0.088125 -0.084974 -0.094239 -0.112186 -0.083654 -0.092825 -0.078079 -0.076126 -0.082263 -0.092276 -0.082849 -0.078252 -0.087117 -0.082073 -0.098777 -0.079295 -0.107181 -0.118016 -0.100459 -0.103856 -0.093059 -0.082836 -0.095928 -0.077614 -0.086204 -0.09734
-0.089288 -0.075178 -0.083012 -0.095822 -0.089154 -0.086981 -0.091687 -0.101407 -0.08421 -0.102989 -0.091567 -0.087414 -0.098783 -0.101751 -0.085069 -0.079407 -0.074106 -0.075028 -0.086324 -0.084958 -0.098473 -0.080941 -0.09752 -0.09595 -0.089863 -0.083211 -0.092503 -0.108961 -0.084214 -0.090228 -0.07771 -0.081515 -0.082485 -0.094483 -0.084025 -0.081832 -0.086152 -0.084343 -0.094947 -0.0797 -0.105585 -0.117119 -0.094432 -0.105184 -0.095773 -0.083473 -0.09282 -0.078332 -0.085222 -0.099158
-0.089175 -0.074722 -0.081702 -0.094252 -0.090294 -0.087772 -0.089122 -0.09937 -0.079282 -0.10202 -0.090356 -0.081091 -0.09879 -0.100966 -0.085321 -0.080863 -0.074418 -0.072647 -0.086489 -0.082973 -0.099271 -0.076704 -0.100573 -0.097412 -0.086749 -0.083887 -0.091188 -0.106065 -0.084295 -0.087391 -0.077552 -0.080464 -0.08237 -0.093042 -0.082804 -0.077306 -0.085642 -0.084446 -0.09202 -0.079129 -0.104228 -0.114286 -0.094594 -0.107071 -0.094821 -0.082411 -0.090612 -0.076484 -0.086487 -0.09163
-0.087694 -0.074042 -0.08511 -0.096034 -0.091647 -0.088735 -0.087554 -0.100829 -0.081948 -0.100262 -0.088595 -0.082021 -0.099514 -0.101696 -0.080445 -0.079566 -0.075731 -0.073871 -0.083897 -0.082267 -0.090913 -0.079819 -0.095825 -0.094327 -0.085552 -0.084532 -0.088574 -0.105102 -0.082852 -0.089554 -0.079374 -0.075636 -0.082176 -0.091829 -0.083199 -0.077344 -0.085244 -0.082572 -0.092435 -0.076686 -0.105496 -0.115329 -0.093227 -0.110527 -0.082598 -0.08243 -0.091371 -0.078898 -0.085486 -0.09376
-0.087867 -0.076914 -0.083949 -0.095994 -0.092312 -0.087161 -0.086618 -0.097702 -0.081434 -0.10137 -0.087864 -0.075789 -0.097322 -0.09541 -0.07999 -0.079116 -0.073919 -0.072403 -0.079998 -0.082157 -0.089036 -0.078521 -0.094202 -0.091485 -0.085793 -0.085166 -0.089056 -0.101425 -0.08386 -0.087166 -0.075263 -0.078954 -0.080195 -0.095072 -0.083019 -0.076603 -0.087332 -0.082603 -0.091541 -0.074432 -0.106316 -0.113918 -0.094609 -0.106494 -0.081449 -0.081354 -0.091792 -0.079483 -0.084996 -0.094303
-0.087869 -0.074694 -0.082016 -0.096915 -0.092396 -0.085203 -0.086152 -0.096629 -0.078634 -0.091866 -0.088074 -0.075805 -0.096818 -0.096055 -0.081528 -0.079645 -0.072225 -0.073804 -0.081609 -0.080265 -0.090958 -0.080564 -0.101325 -0.086267 -0.086295 -0.088545 -0.089256 -0.10406 -0.08253 -0.088832 -0.075485 -0.082169 -0.082805 -0.09161 -0.081678 -0.076068 -0.087962 -0.088788 -0.093058 -0.079886 -0.104372 -0.117078 -0.093729 -0.103622 -0.084846 -0.08325 -0.090811 -0.078094 -0.083836 -0.09463
-0.088201 -0.074576 -0.079476 -0.09481 -0.090043 -0.0834 -0.086667 -0.095727 -0.080444 -0.093135 -0.090511 -0.073432 -0.098825 -0.099725 -0.080976 -0.080578 -0.070439 -0.071045 -0.082212 -0.082049 -0.091118 -0.072867 -0.090494 -0.087775 -0.079207 -0.086584 -0.084765 -0.101659 -0.082417 -0.086367 -0.07682 -0.081074 -0.083042 -0.089885 -0.082137 -0.073566 -0.089007 -0.089836 -0.089905 -0.077609 -0.106544 -0.11682 -0.092495 -0.103146 -0.082382 -0.080797 -0.089227 -0.076967 -0.084596 -0.093972
-0.084394 -0.076613 -0.076648 -0.096536 -0.089691 -0.08491 -0.075206 -0.09407 -0.077226 -0.09144 -0.082448 -0.075863 -0.097057 -0.098595 -0.078264 -0.080139 -0.069572 -0.067991 -0.08368 -0.080398 -0.089446 -0.070107 -0.090063 -0.088498 -0.079456 -0.0869 -0.084872 -0.102406 -0.0828 -0.088268 -0.076241 -0.080599 -0.081688 -0.08865 -0.082245 -0.075516 -0.090701 -0.087932 -0.075008 -0.076418 -0.105365 -0.106226 -0.095215 -0.098857 -0.086335 -0.083266 -0.090614 -0.080322 -0.085784 -0.091457
-0.083835 -0.07597 -0.076053 -0.096177 -0.09126 -0.089327 -0.07583 -0.094851 -0.07503 -0.089755 -0.081976 -0.077559 -0.094762 -0.098322 -0.082474 -0.07952 -0.069968 -0.066417 -0.083831 -0.078418 -0.094261 -0.068891 -0.082249 -0.088164 -0.078525 -0.087706 -0.08201 -0.102276 -0.079862 -0.088382 -0.077001 -0.079981 -0.081525 -0.089456 -0.081632 -0.072858 -0.089601 -0.08546 -0.075674 -0.080032 -0.105973 -0.100145 -0.094923 -0.089952 -0.08778 -0.081775 -0.089636 -0.078426 -0.085607 -0.089684
-0.083205 -0.076881 -0.075595 -0.093755 -0.089607 -0.088143 -0.075318 -0.085676 -0.073623 -0.088332 -0.081897 -0.076562 -0.095883 -0.097834 -0.077154 -0.078435 -0.068852 -0.06558 -0.081776 -0.076154 -0.076285 -0.070814 -0.080975 -0.074405 -0.07933 -0.088882 -0.079754 -0.10343 -0.079424 -0.086933 -0.075402 -0.08121 -0.082367 -0.091109 -0.082219 -0.072254 -0.086311 -0.086193 -0.074368 -0.079922 -0.104786 -0.099918 -0.095341 -0.08789 -0.086089 -0.082705 -0.090484 -0.078969 -0.086004 -0.089802
-0.082357 -0.076147 -0.075604 -0.08434 -0.089718 -0.089042 -0.075761 -0.085249 -0.076678 -0.088486 -0.078834 -0.071491 -0.090141 -0.096041 -0.079481 -0.078956 -0.068739 -0.068318 -0.082956 -0.07749 -0.073733 -0.070494 -0.081308 -0.069257 -0.078679 -0.088066 -0.080708 -0.101281 -0.079815 -0.086423 -0.075755 -0.08592 -0.081389 -0.091967 -0.081419 -0.071699 -0.08475 -0.085037 -0.078093 -0.078897 -0.101439 -0.099441 -0.095365 -0.090001 -0.08843 -0.081901 -0.09164 -0.083113 -0.080504 -0.079175
-0.083984 -0.073465 -0.076894 -0.084969 -0.090205 -0.08475 -0.075434 -0.085266 -0.076685 -0.087126 -0.080393 -0.075306 -0.088167 -0.094617 -0.075966 -0.078253 -0.069106 -0.067703 -0.080883 -0.076414 -0.073417 -0.068963 -0.082471 -0.068925 -0.080275 -0.085624 -0.081775 -0.098882 -0.076548 -0.088987 -0.0744 -0.083056 -0.080767 -0.09103 -0.080035 -0.071672 -0.085313 -0.086631 -0.077356 -0.077542 -0.103726 -0.104021 -0.094672 -0.089793 -0.084423 -0.080728 -0.089194 -0.080923 -0.078489 -0.079622
-0.083373 -0.072214 -0.074387 -0.083299 -0.084633 -0.078293 -0.072639 -0.083991 -0.078001 -0.08625 -0.082881 -0.075403 -0.08589 -0.09689 -0.077527 -0.078152 -0.06785 -0.066934 -0.08114 -0.078593 -0.072348 -0.069652 -0.083944 -0.069162 -0.077308 -0.085326 -0.079185 -0.102687 -0.076413 -0.087602 -0.073772 -0.083134 -0.078966 -0.086572 -0.079706 -0.071225 -0.08557 -0.08103 -0.076838 -0.078726 -0.091668 -0.10546 -0.09661 -0.091771 -0.083331 -0.081459 -0.090972 -0.081382 -0.07803 -0.079683
-0.08124 -0.07263 -0.078721 -0.083118 -0.083892 -0.078846 -0.076231 -0.083632 -0.076492 -0.080147 -0.078069 -0.075789 -0.085559 -0.095739 -0.080319 -0.077786 -0.069367 -0.06813 -0.081861 -0.075976 -0.073375 -0.072754 -0.08247 -0.068727 -0.075547 -0.086375 -0.077714 -0.09987 -0.079453 -0.086549 -0.074449 -0.081599 -0.078304 -0.086561 -0.081911 -0.06923 -0.086761 -0.082501 -0.078649 -0.078243 -0.090746 -0.087857 -0.094797 -0.089311 -0.083983 -0.07968 -0.089197 -0.081385 -0.075978 -0.079674
-0.082383 -0.07468 -0.079394 -0.084713 -0.087782 -0.079208 -0.075738 -0.084102 -0.075769 -0.082715 -0.079752 -0.073945 -0.086979 -0.090817 -0.079652 -0.078797 -0.070095 -0.068067 -0.083512 -0.076428 -0.073921 -0.07174 -0.086225 -0.068247 -0.077878 -0.090152 -0.077962 -0.099531 -0.076831 -0.085846 -0.075214 -0.08163 -0.084539 -0.085876 -0.080335 -0.067969 -0.085959 -0.081822 -0.078971 -0.073476 -0.095033 -0.087627 -0.096794 -0.091011 -0.082798 -0.078545 -0.082728 -0.083535 -0.077159 -0.078917
-0.086735 -0.072276 -0.081686 -0.085584 -0.084288 -0.077001 -0.071235 -0.081557 -0.075822 -0.080712 -0.080107 -0.074682 -0.088056 -0.088986 -0.078447 -0.078297 -0.070786 -0.066696 -0.081767 -0.075893 -0.074173 -0.070771 -0.08514 -0.06866 -0.080826 -0.082607 -0.078064 -0.099478 -0.073764 -0.086806 -0.073531 -0.081402 -0.082829 -0.084257 -0.079246 -0.068587 -0.085685 -0.077942 -0.079187 -0.07527 -0.093875 -0.088029 -0.094882 -0.089779 -0.082589 -0.077916 -0.082786 -0.082905 -0.077217 -0.080627
-0.084394 -0.069379 -0.077433 -0.083876 -0.081906 -0.07486 -0.072321 -0.081633 -0.074991 -0.077515 -0.07996 -0.076164 -0.08809 -0.090926 -0.076784 -0.079286 -0.074403 -0.067106 -0.081598 -0.074317 -0.070992 -0.071167 -0.085655 -0.06994 -0.074765 -0.082227 -0.07817 -0.097004 -0.069786 -0.086725 -0.073707 -0.079923 -0.082375 -0.080657 -0.08211 -0.065647 -0.088332 -0.081966 -0.078061 -0.074065 -0.093651 -0.086738 -0.095124 -0.089002 -0.078081 -0.078889 -0.082325 -0.083156 -0.077833 -0.081438
-0.080656 -0.072513 -0.076996 -0.084512 -0.072117 -0.073526 -0.073982 -0.081759 -0.0763 -0.077874 -0.078168 -0.07622 -0.085106 -0.09012 -0.077178 -0.078778 -0.07519 -0.066778 -0.07861 -0.078454 -0.070124 -0.070969 -0.088155 -0.067211 -0.0763 -0.084271 -0.077349 -0.097643 -0.069838 -0.085374 -0.075544 -0.079441 -0.079695 -0.0825 -0.079028 -0.068432 -0.087874 -0.080423 -0.079822 -0.073855 -0.091139 -0.088533 -0.093726 -0.091046 -0.078095 -0.078963 -0.080883 -0.076413 -0.079531 -0.078925
-0.083728 -0.072382 -0.077918 -0.084279 -0.071375 -0.072508 -0.072545 -0.079356 -0.072632 -0.0795 -0.078408 -0.075764 -0.086719 -0.091326 -0.076277 -0.080383 -0.080033 -0.064903 -0.078551 -0.07654 -0.071877 -0.070495 -0.088455 -0.067587 -0.076811 -0.082225 -0.076281 -0.095461 -0.071657 -0.08577 -0.076762 -0.080312 -0.07914 -0.079942 -0.078418 -0.065535 -0.088195 -0.078117 -0.077531 -0.07303 -0.08615 -0.086601 -0.095885 -0.092038 -0.078271 -0.079744 -0.079513 -0.07918 -0.079384 -0.080001
-0.075176 -0.070579 -0.077141 -0.082108 -0.069258 -0.076141 -0.072404 -0.080676 -0.071882 -0.080893 -0.077948 -0.075598 -0.088742 -0.091708 -0.079444 -0.078375 -0.078493 -0.066671 -0.078766 -0.075811 -0.072234 -0.069855 -0.088814 -0.069042 -0.075701 -0.081187 -0.076771 -0.088128 -0.072362 -0.086438 -0.075197 -0.081333 -0.074374 -0.081541 -0.079809 -0.064892 -0.088946 -0.078996 -0.077411 -0.075482 -0.087776 -0.086376 -0.096186 -0.088658 -0.078802 -0.079676 -0.078409 -0.075782 -0.076053 -0.077446
-0.07457 -0.071018 -0.077222 -0.084806 -0.07018 -0.07407 -0.074184 -0.078802 -0.073702 -0.079846 -0.075851 -0.073784 -0.086883 -0.091291 -0.079033 -0.077398 -0.076699 -0.064241 -0.080588 -0.075461 -0.072712 -0.072886 -0.087319 -0.061755 -0.073418 -0.07986 -0.075545 -0.088346 -0.0715 -0.084531 -0.073429 -0.080228 -0.073023 -0.080355 -0.081126 -0.067505 -0.086895 -0.077029 -0.072278 -0.076732 -0.085255 -0.086166 -0.096007 -0.085442 -0.074091 -0.078903 -0.078584 -0.07533 -0.078167 -0.077066
