-0.286586 -0.225904 -0.234842 -0.199612 -0.269245 -0.163434 -0.208157 -0.225104 -0.202672 -0.191532 -0.227914 -0.299117 -0.232473 -0.259458 -0.217851 -0.211735 -0.195136 -0.215962 -0.251369 -0.226636 -0.180868 -0.195426 -0.251951 -0.286503 -0.22627 -0.192639 -0.204111 -0.253622 -0.299447 -0.223554 -0.181486 -0.288299 -0.207349 -0.184618 -0.23959 -0.224717 -0.182878 -0.22357 -0.197858 -0.208495 -0.273973 -0.24743 -0.225258 -0.225866 -0.231065 -0.269556 -0.217659 -0.235717 -0.246405 -0.228062
-0.182494 -0.174463 -0.186548 -0.19578 -0.179315 -0.164906 -0.172115 -0.168883 -0.151131 -0.185705 -0.179797 -0.151739 -0.197446 -0.228186 -0.168491 -0.179629 -0.150457 -0.155745 -0.194412 -0.22262 -0.14364 -0.21483 -0.194974 -0.186852 -0.17404 -0.16965 -0.151895 -0.190974 -0.261446 -0.129612 -0.147695 -0.222968 -0.192115 -0.162854 -0.192052 -0.161414 -0.153253 -0.165086 -0.149898 -0.196791 -0.201947 -0.197888 -0.207002 -0.199611 -0.160692 -0.220391 -0.184551 -0.184687 -0.192837 -0.173456
-0.15772 -0.14178 -0.153281 -0.180557 -0.178665 -0.163493 -0.173038 -0.171312 -0.11692 -0.151065 -0.179779 -0.144202 -0.156765 -0.16255 -0.174137 -0.173613 -0.126429 -0.138765 -0.123882 -0.178901 -0.142776 -0.168781 -0.181697 -0.150941 -0.181026 -0.190248 -0.166082 -0.174476 -0.162272 -0.131875 -0.152467 -0.200505 -0.172608 -0.153425 -0.169643 -0.158235 -0.161095 -0.155101 -0.170244 -0.186053 -0.184726 -0.185237 -0.188608 -0.166444 -0.137125 -0.177652 -0.156859 -0.156121 -0.1505 -0.144028
-0.151345 -0.143468 -0.145954 -0.163126 -0.16642 -0.156525 -0.148452 -0.144576 -0.094905 -0.139527 -0.163635 -0.134991 -0.150287 -0.189241 -0.153057 -0.165374 -0.128007 -0.138285 -0.127951 -0.167079 -0.138526 -0.164766 -0.179232 -0.141477 -0.152951 -0.164581 -0.143534 -0.162547 -0.142657 -0.124522 -0.138398 -0.173418 -0.154011 -0.135478 -0.158941 -0.16546 -0.169758 -0.141507 -0.180298 -0.134011 -0.163732 -0.15358 -0.150969 -0.154337 -0.130586 -0.185954 -0.154009 -0.15587 -0.146924 -0.146136
-0.136994 -0.134508 -0.151645 -0.166738 -0.143336 -0.114795 -0.131587 -0.145809 -0.091419 -0.133934 -0.161412 -0.125927 -0.144525 -0.189463 -0.136659 -0.152058 -0.141637 -0.135961 -0.118153 -0.164464 -0.116418 -0.140682 -0.166313 -0.146318 -0.153485 -0.162144 -0.141688 -0.158783 -0.135065 -0.123447 -0.130802 -0.164841 -0.152796 -0.134808 -0.145982 -0.14544 -0.158298 -0.124562 -0.149747 -0.133986 -0.144157 -0.145974 -0.148011 -0.125942 -0.126798 -0.168238 -0.153963 -0.14208 -0.134256 -0.152936
-0.12839 -0.127655 -0.151316 -0.16139 -0.134433 -0.112827 -0.128372 -0.150891 -0.091548 -0.144145 -0.160676 -0.126306 -0.14673 -0.163197 -0.134679 -0.16643 -0.138952 -0.133077 -0.120589 -0.158301 -0.106313 -0.144418 -0.160637 -0.144687 -0.1535 -0.148798 -0.14257 -0.149866 -0.112416 -0.117552 -0.129165 -0.163389 -0.142767 -0.138291 -0.150998 -0.140321 -0.149166 -0.126955 -0.134319 -0.13677 -0.133761 -0.149212 -0.141073 -0.125314 -0.123418 -0.15986 -0.130747 -0.126619 -0.137477 -0.141711
-0.129273 -0.114658 -0.144235 -0.162286 -0.133597 -0.11986 -0.133639 -0.136719 -0.085614 -0.132734 -0.164223 -0.122313 -0.130127 -0.161123 -0.13314 -0.167926 -0.137892 -0.129132 -0.119138 -0.164205 -0.098259 -0.129802 -0.164092 -0.138564 -0.156213 -0.149018 -0.14007 -0.152709 -0.117216 -0.110882 -0.133472 -0.150203 -0.120413 -0.139948 -0.144509 -0.139279 -0.152291 -0.125078 -0.136787 -0.132646 -0.133547 -0.153007 -0.121635 -0.118354 -0.124139 -0.15521 -0.129835 -0.127657 -0.138296 -0.144532
-0.129008 -0.114202 -0.136239 -0.147491 -0.139998 -0.115719 -0.135468 -0.128016 -0.089421 -0.108495 -0.157529 -0.116247 -0.130389 -0.157209 -0.137098 -0.169587 -0.138552 -0.127649 -0.125407 -0.150816 -0.106618 -0.124587 -0.158697 -0.132448 -0.154509 -0.117977 -0.140613 -0.141286 -0.117487 -0.113554 -0.13357 -0.152432 -0.124225 -0.13951 -0.112644 -0.140701 -0.152531 -0.117757 -0.1361 -0.125316 -0.130456 -0.146092 -0.116425 -0.113421 -0.120739 -0.128688 -0.122414 -0.119759 -0.131166 -0.143176
-0.128571 -0.123362 -0.118696 -0.153683 -0.138183 -0.112848 -0.126686 -0.125642 -0.088357 -0.109231 -0.157583 -0.130562 -0.127655 -0.158829 -0.138188 -0.165673 -0.139268 -0.139893 -0.127805 -0.148491 -0.110552 -0.109475 -0.149462 -0.12989 -0.151401 -0.124185 -0.124177 -0.146967 -0.111477 -0.114846 -0.123619 -0.155137 -0.120022 -0.129735 -0.108375 -0.126972 -0.134469 -0.130918 -0.133875 -0.123563 -0.129959 -0.150662 -0.117048 -0.117812 -0.121936 -0.124156 -0.119571 -0.114775 -0.123125 -0.143933
-0.107255 -0.148912 -0.120373 -0.145438 -0.141421 -0.113338 -0.11049 -0.129504 -0.089402 -0.109218 -0.16337 -0.128526 -0.131613 -0.152224 -0.133972 -0.16013 -0.133825 -0.135228 -0.123188 -0.152671 -0.104452 -0.117773 -0.143232 -0.127754 -0.148053 -0.120462 -0.127454 -0.143197 -0.109031 -0.114036 -0.109713 -0.151865 -0.133119 -0.123344 -0.10846 -0.123147 -0.134577 -0.120972 -0.13484 -0.122685 -0.130278 -0.147476 -0.11659 -0.120275 -0.12083 -0.124367 -0.118093 -0.115186 -0.110073 -0.145578
-0.10575 -0.123915 -0.114838 -0.1437 -0.133618 -0.115898 -0.113313 -0.127911 -0.086392 -0.110026 -0.149915 -0.129279 -0.130127 -0.15299 -0.133795 -0.157435 -0.133279 -0.133673 -0.125919 -0.15068 -0.105837 -0.116246 -0.143765 -0.124752 -0.145552 -0.123039 -0.125403 -0.142672 -0.108637 -0.115523 -0.10736 -0.143656 -0.127265 -0.13071 -0.103315 -0.122669 -0.135688 -0.12448 -0.126759 -0.122109 -0.130725 -0.138634 -0.114145 -0.110492 -0.136058 -0.127307 -0.114336 -0.113734 -0.114207 -0.140383
-0.12052 -0.11463 -0.11602 -0.145807 -0.125847 -0.122284 -0.13707 -0.114154 -0.086035 -0.111907 -0.140795 -0.135622 -0.120024 -0.146837 -0.136126 -0.155061 -0.136379 -0.131792 -0.127375 -0.139357 -0.106048 -0.11396 -0.142819 -0.131532 -0.145234 -0.119861 -0.125931 -0.137815 -0.110175 -0.114313 -0.102722 -0.143049 -0.129381 -0.124274 -0.103792 -0.121785 -0.123644 -0.112325 -0.129686 -0.122382 -0.12793 -0.134761 -0.112219 -0.111709 -0.147475 -0.105271 -0.110489 -0.113662 -0.11362 -0.126462
-0.121904 -0.108254 -0.116599 -0.144112 -0.124142 -0.107366 -0.110721 -0.114396 -0.085055 -0.110712 -0.114654 -0.125082 -0.113684 -0.149265 -0.133668 -0.157117 -0.135106 -0.119318 -0.101012 -0.150376 -0.105522 -0.113518 -0.141845 -0.12637 -0.141794 -0.122538 -0.121641 -0.137603 -0.114774 -0.113806 -0.101432 -0.135808 -0.127215 -0.116516 -0.106033 -0.111844 -0.112915 -0.110746 -0.123367 -0.106856 -0.126393 -0.130848 -0.112065 -0.105227 -0.12985 -0.108253 -0.113424 -0.117907 -0.111022 -0.124338
-0.121131 -0.107268 -0.115643 -0.133093 -0.104537 -0.10816 -0.112717 -0.103982 -0.090226 -0.107366 -0.114742 -0.119522 -0.112578 -0.141188 -0.13304 -0.151258 -0.134037 -0.118938 -0.102568 -0.151724 -0.099887 -0.107898 -0.140751 -0.112486 -0.136026 -0.120321 -0.122467 -0.135584 -0.112931 -0.114101 -0.102148 -0.133832 -0.12681 -0.115808 -0.110682 -0.112465 -0.117937 -0.107903 -0.124452 -0.109575 -0.120829 -0.127218 -0.110822 -0.102055 -0.128352 -0.113551 -0.108214 -0.118573 -0.110233 -0.130287
-0.12065 -0.105102 -0.113862 -0.1281 -0.1044 -0.116351 -0.11461 -0.106316 -0.093094 -0.111748 -0.114733 -0.121139 -0.117469 -0.143403 -0.126896 -0.152276 -0.129303 -0.110298 -0.100681 -0.141498 -0.099221 -0.107785 -0.141861 -0.119142 -0.140138 -0.113781 -0.107566 -0.139987 -0.115616 -0.114926 -0.101354 -0.108497 -0.125823 -0.120357 -0.105264 -0.105145 -0.111928 -0.11175 -0.122633 -0.121737 -0.120399 -0.118265 -0.113094 -0.105244 -0.127222 -0.111564 -0.092345 -0.116974 -0.108324 -0.128771
-0.125285 -0.103297 -0.112443 -0.127876 -0.103653 -0.117284 -0.113856 -0.109976 -0.092261 -0.098909 -0.11157 -0.111043 -0.111866 -0.141012 -0.126604 -0.148748 -0.130778 -0.111723 -0.100937 -0.139989 -0.098361 -0.094309 -0.138996 -0.120059 -0.13906 -0.114292 -0.106759 -0.135399 -0.117084 -0.099064 -0.099685 -0.108542 -0.12801 -0.120242 -0.102701 -0.106161 -0.105338 -0.112511 -0.123924 -0.122962 -0.116814 -0.117336 -0.112146 -0.105063 -0.126077 -0.108042 -0.094661 -0.113488 -0.109396 -0.12625
-0.119148 -0.10605 -0.109734 -0.127902 -0.103627 -0.115135 -0.111841 -0.115076 -0.091554 -0.102102 -0.10952 -0.114867 -0.113313 -0.142478 -0.127345 -0.13877 -0.135569 -0.115728 -0.099609 -0.142052 -0.09884 -0.092872 -0.139665 -0.120467 -0.139646 -0.116094 -0.104982 -0.135077 -0.097173 -0.099483 -0.104861 -0.110035 -0.12126 -0.118807 -0.104618 -0.106597 -0.107212 -0.112754 -0.122759 -0.122307 -0.115018 -0.11269 -0.10969 -0.101661 -0.125761 -0.107204 -0.094746 -0.110797 -0.121243 -0.121359
-0.107358 -0.104548 -0.109045 -0.135724 -0.10604 -0.113597 -0.116051 -0.11265 -0.094993 -0.10015 -0.104986 -0.113582 -0.097491 -0.14687 -0.122479 -0.146375 -0.139621 -0.118849 -0.096757 -0.144367 -0.104013 -0.092826 -0.128852 -0.115942 -0.14101 -0.105905 -0.100036 -0.135178 -0.096031 -0.097953 -0.106123 -0.108526 -0.102838 -0.120614 -0.103261 -0.106667 -0.10358 -0.111396 -0.124011 -0.123134 -0.111802 -0.111489 -0.109093 -0.10276 -0.121165 -0.105891 -0.094468 -0.112424 -0.121594 -0.118694
-0.108159 -0.101457 -0.109369 -0.137509 -0.104057 -0.111133 -0.107556 -0.110098 -0.09446 -0.102689 -0.106222 -0.114173 -0.096732 -0.123442 -0.120469 -0.124719 -0.132226 -0.117231 -0.100919 -0.138951 -0.098465 -0.093883 -0.12525 -0.115311 -0.123642 -0.108159 -0.096977 -0.138253 -0.095054 -0.098211 -0.107903 -0.105491 -0.106314 -0.119847 -0.09403 -0.106137 -0.104566 -0.125707 -0.130924 -0.107114 -0.109215 -0.111923 -0.107044 -0.095671 -0.114759 -0.108274 -0.092065 -0.105606 -0.116425 -0.111252
-0.106192 -0.098448 -0.106064 -0.108966 -0.104724 -0.107272 -0.106644 -0.110768 -0.093106 -0.103747 -0.10599 -0.104337 -0.096036 -0.121514 -0.116016 -0.106475 -0.134982 -0.109532 -0.100413 -0.138558 -0.097698 -0.091412 -0.130112 -0.118583 -0.125642 -0.110656 -0.099157 -0.136517 -0.094857 -0.091664 -0.105065 -0.105906 -0.105347 -0.118706 -0.089959 -0.108937 -0.104971 -0.127519 -0.123174 -0.104053 -0.112674 -0.081742 -0.108422 -0.09041 -0.114039 -0.107943 -0.092244 -0.105001 -0.104671 -0.1037
-0.107902 -0.094755 -0.10861 -0.105535 -0.12689 -0.114359 -0.105164 -0.109611 -0.082178 -0.103227 -0.10135 -0.101189 -0.092844 -0.11508 -0.115211 -0.106128 -0.132028 -0.11339 -0.10155 -0.140615 -0.099976 -0.093309 -0.131391 -0.119084 -0.121653 -0.108106 -0.099079 -0.131166 -0.09473 -0.090589 -0.102214 -0.104021 -0.102769 -0.119435 -0.092295 -0.108719 -0.105822 -0.126566 -0.122897 -0.093518 -0.100508 -0.083266 -0.09274 -0.091978 -0.112996 -0.104401 -0.092773 -0.108915 -0.104124 -0.103021
-0.10663 -0.094968 -0.106469 -0.098085 -0.098494 -0.113541 -0.106825 -0.10841 -0.079741 -0.107485 -0.100003 -0.099932 -0.0941 -0.105621 -0.113674 -0.100567 -0.132282 -0.112903 -0.102419 -0.134814 -0.089994 -0.093725 -0.131563 -0.116798 -0.121279 -0.10694 -0.099206 -0.131465 -0.09814 -0.089549 -0.100972 -0.101482 -0.103763 -0.120115 -0.092636 -0.110524 -0.104364 -0.109655 -0.105395 -0.095399 -0.099563 -0.080783 -0.091934 -0.087256 -0.111962 -0.103232 -0.08903 -0.107132 -0.102636 -0.108343
-0.108533 -0.097288 -0.104675 -0.097427 -0.096047 -0.104914 -0.107176 -0.102499 -0.080366 -0.101975 -0.090566 -0.099032 -0.095511 -0.105759 -0.115842 -0.098081 -0.122635 -0.112527 -0.099312 -0.132369 -0.084715 -0.092886 -0.13217 -0.116653 -0.122191 -0.106709 -0.099733 -0.1296 -0.101181 -0.087658 -0.103175 -0.101986 -0.099419 -0.118206 -0.088707 -0.110385 -0.104001 -0.104399 -0.105979 -0.092782 -0.099164 -0.080564 -0.097969 -0.085539 -0.117183 -0.104831 -0.089656 -0.107356 -0.104861 -0.107636
-0.107282 -0.095031 -0.100827 -0.094103 -0.099465 -0.105315 -0.105761 -0.109214 -0.078412 -0.101923 -0.089192 -0.09747 -0.094613 -0.104368 -0.110256 -0.09853 -0.125417 -0.108411 -0.094244 -0.128299 -0.086144 -0.093166 -0.118732 -0.111672 -0.123578 -0.103887 -0.099695 -0.127542 -0.099909 -0.087983 -0.100673 -0.103105 -0.098522 -0.121017 -0.090169 -0.108213 -0.102994 -0.107571 -0.107424 -0.094101 -0.098847 -0.081473 -0.097064 -0.086474 -0.11378 -0.105728 -0.088195 -0.102989 -0.10193 -0.102971
-0.102388 -0.094076 -0.10072 -0.084673 -0.09861 -0.101303 -0.101424 -0.1056 -0.079044 -0.101108 -0.083415 -0.098053 -0.095003 -0.10412 -0.107881 -0.102876 -0.123251 -0.10332 -0.093943 -0.128711 -0.081665 -0.09335 -0.113369 -0.114762 -0.119919 -0.103563 -0.093661 -0.126694 -0.098687 -0.092515 -0.096228 -0.092325 -0.096799 -0.121792 -0.083337 -0.106912 -0.094631 -0.090899 -0.108079 -0.095223 -0.097972 -0.080333 -0.09563 -0.082686 -0.10928 -0.101045 -0.088556 -0.10144 -0.095677 -0.110461
-0.103934 -0.093414 -0.100124 -0.085798 -0.095213 -0.099722 -0.098687 -0.104495 -0.077441 -0.096535 -0.084224 -0.095327 -0.102905 -0.104706 -0.105217 -0.100801 -0.123057 -0.104504 -0.089231 -0.130529 -0.087083 -0.091405 -0.11392 -0.115174 -0.120227 -0.110273 -0.09471 -0.125978 -0.098422 -0.090225 -0.095778 -0.09242 -0.097544 -0.114266 -0.08536 -0.113349 -0.094889 -0.091346 -0.10815 -0.095364 -0.099414 -0.07848 -0.094424 -0.082164 -0.104128 -0.095004 -0.089689 -0.101193 -0.096235 -0.107466
-0.101047 -0.093625 -0.10202 -0.086346 -0.089967 -0.103571 -0.103645 -0.10523 -0.077977 -0.09883 -0.085918 -0.091213 -0.102433 -0.103646 -0.108364 -0.100184 -0.112656 -0.100165 -0.089358 -0.128756 -0.082811 -0.092333 -0.113649 -0.109723 -0.118156 -0.110503 -0.096632 -0.121108 -0.096794 -0.091453 -0.093981 -0.096585 -0.091891 -0.114719 -0.085626 -0.109429 -0.093908 -0.086792 -0.108673 -0.094937 -0.101028 -0.078986 -0.093486 -0.082183 -0.111202 -0.093438 -0.092106 -0.100745 -0.095856 -0.102887
-0.099292 -0.094844 -0.098674 -0.08692 -0.088597 -0.102013 -0.106201 -0.105141 -0.078726 -0.096143 -0.08494 -0.083912 -0.101129 -0.101292 -0.11 -0.099423 -0.113584 -0.100493 -0.089431 -0.141245 -0.083764 -0.093016 -0.114221 -0.110365 -0.110641 -0.1095 -0.098472 -0.122037 -0.100112 -0.092726 -0.092308 -0.093693 -0.093442 -0.113534 -0.0853 -0.108845 -0.09539 -0.082788 -0.111361 -0.095056 -0.081346 -0.077228 -0.086362 -0.087143 -0.110994 -0.096891 -0.091934 -0.097685 -0.095519 -0.092938
-0.085908 -0.092075 -0.101574 -0.084702 -0.085105 -0.09963 -0.105672 -0.104192 -0.078158 -0.111882 -0.08667 -0.085882 -0.099941 -0.101496 -0.103136 -0.098955 -0.099729 -0.109087 -0.090522 -0.140316 -0.079556 -0.094325 -0.116288 -0.109733 -0.107734 -0.108861 -0.09298 -0.124987 -0.098692 -0.088733 -0.088505 -0.095091 -0.094299 -0.113464 -0.092405 -0.110547 -0.094311 -0.087422 -0.10786 -0.093319 -0.081028 -0.078202 -0.087441 -0.084992 -0.10911 -0.095499 -0.090896 -0.099538 -0.096818 -0.090536
-0.083812 -0.093599 -0.100698 -0.084567 -0.083911 -0.100266 -0.097018 -0.097465 -0.078568 -0.100078 -0.095674 -0.086798 -0.097254 -0.100084 -0.111532 -0.099269 -0.099214 -0.09971 -0.087713 -0.115841 -0.081988 -0.09416 -0.111155 -0.105379 -0.107724 -0.100822 -0.091673 -0.124722 -0.0992 -0.089817 -0.087391 -0.093019 -0.09696 -0.112321 -0.093154 -0.107787 -0.094833 -0.085472 -0.105526 -0.090667 -0.078683 -0.076881 -0.088284 -0.082462 -0.109806 -0.096557 -0.091421 -0.098789 -0.092681 -0.090266
-0.083261 -0.092542 -0.104117 -0.081542 -0.084294 -0.100467 -0.096822 -0.099231 -0.079454 -0.102636 -0.09151 -0.088648 -0.095834 -0.09682 -0.11063 -0.099406 -0.086603 -0.098169 -0.089462 -0.115861 -0.07324 -0.094633 -0.111184 -0.10615 -0.107701 -0.095497 -0.092191 -0.123462 -0.09848 -0.088854 -0.08735 -0.091249 -0.098078 -0.111037 -0.088216 -0.116137 -0.094199 -0.090687 -0.107586 -0.088363 -0.077986 -0.07668 -0.087754 -0.080339 -0.107181 -0.095035 -0.085249 -0.09625 -0.089167 -0.09237
-0.082763 -0.094284 -0.098903 -0.07939 -0.081812 -0.094733 -0.099259 -0.103332 -0.081697 -0.102257 -0.089541 -0.091016 -0.091555 -0.097074 -0.108835 -0.096334 -0.091731 -0.096316 -0.089898 -0.114865 -0.074948 -0.094569 -0.110231 -0.103622 -0.106986 -0.097375 -0.092639 -0.125757 -0.101262 -0.08911 -0.087906 -0.091444 -0.097391 -0.111159 -0.092736 -0.115734 -0.099347 -0.090085 -0.105741 -0.09088 -0.077922 -0.07483 -0.088142 -0.080582 -0.099622 -0.093202 -0.083389 -0.088203 -0.088132 -0.090945
-0.085404 -0.091978 -0.096489 -0.078805 -0.080568 -0.097563 -0.092287 -0.103064 -0.080953 -0.102182 -0.090464 -0.094623 -0.092422 -0.09627 -0.101657 -0.097776 -0.088001 -0.095851 -0.090253 -0.135301 -0.075022 -0.09252 -0.116527 -0.105163 -0.102397 -0.09544 -0.09216 -0.124252 -0.094534 -0.088974 -0.087845 -0.089417 -0.09402 -0.112313 -0.090331 -0.105114 -0.095426 -0.090415 -0.101962 -0.088167 -0.079878 -0.075201 -0.089123 -0.080438 -0.104428 -0.092685 -0.081468 -0.078817 -0.094212 -0.092416
-0.085829 -0.090709 -0.098524 -0.0797 -0.078971 -0.095727 -0.095065 -0.096099 -0.08003 -0.100079 -0.091793 -0.091385 -0.08884 -0.091858 -0.101411 -0.097682 -0.086037 -0.092553 -0.0881 -0.138279 -0.073493 -0.093865 -0.109964 -0.103025 -0.100758 -0.094452 -0.091664 -0.124639 -0.083928 -0.089407 -0.087215 -0.090313 -0.09449 -0.105055 -0.089549 -0.106189 -0.093174 -0.088139 -0.101364 -0.089775 -0.079438 -0.078086 -0.087094 -0.078795 -0.104346 -0.096803 -0.082143 -0.074637 -0.091833 -0.094596
-0.085435 -0.095471 -0.101284 -0.077263 -0.079612 -0.096936 -0.095919 -0.095869 -0.08229 -0.099551 -0.091756 -0.089735 -0.08908 -0.094121 -0.098524 -0.097218 -0.08073 -0.090624 -0.086681 -0.110121 -0.078469 -0.092617 -0.103816 -0.103746 -0.097791 -0.090226 -0.091266 -0.123746 -0.093369 -0.090106 -0.084348 -0.089056 -0.095252 -0.10323 -0.087292 -0.106807 -0.091397 -0.085122 -0.104182 -0.089895 -0.080268 -0.075788 -0.086812 -0.075839 -0.103856 -0.096238 -0.086798 -0.07656 -0.083946 -0.093209
-0.088163 -0.096026 -0.097878 -0.080901 -0.078147 -0.095528 -0.092864 -0.096963 -0.084633 -0.092966 -0.086071 -0.090798 -0.089176 -0.098266 -0.096111 -0.094455 -0.084201 -0.089612 -0.089513 -0.109659 -0.077103 -0.090288 -0.099162 -0.102891 -0.091108 -0.092442 -0.092977 -0.121922 -0.096223 -0.088523 -0.080612 -0.089222 -0.094464 -0.101764 -0.087804 -0.105573 -0.093662 -0.084852 -0.101275 -0.089278 -0.08014 -0.076196 -0.088464 -0.079459 -0.106928 -0.093524 -0.081165 -0.075452 -0.084833 -0.092793
-0.080157 -0.095311 -0.09636 -0.079742 -0.081741 -0.095782 -0.085128 -0.109811 -0.081256 -0.093095 -0.089215 -0.09406 -0.088577 -0.094263 -0.09685 -0.096738 -0.0849 -0.089527 -0.086791 -0.106792 -0.075968 -0.093209 -0.096547 -0.102336 -0.089717 -0.091462 -0.091496 -0.114752 -0.0978 -0.085053 -0.075188 -0.09143 -0.093927 -0.099958 -0.086737 -0.102442 -0.092688 -0.082064 -0.098016 -0.083974 -0.080293 -0.074999 -0.088111 -0.081569 -0.104702 -0.095362 -0.082322 -0.074257 -0.081941 -0.094391
-0.081297 -0.091968 -0.093163 -0.07832 -0.081876 -0.094223 -0.086261 -0.10192 -0.08169 -0.094993 -0.091138 -0.093551 -0.091295 -0.095493 -0.097841 -0.096226 -0.085546 -0.089296 -0.084625 -0.107563 -0.07686 -0.098295 -0.098009 -0.103343 -0.088029 -0.090162 -0.091642 -0.115146 -0.093683 -0.084847 -0.076275 -0.090612 -0.092621 -0.102012 -0.087249 -0.101874 -0.092095 -0.08493 -0.096966 -0.085798 -0.081452 -0.075924 -0.087559 -0.080994 -0.103437 -0.093873 -0.084783 -0.076034 -0.080967 -0.090277
-0.081007 -0.091793 -0.092065 -0.078328 -0.076691 -0.094429 -0.087875 -0.098758 -0.078341 -0.09334 -0.087265 -0.093874 -0.089397 -0.09658 -0.099506 -0.099813 -0.083525 -0.086935 -0.084897 -0.108002 -0.077682 -0.098352 -0.092238 -0.101044 -0.083441 -0.091988 -0.090757 -0.112379 -0.094242 -0.080749 -0.076858 -0.089201 -0.089787 -0.101814 -0.086737 -0.099919 -0.091138 -0.088384 -0.095863 -0.086433 -0.075297 -0.074503 -0.086793 -0.076041 -0.104045 -0.092247 -0.080611 -0.076531 -0.082272 -0.090232
-0.078659 -0.088955 -0.08629 -0.074811 -0.078611 -0.095738 -0.087177 -0.104739 -0.078441 -0.093855 -0.086798 -0.093272 -0.089354 -0.094586 -0.099613 -0.098725 -0.08143 -0.088466 -0.082625 -0.106143 -0.078959 -0.090383 -0.093437 -0.106765 -0.084914 -0.085753 -0.091093 -0.115197 -0.097327 -0.081284 -0.075828 -0.090069 -0.088016 -0.101195 -0.084668 -0.099412 -0.090274 -0.084409 -0.096672 -0.085771 -0.075275 -0.072482 -0.090593 -0.072682 -0.1004 -0.091949 -0.082043 -0.077367 -0.083323 -0.087994
-0.081009 -0.08984 -0.08378 -0.074209 -0.076984 -0.096718 -0.082063 -0.104761 -0.076075 -0.08669 -0.083721 -0.084572 -0.089966 -0.088517 -0.096365 -0.096454 -0.081589 -0.089052 -0.080028 -0.103817 -0.081249 -0.091252 -0.093435 -0.1002 -0.085129 -0.086766 -0.090945 -0.114046 -0.096032 -0.082343 -0.075774 -0.089206 -0.089112 -0.101357 -0.085934 -0.098878 -0.094113 -0.0872 -0.096917 -0.087196 -0.075984 -0.072567 -0.087278 -0.073827 -0.109479 -0.089441 -0.082672 -0.073906 -0.082093 -0.087905
-0.083151 -0.08936 -0.085507 -0.075648 -0.076324 -0.094204 -0.076851 -0.100098 -0.074834 -0.088573 -0.091124 -0.083133 -0.088765 -0.094047 -0.074869 -0.099911 -0.081411 -0.089842 -0.077853 -0.092199 -0.084011 -0.095668 -0.09572 -0.101482 -0.084848 -0.083752 -0.091319 -0.11651 -0.091606 -0.081811 -0.075071 -0.088575 -0.087452 -0.103375 -0.083988 -0.098586 -0.094251 -0.083925 -0.096304 -0.084778 -0.073555 -0.075088 -0.087804 -0.076349 -0.097072 -0.093197 -0.081816 -0.072306 -0.077739 -0.084478
-0.080284 -0.088578 -0.088946 -0.075037 -0.077174 -0.095048 -0.077403 -0.099966 -0.077022 -0.088885 -0.088294 -0.083728 -0.08707 -0.090209 -0.074762 -0.100515 -0.079092 -0.093052 -0.079227 -0.09482 -0.077554 -0.091147 -0.086564 -0.102505 -0.084474 -0.08228 -0.091278 -0.117567 -0.093517 -0.083709 -0.074677 -0.089209 -0.086667 -0.105258 -0.077691 -0.098258 -0.092852 -0.084871 -0.097487 -0.08337 -0.072022 -0.078351 -0.087759 -0.075001 -0.091746 -0.092457 -0.080815 -0.073701 -0.080613 -0.083178
-0.075119 -0.081767 -0.086449 -0.074685 -0.075482 -0.098562 -0.079004 -0.100971 -0.073618 -0.090437 -0.088413 -0.081791 -0.085218 -0.087173 -0.075577 -0.098989 -0.079226 -0.087199 -0.076767 -0.093965 -0.074097 -0.089379 -0.084137 -0.099641 -0.086393 -0.083779 -0.100988 -0.117589 -0.093149 -0.082573 -0.079577 -0.088433 -0.085855 -0.102386 -0.078349 -0.097657 -0.093113 -0.083472 -0.097751 -0.0813 -0.072312 -0.071014 -0.087785 -0.074927 -0.090957 -0.091245 -0.080198 -0.074162 -0.079454 -0.084799
-0.076557 -0.083662 -0.089185 -0.074715 -0.072844 -0.100035 -0.075963 -0.100853 -0.074749 -0.086597 -0.088565 -0.08105 -0.086781 -0.083045 -0.074755 -0.102036 -0.080374 -0.088244 -0.077323 -0.095029 -0.075682 -0.088605 -0.0873 -0.099667 -0.079873 -0.084094 -0.090366 -0.106331 -0.090544 -0.081904 -0.077498 -0.088932 -0.087084 -0.09702 -0.078338 -0.089031 -0.092991 -0.08547 -0.100327 -0.080427 -0.07256 -0.070865 -0.088584 -0.075087 -0.09096 -0.092452 -0.080168 -0.074428 -0.075922 -0.086965
-0.077334 -0.082327 -0.090156 -0.073618 -0.069522 -0.090333 -0.077314 -0.101267 -0.075453 -0.09594 -0.088977 -0.081756 -0.08447 -0.086543 -0.072375 -0.09826 -0.077058 -0.087449 -0.07632 -0.092044 -0.077036 -0.087177 -0.08381 -0.098066 -0.080914 -0.083539 -0.096279 -0.107422 -0.0877 -0.079761 -0.075634 -0.093035 -0.089477 -0.098103 -0.07687 -0.087282 -0.095097 -0.0838 -0.099677 -0.08265 -0.071342 -0.072867 -0.086861 -0.073235 -0.089342 -0.086601 -0.077485 -0.07531 -0.072964 -0.087995
-0.078151 -0.088107 -0.089324 -0.072046 -0.070167 -0.094605 -0.074114 -0.105109 -0.074454 -0.094133 -0.09112 -0.079322 -0.086873 -0.084624 -0.072953 -0.095984 -0.079691 -0.087212 -0.079239 -0.092202 -0.07064 -0.086654 -0.078394 -0.099797 -0.082281 -0.084744 -0.093047 -0.104632 -0.088764 -0.080734 -0.072247 -0.091672 -0.088376 -0.096055 -0.077199 -0.089471 -0.095613 -0.084683 -0.098839 -0.087588 -0.071026 -0.070633 -0.085916 -0.070516 -0.087695 -0.086406 -0.079281 -0.078942 -0.075675 -0.084575
-0.07777 -0.083154 -0.088771 -0.070517 -0.069465 -0.087275 -0.080662 -0.099491 -0.073604 -0.093655 -0.090512 -0.079824 -0.081057 -0.084728 -0.074319 -0.100955 -0.075919 -0.088017 -0.078061 -0.093412 -0.072317 -0.084381 -0.077031 -0.085862 -0.080602 -0.084632 -0.08856 -0.10573 -0.088236 -0.075669 -0.073884 -0.089577 -0.084853 -0.098027 -0.075912 -0.083927 -0.095995 -0.08388 -0.098921 -0.085919 -0.071502 -0.07299 -0.088095 -0.071259 -0.087533 -0.088603 -0.079507 -0.078307 -0.07556 -0.086651
-0.073957 -0.084776 -0.088848 -0.074202 -0.068381 -0.088397 -0.077598 -0.09903 -0.073247 -0.092618 -0.090098 -0.081966 -0.082635 -0.0807 -0.072176 -0.097515 -0.079706 -0.088147 -0.071643 -0.086668 -0.072458 -0.085388 -0.07939 -0.084987 -0.080467 -0.081252 -0.089368 -0.102427 -0.08334 -0.077917 -0.071595 -0.088451 -0.082629 -0.096991 -0.081156 -0.08679 -0.094695 -0.084722 -0.097845 -0.079162 -0.071093 -0.071908 -0.090173 -0.071585 -0.08907 -0.089008 -0.073988 -0.077001 -0.077369 -0.086825
-0.075648 -0.082757 -0.087205 -0.073084 -0.069731 -0.094608 -0.076425 -0.099293 -0.075966 -0.084879 -0.089403 -0.079874 -0.086214 -0.077984 -0.071931 -0.096473 -0.077662 -0.086659 -0.07328 -0.084689 -0.070805 -0.084448 -0.07791 -0.086977 -0.08173 -0.078788 -0.087218 -0.103011 -0.083298 -0.076373 -0.073569 -0.089273 -0.086575 -0.092801 -0.083037 -0.086965 -0.095365 -0.084928 -0.098154 -0.080649 -0.0725 -0.067204 -0.09035 -0.071547 -0.08653 -0.087943 -0.074163 -0.076184 -0.072897 -0.087813
