-0.231481 -0.187559 -0.290036 -0.183389 -0.235796 -0.247632 -0.251647 -0.157766 -0.229447 -0.210236 -0.311108 -0.322311 -0.244392 -0.220481 -0.252245 -0.219207 -0.175609 -0.22858 -0.296962 -0.250149 -0.242794 -0.241049 -0.197982 -0.226863 -0.21525 -0.258299 -0.201012 -0.232607 -0.236853 -0.22996 -0.201409 -0.232034 -0.255244 -0.248209 -0.248092 -0.1811 -0.239589 -0.279247 -0.219949 -0.191169 -0.212955 -0.200091 -0.262625 -0.21395 -0.282461 -0.218298 -0.240343 -0.275304 -0.254986 -0.300583
-0.209718 -0.149066 -0.217662 -0.1528 -0.211206 -0.188104 -0.185265 -0.17076 -0.193566 -0.183549 -0.216174 -0.274374 -0.180842 -0.165414 -0.197412 -0.205681 -0.188591 -0.209498 -0.254116 -0.183506 -0.206187 -0.224548 -0.168032 -0.163595 -0.201569 -0.214958 -0.203602 -0.149264 -0.184361 -0.199395 -0.181736 -0.19367 -0.235268 -0.210304 -0.182477 -0.165936 -0.194051 -0.205535 -0.188984 -0.180125 -0.167297 -0.171099 -0.220156 -0.179086 -0.228907 -0.19181 -0.216391 -0.251633 -0.188771 -0.16306
-0.192282 -0.151757 -0.187814 -0.155523 -0.204073 -0.153215 -0.165582 -0.153978 -0.176913 -0.172596 -0.17302 -0.233304 -0.168226 -0.157099 -0.181248 -0.184195 -0.182443 -0.194686 -0.248015 -0.168343 -0.179486 -0.208726 -0.156703 -0.151188 -0.196792 -0.162002 -0.18361 -0.146227 -0.166437 -0.172207 -0.14725 -0.187972 -0.208198 -0.162276 -0.153067 -0.163237 -0.158376 -0.164667 -0.172687 -0.141926 -0.146604 -0.166074 -0.169903 -0.181292 -0.224062 -0.177317 -0.181781 -0.222129 -0.154213 -0.15281
-0.188509 -0.11882 -0.160015 -0.148526 -0.177445 -0.126821 -0.160746 -0.148735 -0.144896 -0.123138 -0.150969 -0.189184 -0.150655 -0.140833 -0.134652 -0.171475 -0.169483 -0.195208 -0.248873 -0.141667 -0.175396 -0.194956 -0.135948 -0.141326 -0.180612 -0.152893 -0.177465 -0.124476 -0.160524 -0.136358 -0.155699 -0.153002 -0.161857 -0.149883 -0.147613 -0.16973 -0.14588 -0.16107 -0.152042 -0.13391 -0.136674 -0.157178 -0.166614 -0.176689 -0.187826 -0.1675 -0.155978 -0.200408 -0.120328 -0.145492
-0.161957 -0.122179 -0.160618 -0.146524 -0.169667 -0.128977 -0.168987 -0.147548 -0.146128 -0.12094 -0.143384 -0.133251 -0.131171 -0.125656 -0.134832 -0.177805 -0.158856 -0.149089 -0.202146 -0.133784 -0.175681 -0.181619 -0.1313 -0.132855 -0.162224 -0.149442 -0.176991 -0.119081 -0.134277 -0.139341 -0.150633 -0.119186 -0.161559 -0.133255 -0.114896 -0.158654 -0.13205 -0.160216 -0.138989 -0.123957 -0.137481 -0.14175 -0.142655 -0.163759 -0.170536 -0.139122 -0.148376 -0.186828 -0.115831 -0.12294
-0.144017 -0.120672 -0.148208 -0.123292 -0.143445 -0.119943 -0.168806 -0.147937 -0.148559 -0.11246 -0.14337 -0.131055 -0.133454 -0.125008 -0.119726 -0.176684 -0.159326 -0.120609 -0.193652 -0.132775 -0.159269 -0.178814 -0.118939 -0.128775 -0.154181 -0.141412 -0.175018 -0.114603 -0.135177 -0.128374 -0.136573 -0.117255 -0.155288 -0.124818 -0.113211 -0.151394 -0.127014 -0.160791 -0.124404 -0.119289 -0.134967 -0.144217 -0.143302 -0.149176 -0.170582 -0.142801 -0.1483 -0.163728 -0.115652 -0.125442
-0.151155 -0.109973 -0.140428 -0.125226 -0.13858 -0.116873 -0.169971 -0.142873 -0.142377 -0.106192 -0.137353 -0.129464 -0.121991 -0.122508 -0.115492 -0.162376 -0.129507 -0.119827 -0.165013 -0.132087 -0.158434 -0.169147 -0.11227 -0.129055 -0.13272 -0.148239 -0.146586 -0.109429 -0.127874 -0.129993 -0.13138 -0.118393 -0.148916 -0.1229 -0.105311 -0.152102 -0.127008 -0.156779 -0.115936 -0.117598 -0.140289 -0.130178 -0.142685 -0.150593 -0.164542 -0.141916 -0.147083 -0.159577 -0.115674 -0.113979
-0.147015 -0.10758 -0.124354 -0.124996 -0.14437 -0.106695 -0.156447 -0.135959 -0.142454 -0.105696 -0.136914 -0.130995 -0.12006 -0.122087 -0.111033 -0.142039 -0.127549 -0.1171 -0.155713 -0.131115 -0.156635 -0.163348 -0.10812 -0.131545 -0.128201 -0.153703 -0.143123 -0.110184 -0.127941 -0.127898 -0.137761 -0.112457 -0.150632 -0.120886 -0.108661 -0.152353 -0.126674 -0.139324 -0.116662 -0.104171 -0.133472 -0.129431 -0.136601 -0.147203 -0.16277 -0.139242 -0.146874 -0.151649 -0.115356 -0.113852
-0.143021 -0.108611 -0.117987 -0.124111 -0.142225 -0.103423 -0.147221 -0.132989 -0.141845 -0.101386 -0.137521 -0.127313 -0.116971 -0.120054 -0.110855 -0.143269 -0.122981 -0.116941 -0.125606 -0.121186 -0.157183 -0.157413 -0.094354 -0.128063 -0.121431 -0.144775 -0.135932 -0.110081 -0.127787 -0.127057 -0.138867 -0.110817 -0.144873 -0.120994 -0.107578 -0.137007 -0.118585 -0.141864 -0.111686 -0.101624 -0.136244 -0.123085 -0.135983 -0.142982 -0.158289 -0.141056 -0.141181 -0.152805 -0.104581 -0.11475
-0.141763 -0.10862 -0.111606 -0.119827 -0.140876 -0.104166 -0.148456 -0.119024 -0.140531 -0.101981 -0.136467 -0.126638 -0.103946 -0.117792 -0.11023 -0.140815 -0.123243 -0.116119 -0.124075 -0.118679 -0.155445 -0.14563 -0.092091 -0.128021 -0.121188 -0.144166 -0.138531 -0.107234 -0.126224 -0.12704 -0.121067 -0.109412 -0.146044 -0.115649 -0.105874 -0.134414 -0.111145 -0.14113 -0.112794 -0.097595 -0.129302 -0.120131 -0.13793 -0.144122 -0.153157 -0.132298 -0.139868 -0.151109 -0.104236 -0.112872
-0.141749 -0.106332 -0.115498 -0.117759 -0.138497 -0.104728 -0.139294 -0.117095 -0.139796 -0.100883 -0.126088 -0.127656 -0.101702 -0.113786 -0.109452 -0.142653 -0.121201 -0.115241 -0.124304 -0.122008 -0.155798 -0.145962 -0.092877 -0.126209 -0.117965 -0.140288 -0.136431 -0.107415 -0.125248 -0.127638 -0.121172 -0.108945 -0.138804 -0.114997 -0.107618 -0.127894 -0.110705 -0.141817 -0.111595 -0.101829 -0.128501 -0.119713 -0.138853 -0.140958 -0.151292 -0.134243 -0.14114 -0.150106 -0.102116 -0.114424
-0.137024 -0.108541 -0.111798 -0.1177 -0.14142 -0.103113 -0.130165 -0.112753 -0.13289 -0.100715 -0.124186 -0.122687 -0.100545 -0.105052 -0.106461 -0.143792 -0.113536 -0.112494 -0.12392 -0.122539 -0.146719 -0.144613 -0.089543 -0.129533 -0.119983 -0.142492 -0.131277 -0.107812 -0.126111 -0.127775 -0.124856 -0.110987 -0.126113 -0.118333 -0.108273 -0.13121 -0.109163 -0.140506 -0.111949 -0.101098 -0.127903 -0.119402 -0.140077 -0.140551 -0.148858 -0.134462 -0.14251 -0.148935 -0.102144 -0.107387
-0.135476 -0.108335 -0.116081 -0.114662 -0.14113 -0.1014 -0.12792 -0.112588 -0.124395 -0.100631 -0.126292 -0.120036 -0.101897 -0.105564 -0.108498 -0.144355 -0.107606 -0.115712 -0.120676 -0.121564 -0.140381 -0.14431 -0.092469 -0.127372 -0.118211 -0.140523 -0.126369 -0.1041 -0.1258 -0.124536 -0.115698 -0.109353 -0.126484 -0.116709 -0.106138 -0.130317 -0.108554 -0.141826 -0.112375 -0.100502 -0.121867 -0.118063 -0.140322 -0.139982 -0.150018 -0.116418 -0.142927 -0.149597 -0.106003 -0.103293
-0.133277 -0.108852 -0.112863 -0.112154 -0.142203 -0.101148 -0.128814 -0.112046 -0.123716 -0.100698 -0.128387 -0.12198 -0.100449 -0.105151 -0.106137 -0.139748 -0.108753 -0.114059 -0.121532 -0.119436 -0.133611 -0.144472 -0.093316 -0.124969 -0.117007 -0.136053 -0.126796 -0.097445 -0.124674 -0.124078 -0.117539 -0.102881 -0.127366 -0.117602 -0.106109 -0.129361 -0.103618 -0.140969 -0.108264 -0.099797 -0.123298 -0.119047 -0.139215 -0.135884 -0.149707 -0.116919 -0.141982 -0.15076 -0.108973 -0.103639
-0.133 -0.107544 -0.110853 -0.112252 -0.140097 -0.103718 -0.128266 -0.111008 -0.124274 -0.100221 -0.125881 -0.108881 -0.101117 -0.104796 -0.105865 -0.139719 -0.108226 -0.114285 -0.122661 -0.124206 -0.135406 -0.144374 -0.093394 -0.124529 -0.118608 -0.136682 -0.125905 -0.098904 -0.127178 -0.123716 -0.116768 -0.103982 -0.126136 -0.115499 -0.106448 -0.130652 -0.101703 -0.13735 -0.1094 -0.099922 -0.123412 -0.120058 -0.134868 -0.13254 -0.124134 -0.11806 -0.142284 -0.151052 -0.109323 -0.100417
-0.133546 -0.106147 -0.112743 -0.116181 -0.137524 -0.104072 -0.121841 -0.109168 -0.12315 -0.095241 -0.126271 -0.107201 -0.101481 -0.104057 -0.104362 -0.142702 -0.11126 -0.115666 -0.121017 -0.117466 -0.133884 -0.139576 -0.091683 -0.126241 -0.117239 -0.134167 -0.121356 -0.097364 -0.126457 -0.125066 -0.115648 -0.103359 -0.124272 -0.115915 -0.106259 -0.1269 -0.101315 -0.128614 -0.110216 -0.099663 -0.125889 -0.119714 -0.134297 -0.133848 -0.101579 -0.118577 -0.141632 -0.150678 -0.107745 -0.102018
-0.126783 -0.105655 -0.110725 -0.114994 -0.139124 -0.10071 -0.119865 -0.111955 -0.12583 -0.097162 -0.126195 -0.108837 -0.101423 -0.103962 -0.105319 -0.145129 -0.107696 -0.113451 -0.121083 -0.11493 -0.123984 -0.137806 -0.093797 -0.119816 -0.119107 -0.132662 -0.120337 -0.096764 -0.125114 -0.121927 -0.108223 -0.098268 -0.124322 -0.116036 -0.104375 -0.127274 -0.097695 -0.107791 -0.102425 -0.096492 -0.125313 -0.119573 -0.135061 -0.134439 -0.102196 -0.117947 -0.140074 -0.147543 -0.105643 -0.101024
-0.124741 -0.100422 -0.111678 -0.117973 -0.129048 -0.097866 -0.117298 -0.110802 -0.124432 -0.097412 -0.121491 -0.107797 -0.104229 -0.10548 -0.101008 -0.143676 -0.111912 -0.112332 -0.116903 -0.116141 -0.119853 -0.1292 -0.092749 -0.119794 -0.116542 -0.134222 -0.120602 -0.092381 -0.11963 -0.121655 -0.107982 -0.097678 -0.123238 -0.116213 -0.100672 -0.129414 -0.098632 -0.107253 -0.10385 -0.099638 -0.125325 -0.119541 -0.13666 -0.111114 -0.099501 -0.117664 -0.139836 -0.146381 -0.104949 -0.102253
-0.124048 -0.100109 -0.110902 -0.121968 -0.126907 -0.095967 -0.113643 -0.108168 -0.125164 -0.096983 -0.124682 -0.110165 -0.098822 -0.102208 -0.09981 -0.141964 -0.109169 -0.113494 -0.119438 -0.116252 -0.119904 -0.130877 -0.089819 -0.119539 -0.119044 -0.133589 -0.123004 -0.094011 -0.11433 -0.120323 -0.10607 -0.097667 -0.122834 -0.115933 -0.094657 -0.128971 -0.097407 -0.102444 -0.104248 -0.100492 -0.124023 -0.120737 -0.136656 -0.114073 -0.097995 -0.117709 -0.141438 -0.148957 -0.107781 -0.100832
-0.126716 -0.097257 -0.112534 -0.119137 -0.126227 -0.09445 -0.112999 -0.102519 -0.123735 -0.101065 -0.122649 -0.109647 -0.097389 -0.104007 -0.099154 -0.141749 -0.106859 -0.113202 -0.10322 -0.113646 -0.122835 -0.131379 -0.092127 -0.121526 -0.120383 -0.132785 -0.103921 -0.091715 -0.113385 -0.118846 -0.107173 -0.100796 -0.123517 -0.115512 -0.096875 -0.127246 -0.097693 -0.103392 -0.092777 -0.099728 -0.124614 -0.119314 -0.134148 -0.11485 -0.101137 -0.118164 -0.139312 -0.148065 -0.100457 -0.100014
-0.123405 -0.096638 -0.112047 -0.123714 -0.123352 -0.093096 -0.107962 -0.10352 -0.122902 -0.100534 -0.122485 -0.1061 -0.098362 -0.103381 -0.097319 -0.123623 -0.109139 -0.115505 -0.103444 -0.113882 -0.121171 -0.130342 -0.090955 -0.121471 -0.120607 -0.132847 -0.104288 -0.093413 -0.111219 -0.117246 -0.103327 -0.098802 -0.120283 -0.109341 -0.098684 -0.126015 -0.093895 -0.101496 -0.092602 -0.097379 -0.124021 -0.117769 -0.131437 -0.113364 -0.097996 -0.118782 -0.140403 -0.145937 -0.099939 -0.097056
-0.121116 -0.098507 -0.112527 -0.112939 -0.121458 -0.09621 -0.108758 -0.101533 -0.124473 -0.09984 -0.123054 -0.098326 -0.098242 -0.102447 -0.089298 -0.121149 -0.107071 -0.116252 -0.102696 -0.114696 -0.123784 -0.129084 -0.087736 -0.121841 -0.12021 -0.134405 -0.104349 -0.093103 -0.108529 -0.115295 -0.104215 -0.096046 -0.118999 -0.110852 -0.098069 -0.1222 -0.097874 -0.098893 -0.092437 -0.0966 -0.123755 -0.104339 -0.131688 -0.113339 -0.098726 -0.091112 -0.139178 -0.133116 -0.100521 -0.098436
-0.123685 -0.09661 -0.112823 -0.109872 -0.123206 -0.098031 -0.109616 -0.098332 -0.124875 -0.09801 -0.123852 -0.098309 -0.097846 -0.094223 -0.090566 -0.119387 -0.108188 -0.1166 -0.094815 -0.114777 -0.124628 -0.126789 -0.088689 -0.121298 -0.111517 -0.136963 -0.101564 -0.091281 -0.110275 -0.116457 -0.094876 -0.097301 -0.113909 -0.111903 -0.096936 -0.123433 -0.096514 -0.098902 -0.096935 -0.096204 -0.125325 -0.096602 -0.132926 -0.112267 -0.097588 -0.091092 -0.140416 -0.134616 -0.096642 -0.094045
-0.125191 -0.095548 -0.112148 -0.110308 -0.121264 -0.097669 -0.110333 -0.099902 -0.121549 -0.101906 -0.121926 -0.095085 -0.099664 -0.094711 -0.095326 -0.120569 -0.106459 -0.116971 -0.088697 -0.099721 -0.113502 -0.111264 -0.090306 -0.120292 -0.109427 -0.133119 -0.104629 -0.091813 -0.109778 -0.119689 -0.094448 -0.093189 -0.111928 -0.109398 -0.095857 -0.120965 -0.097008 -0.093303 -0.092735 -0.094943 -0.126259 -0.099973 -0.132171 -0.111231 -0.099142 -0.090655 -0.115535 -0.133714 -0.100945 -0.095084
-0.122306 -0.093132 -0.109982 -0.107289 -0.117785 -0.098314 -0.108443 -0.096686 -0.116794 -0.10168 -0.125303 -0.098711 -0.099749 -0.094361 -0.096584 -0.117255 -0.106143 -0.099817 -0.08892 -0.099484 -0.112023 -0.106328 -0.086414 -0.121976 -0.107543 -0.133269 -0.094217 -0.088924 -0.113714 -0.118431 -0.094059 -0.085354 -0.11269 -0.108426 -0.096078 -0.111401 -0.095175 -0.092359 -0.092128 -0.096205 -0.126935 -0.103938 -0.131438 -0.111691 -0.097563 -0.087827 -0.115598 -0.122449 -0.102449 -0.094772
-0.122129 -0.09437 -0.108116 -0.107526 -0.09904 -0.096532 -0.109668 -0.099231 -0.115368 -0.098362 -0.122548 -0.098058 -0.09346 -0.095329 -0.091759 -0.113086 -0.102987 -0.100538 -0.090432 -0.09922 -0.112531 -0.109404 -0.086505 -0.122164 -0.107985 -0.11993 -0.097015 -0.085397 -0.115746 -0.117898 -0.092315 -0.08444 -0.114218 -0.1087 -0.095268 -0.108628 -0.09576 -0.095336 -0.093515 -0.096556 -0.125783 -0.099345 -0.128074 -0.11091 -0.096166 -0.088923 -0.114888 -0.122445 -0.101467 -0.095019
-0.122186 -0.092056 -0.110447 -0.107665 -0.099606 -0.092996 -0.108747 -0.099051 -0.116375 -0.094768 -0.124503 -0.097897 -0.097848 -0.095113 -0.090415 -0.113293 -0.100672 -0.100031 -0.088583 -0.100701 -0.113557 -0.107877 -0.086926 -0.122405 -0.107121 -0.116246 -0.098851 -0.08583 -0.116802 -0.116406 -0.092762 -0.082852 -0.110727 -0.107628 -0.090138 -0.108191 -0.095097 -0.095294 -0.094163 -0.09624 -0.125051 -0.10082 -0.130948 -0.109711 -0.097534 -0.085658 -0.094717 -0.124084 -0.097759 -0.093291
-0.122756 -0.092389 -0.109579 -0.102405 -0.100683 -0.092401 -0.10838 -0.097202 -0.115136 -0.095835 -0.122251 -0.098995 -0.094341 -0.094399 -0.090458 -0.109584 -0.097864 -0.099253 -0.091084 -0.098841 -0.113817 -0.111314 -0.08691 -0.10507 -0.10727 -0.117001 -0.096456 -0.084425 -0.106277 -0.116389 -0.093507 -0.080819 -0.111243 -0.10776 -0.08848 -0.103194 -0.093968 -0.092977 -0.092809 -0.096792 -0.124918 -0.101822 -0.131214 -0.110088 -0.098949 -0.085858 -0.097043 -0.116661 -0.099074 -0.087949
-0.122738 -0.092683 -0.10717 -0.100807 -0.10078 -0.09446 -0.108022 -0.093144 -0.115288 -0.095981 -0.122485 -0.096535 -0.085712 -0.094757 -0.089557 -0.108 -0.097482 -0.100161 -0.091764 -0.099264 -0.112646 -0.108162 -0.085955 -0.096477 -0.10764 -0.117944 -0.096975 -0.084254 -0.107753 -0.111577 -0.091553 -0.080562 -0.10932 -0.108848 -0.092845 -0.104302 -0.092842 -0.092824 -0.089913 -0.095087 -0.124466 -0.099634 -0.126228 -0.107571 -0.098338 -0.085514 -0.087185 -0.122062 -0.097007 -0.085532
-0.1222 -0.09307 -0.104856 -0.101821 -0.098926 -0.094346 -0.107497 -0.091828 -0.112953 -0.098738 -0.121521 -0.093205 -0.084812 -0.091728 -0.090188 -0.109271 -0.097865 -0.100338 -0.092393 -0.096177 -0.107799 -0.103035 -0.087049 -0.094192 -0.108584 -0.117124 -0.095713 -0.084209 -0.106889 -0.105424 -0.092242 -0.082709 -0.112165 -0.108617 -0.091624 -0.101028 -0.092011 -0.093973 -0.092898 -0.093101 -0.125849 -0.100489 -0.126667 -0.109438 -0.098628 -0.084645 -0.085377 -0.118232 -0.094957 -0.085972
-0.12257 -0.091228 -0.103698 -0.101215 -0.100759 -0.093409 -0.103803 -0.091124 -0.113388 -0.095928 -0.122504 -0.088936 -0.083389 -0.092502 -0.087318 -0.109261 -0.098362 -0.102112 -0.094063 -0.099227 -0.107665 -0.104105 -0.088155 -0.09524 -0.109753 -0.115113 -0.090813 -0.084279 -0.110512 -0.108389 -0.093121 -0.078295 -0.110197 -0.107998 -0.092187 -0.10306 -0.087106 -0.093913 -0.089286 -0.094287 -0.123713 -0.101277 -0.12647 -0.11102 -0.0976 -0.083405 -0.089319 -0.117598 -0.094993 -0.087246
-0.115123 -0.092217 -0.101919 -0.101127 -0.097902 -0.094403 -0.103444 -0.092544 -0.096773 -0.095846 -0.120477 -0.086733 -0.083187 -0.095553 -0.086086 -0.107093 -0.1 -0.101978 -0.087229 -0.099835 -0.107883 -0.1054 -0.086866 -0.096885 -0.108096 -0.116101 -0.096614 -0.083727 -0.109474 -0.107441 -0.099886 -0.078517 -0.111528 -0.108774 -0.091752 -0.102933 -0.089262 -0.093814 -0.093148 -0.095836 -0.121686 -0.101027 -0.126712 -0.114433 -0.096644 -0.084037 -0.087674 -0.118124 -0.09425 -0.086045
-0.116807 -0.091281 -0.102624 -0.09836 -0.096182 -0.091415 -0.103961 -0.093089 -0.099058 -0.095489 -0.123438 -0.088845 -0.083244 -0.096826 -0.088681 -0.107501 -0.096889 -0.094217 -0.087513 -0.097286 -0.107517 -0.104302 -0.085528 -0.095681 -0.096315 -0.116261 -0.094948 -0.082865 -0.11101 -0.106382 -0.100127 -0.074442 -0.105494 -0.111736 -0.092526 -0.102267 -0.084315 -0.092768 -0.091469 -0.096235 -0.116706 -0.100339 -0.112146 -0.112307 -0.096489 -0.08261 -0.086452 -0.118896 -0.095528 -0.084595
-0.115974 -0.091767 -0.100801 -0.084041 -0.103739 -0.089774 -0.100593 -0.091726 -0.097632 -0.092456 -0.122786 -0.08541 -0.082878 -0.099332 -0.089388 -0.108925 -0.096558 -0.092815 -0.087485 -0.09017 -0.106953 -0.102944 -0.085672 -0.093509 -0.097485 -0.111962 -0.084505 -0.085814 -0.110018 -0.104552 -0.100748 -0.075553 -0.104812 -0.111711 -0.091098 -0.097766 -0.083006 -0.092206 -0.091152 -0.095908 -0.116506 -0.097969 -0.112433 -0.113479 -0.097616 -0.083406 -0.086694 -0.11591 -0.096125 -0.083042
-0.119233 -0.091752 -0.093621 -0.087332 -0.095027 -0.087929 -0.10099 -0.094055 -0.09922 -0.09364 -0.123447 -0.08771 -0.082647 -0.100334 -0.089406 -0.107569 -0.095563 -0.093368 -0.086576 -0.089524 -0.10645 -0.104066 -0.08614 -0.091723 -0.095879 -0.112401 -0.085882 -0.082707 -0.112031 -0.105364 -0.100171 -0.075056 -0.106068 -0.109272 -0.087471 -0.097189 -0.082251 -0.093048 -0.090983 -0.094518 -0.115345 -0.096682 -0.113137 -0.109338 -0.096291 -0.082949 -0.084208 -0.115135 -0.092295 -0.08557
-0.115192 -0.090407 -0.098211 -0.086036 -0.093519 -0.088243 -0.100281 -0.095416 -0.095796 -0.092485 -0.117261 -0.088515 -0.081914 -0.097349 -0.088528 -0.106826 -0.093351 -0.087751 -0.084387 -0.090069 -0.104525 -0.105749 -0.086986 -0.092831 -0.096162 -0.111068 -0.084524 -0.082157 -0.108326 -0.1009 -0.092554 -0.075251 -0.105161 -0.10102 -0.085288 -0.097427 -0.083105 -0.092037 -0.087729 -0.09663 -0.115828 -0.092505 -0.112055 -0.109764 -0.095877 -0.082805 -0.083277 -0.111708 -0.092402 -0.085995
-0.112741 -0.081995 -0.095745 -0.086781 -0.089888 -0.089018 -0.101933 -0.094889 -0.098182 -0.091656 -0.112514 -0.081065 -0.079962 -0.09325 -0.086105 -0.109384 -0.094915 -0.087742 -0.08604 -0.091198 -0.104203 -0.10326 -0.086778 -0.092143 -0.096157 -0.113219 -0.08541 -0.084462 -0.110322 -0.099306 -0.089948 -0.072629 -0.105382 -0.1093 -0.08508 -0.095924 -0.079954 -0.090302 -0.087129 -0.093757 -0.115464 -0.093877 -0.114455 -0.099067 -0.095396 -0.081738 -0.083389 -0.1081 -0.091234 -0.084254
-0.115362 -0.083243 -0.09604 -0.086624 -0.089889 -0.088619 -0.100389 -0.094587 -0.095588 -0.092143 -0.118404 -0.08107 -0.081684 -0.091456 -0.087493 -0.106867 -0.096829 -0.087587 -0.085246 -0.090297 -0.105392 -0.099188 -0.084754 -0.091767 -0.098327 -0.110625 -0.085672 -0.082323 -0.108303 -0.100413 -0.090622 -0.071276 -0.105696 -0.103104 -0.084076 -0.096791 -0.080262 -0.090705 -0.088389 -0.0881 -0.107526 -0.092481 -0.11448 -0.094317 -0.094448 -0.082389 -0.083696 -0.10643 -0.092164 -0.083373
-0.114582 -0.083813 -0.095508 -0.085142 -0.089357 -0.088829 -0.100833 -0.097325 -0.097052 -0.087666 -0.101915 -0.078106 -0.082653 -0.090959 -0.086589 -0.11125 -0.097416 -0.08922 -0.086263 -0.086727 -0.106007 -0.099047 -0.086867 -0.093088 -0.097272 -0.110032 -0.085098 -0.085859 -0.105339 -0.100222 -0.092681 -0.072267 -0.105815 -0.103816 -0.084951 -0.097424 -0.081085 -0.092305 -0.087406 -0.087926 -0.105947 -0.094234 -0.100368 -0.093379 -0.094462 -0.080932 -0.083384 -0.104422 -0.094605 -0.083465
-0.114286 -0.084706 -0.09627 -0.085519 -0.095738 -0.089158 -0.101163 -0.097121 -0.096335 -0.088 -0.100153 -0.079083 -0.082861 -0.094246 -0.087724 -0.111792 -0.096567 -0.088008 -0.084789 -0.086986 -0.097858 -0.098981 -0.085804 -0.09002 -0.099667 -0.110609 -0.085926 -0.08602 -0.106857 -0.100614 -0.08357 -0.071796 -0.108938 -0.102483 -0.085676 -0.097081 -0.081542 -0.093553 -0.086871 -0.087693 -0.107816 -0.09482 -0.10079 -0.092577 -0.096512 -0.080612 -0.087035 -0.104471 -0.095143 -0.078774
-0.114815 -0.084274 -0.094339 -0.086015 -0.087344 -0.088056 -0.10195 -0.096577 -0.096596 -0.087234 -0.099937 -0.079113 -0.080732 -0.091968 -0.086631 -0.11111 -0.096378 -0.088022 -0.083123 -0.088937 -0.092991 -0.101459 -0.084356 -0.091254 -0.093827 -0.109016 -0.081578 -0.084351 -0.104401 -0.100887 -0.086271 -0.072697 -0.108346 -0.099971 -0.085701 -0.091099 -0.079386 -0.09223 -0.088915 -0.08475 -0.107548 -0.093386 -0.100666 -0.094851 -0.09789 -0.081143 -0.083063 -0.097612 -0.095838 -0.07893
-0.11527 -0.081362 -0.095479 -0.084578 -0.087789 -0.08758 -0.099256 -0.095729 -0.097383 -0.083154 -0.100239 -0.077431 -0.079627 -0.09649 -0.086589 -0.112126 -0.094906 -0.088357 -0.083002 -0.08793 -0.0928 -0.099655 -0.084549 -0.090533 -0.09333 -0.104899 -0.082889 -0.086006 -0.100194 -0.101739 -0.081652 -0.07065 -0.10687 -0.094228 -0.084943 -0.090036 -0.078769 -0.092022 -0.089631 -0.077279 -0.106754 -0.092978 -0.102745 -0.094373 -0.096478 -0.08161 -0.083157 -0.097962 -0.092661 -0.080183
-0.089996 -0.079295 -0.094449 -0.082374 -0.089046 -0.088396 -0.096118 -0.093973 -0.095594 -0.085326 -0.101373 -0.078672 -0.079163 -0.094929 -0.087654 -0.111607 -0.097378 -0.086792 -0.084354 -0.086496 -0.092593 -0.101939 -0.084248 -0.091335 -0.094763 -0.107529 -0.083777 -0.086889 -0.100191 -0.101643 -0.080749 -0.072489 -0.105135 -0.092387 -0.085437 -0.090709 -0.077912 -0.092122 -0.089494 -0.08018 -0.104879 -0.093621 -0.102568 -0.095686 -0.097592 -0.082179 -0.083658 -0.095148 -0.092312 -0.07966
-0.08948 -0.079543 -0.097734 -0.081338 -0.089424 -0.089086 -0.095814 -0.096224 -0.095767 -0.086783 -0.099457 -0.078827 -0.078851 -0.093398 -0.085402 -0.111215 -0.096753 -0.087665 -0.082932 -0.089702 -0.091199 -0.098154 -0.081822 -0.088929 -0.092185 -0.109169 -0.082868 -0.084754 -0.107453 -0.101177 -0.07946 -0.072118 -0.103424 -0.093317 -0.085953 -0.089544 -0.079623 -0.091503 -0.089913 -0.075458 -0.102856 -0.094806 -0.102552 -0.095068 -0.097817 -0.083626 -0.080734 -0.087984 -0.087954 -0.078151
-0.090188 -0.080978 -0.097834 -0.08366 -0.08868 -0.088832 -0.093882 -0.094425 -0.096141 -0.084752 -0.099715 -0.083386 -0.079099 -0.091674 -0.084305 -0.110956 -0.09988 -0.0875 -0.084553 -0.089044 -0.082896 -0.099246 -0.080653 -0.088473 -0.094632 -0.10609 -0.081374 -0.083147 -0.099833 -0.103171 -0.080889 -0.070592 -0.10463 -0.087814 -0.085831 -0.08749 -0.077066 -0.090775 -0.08417 -0.077999 -0.103904 -0.093646 -0.105421 -0.094431 -0.09854 -0.082411 -0.080027 -0.088142 -0.087593 -0.079063
-0.091847 -0.080519 -0.097233 -0.083658 -0.090455 -0.089484 -0.091967 -0.0934 -0.09638 -0.084651 -0.09797 -0.083898 -0.073344 -0.093753 -0.084213 -0.111618 -0.099768 -0.089516 -0.084801 -0.083222 -0.081447 -0.098658 -0.082303 -0.087834 -0.093304 -0.107226 -0.082398 -0.083092 -0.099105 -0.103321 -0.076285 -0.068354 -0.104138 -0.08595 -0.086292 -0.08939 -0.075449 -0.088594 -0.083729 -0.078206 -0.103758 -0.099283 -0.104381 -0.081501 -0.097202 -0.085321 -0.081791 -0.086906 -0.084071 -0.074472
-0.091083 -0.081067 -0.091417 -0.082203 -0.085786 -0.088709 -0.090338 -0.093476 -0.095903 -0.084142 -0.100011 -0.080744 -0.076236 -0.092641 -0.083388 -0.109282 -0.099766 -0.088368 -0.081418 -0.082412 -0.077682 -0.096779 -0.080451 -0.090036 -0.095796 -0.106151 -0.08164 -0.079032 -0.097787 -0.101192 -0.077668 -0.070275 -0.096996 -0.088189 -0.082947 -0.08635 -0.07474 -0.088061 -0.083321 -0.075244 -0.096545 -0.093481 -0.107443 -0.080289 -0.097505 -0.083585 -0.07999 -0.085424 -0.084028 -0.074899
-0.089523 -0.079956 -0.084138 -0.081264 -0.08211 -0.088458 -0.090308 -0.089413 -0.095802 -0.086268 -0.101659 -0.081373 -0.074814 -0.090849 -0.081386 -0.110739 -0.093317 -0.086353 -0.088955 -0.084797 -0.078528 -0.097913 -0.080737 -0.082888 -0.095561 -0.103237 -0.083219 -0.080425 -0.098877 -0.100144 -0.076485 -0.069811 -0.102613 -0.088556 -0.081255 -0.089741 -0.076739 -0.089409 -0.082514 -0.073848 -0.098018 -0.093577 -0.105872 -0.078762 -0.092031 -0.084113 -0.083149 -0.089839 -0.082761 -0.073194
-0.091776 -0.079467 -0.083653 -0.08144 -0.083664 -0.083957 -0.09122 -0.090764 -0.096384 -0.086194 -0.096755 -0.080683 -0.072042 -0.092402 -0.082586 -0.110354 -0.090923 -0.083824 -0.082699 -0.084844 -0.077042 -0.095934 -0.081977 -0.085393 -0.097755 -0.106252 -0.081687 -0.08153 -0.09868 -0.098681 -0.077718 -0.070232 -0.104811 -0.089118 -0.083211 -0.083584 -0.076014 -0.088178 -0.080915 -0.074216 -0.09741 -0.089467 -0.104124 -0.080053 -0.091495 -0.086075 -0.081912 -0.088481 -0.08387 -0.075227
-0.089157 -0.078508 -0.083807 -0.078301 -0.082268 -0.088882 -0.092086 -0.0902 -0.096638 -0.085072 -0.091933 -0.080827 -0.071202 -0.092669 -0.081154 -0.110767 -0.090909 -0.087091 -0.084863 -0.083005 -0.079524 -0.094765 -0.079053 -0.084313 -0.089722 -0.107908 -0.082545 -0.080029 -0.098578 -0.094931 -0.077323 -0.07087 -0.104589 -0.086446 -0.081862 -0.082548 -0.074609 -0.088056 -0.080245 -0.071165 -0.09424 -0.086232 -0.103252 -0.079385 -0.092269 -0.084461 -0.083611 -0.089415 -0.08394 -0.074501
