-0.217762 -0.24794 -0.235071 -0.147691 -0.282414 -0.220014 -0.21153 -0.233643 -0.243167 -0.195956 -0.269228 -0.269189 -0.203833 -0.295403 -0.267247 -0.238475 -0.277145 -0.253544 -0.220111 -0.197647 -0.202095 -0.258238 -0.275257 -0.213936 -0.225336 -0.225493 -0.217763 -0.265914 -0.311233 -0.221408 -0.268617 -0.181335 -0.284382 -0.240435 -0.263073 -0.202536 -0.186192 -0.211832 -0.243149 -0.237079 -0.210692 -0.234374 -0.304613 -0.235087 -0.274212 -0.23703 -0.237309 -0.261177 -0.212813 -0.23685
-0.223181 -0.19201 -0.18621 -0.111405 -0.196831 -0.172215 -0.18547 -0.200013 -0.175951 -0.18747 -0.190381 -0.181725 -0.149661 -0.192958 -0.22626 -0.213309 -0.17267 -0.240569 -0.21609 -0.185637 -0.177865 -0.214168 -0.229839 -0.200015 -0.17029 -0.181516 -0.18079 -0.161716 -0.16795 -0.137312 -0.217665 -0.190634 -0.237392 -0.209041 -0.160455 -0.171459 -0.178593 -0.21647 -0.192197 -0.201068 -0.188236 -0.193605 -0.16065 -0.145934 -0.266313 -0.15181 -0.166636 -0.203636 -0.162325 -0.156911
-0.165481 -0.161831 -0.153197 -0.113448 -0.184834 -0.157241 -0.150669 -0.153717 -0.20723 -0.191218 -0.183682 -0.145462 -0.119215 -0.161985 -0.198592 -0.198539 -0.159448 -0.220446 -0.173852 -0.171222 -0.146556 -0.173205 -0.216168 -0.205926 -0.169972 -0.148967 -0.167831 -0.164109 -0.115601 -0.117908 -0.146309 -0.175674 -0.197623 -0.197493 -0.163057 -0.160609 -0.159952 -0.145467 -0.165323 -0.154245 -0.15292 -0.143792 -0.131888 -0.161113 -0.191469 -0.132606 -0.121278 -0.168526 -0.133578 -0.137175
-0.168053 -0.160518 -0.143803 -0.113895 -0.176749 -0.154395 -0.15402 -0.142141 -0.160583 -0.201857 -0.170556 -0.121945 -0.111192 -0.152916 -0.186064 -0.173391 -0.148802 -0.204689 -0.146502 -0.120299 -0.145003 -0.175499 -0.17255 -0.198118 -0.144274 -0.150743 -0.166973 -0.150962 -0.11461 -0.132814 -0.166257 -0.150338 -0.155155 -0.185992 -0.149264 -0.148522 -0.146556 -0.110141 -0.147209 -0.127447 -0.147819 -0.131368 -0.124159 -0.164295 -0.200241 -0.141495 -0.117673 -0.151114 -0.121154 -0.135614
-0.162167 -0.144085 -0.14958 -0.113322 -0.16202 -0.137288 -0.152006 -0.127322 -0.164582 -0.18101 -0.139022 -0.114587 -0.10608 -0.140325 -0.182614 -0.135711 -0.145544 -0.178787 -0.147034 -0.121783 -0.144804 -0.143254 -0.160994 -0.180484 -0.156474 -0.134033 -0.141381 -0.150809 -0.114196 -0.103765 -0.151568 -0.147845 -0.134903 -0.175181 -0.124642 -0.128859 -0.150875 -0.105892 -0.127786 -0.115885 -0.141514 -0.137324 -0.119422 -0.161685 -0.17763 -0.135992 -0.107578 -0.153237 -0.104497 -0.126506
-0.157794 -0.149976 -0.140645 -0.122849 -0.14623 -0.140334 -0.150392 -0.135523 -0.162718 -0.174314 -0.155286 -0.117134 -0.103748 -0.142705 -0.179135 -0.143095 -0.148763 -0.158803 -0.145073 -0.113541 -0.14816 -0.127902 -0.164232 -0.16565 -0.14093 -0.126576 -0.115311 -0.146651 -0.126397 -0.111618 -0.151053 -0.144402 -0.115147 -0.149327 -0.127568 -0.140773 -0.148861 -0.108542 -0.154044 -0.135393 -0.145276 -0.128705 -0.122819 -0.165238 -0.181185 -0.115044 -0.099311 -0.140712 -0.099022 -0.125817
-0.16099 -0.151701 -0.137309 -0.111624 -0.145695 -0.140268 -0.130052 -0.124013 -0.164246 -0.169245 -0.14197 -0.109152 -0.104394 -0.152145 -0.160829 -0.137455 -0.146612 -0.157955 -0.151365 -0.122585 -0.14763 -0.127644 -0.126613 -0.149616 -0.145219 -0.125014 -0.114578 -0.135807 -0.121099 -0.106665 -0.128175 -0.13955 -0.117928 -0.137442 -0.119441 -0.119102 -0.154559 -0.109874 -0.157571 -0.136284 -0.143941 -0.126088 -0.120255 -0.15885 -0.167641 -0.124972 -0.109721 -0.146473 -0.098462 -0.130325
-0.15322 -0.134673 -0.137897 -0.114597 -0.146489 -0.141992 -0.120177 -0.113685 -0.158707 -0.144487 -0.143407 -0.114697 -0.110991 -0.150195 -0.147318 -0.141482 -0.133511 -0.161568 -0.152465 -0.123545 -0.1396 -0.11215 -0.126965 -0.150736 -0.122541 -0.119793 -0.103554 -0.133547 -0.113219 -0.108406 -0.138253 -0.146549 -0.110683 -0.1355 -0.123029 -0.117054 -0.1556 -0.108097 -0.123024 -0.114401 -0.132871 -0.106602 -0.121987 -0.152083 -0.15596 -0.120985 -0.113639 -0.130838 -0.113453 -0.118916
-0.14991 -0.134707 -0.135745 -0.105869 -0.149825 -0.145487 -0.126787 -0.10425 -0.14313 -0.14219 -0.155484 -0.112797 -0.10256 -0.150339 -0.147138 -0.131973 -0.120861 -0.161623 -0.155104 -0.117278 -0.131361 -0.109187 -0.138776 -0.149857 -0.128653 -0.112364 -0.111687 -0.127503 -0.111589 -0.112671 -0.134174 -0.146503 -0.111982 -0.138188 -0.132838 -0.118232 -0.155927 -0.110081 -0.128102 -0.117987 -0.126651 -0.11634 -0.126867 -0.109539 -0.159128 -0.123647 -0.111784 -0.128684 -0.094858 -0.114956
-0.138711 -0.134722 -0.133718 -0.105699 -0.149163 -0.124738 -0.121506 -0.103416 -0.139161 -0.142758 -0.137945 -0.114825 -0.10209 -0.144962 -0.141317 -0.126742 -0.1258 -0.162506 -0.155613 -0.112785 -0.132255 -0.105977 -0.140646 -0.144321 -0.124223 -0.111464 -0.112752 -0.127601 -0.117741 -0.109217 -0.136442 -0.146497 -0.103655 -0.137643 -0.12613 -0.11612 -0.158329 -0.115661 -0.135353 -0.116196 -0.124166 -0.104606 -0.127195 -0.108837 -0.153343 -0.125156 -0.104498 -0.128948 -0.097952 -0.094963
-0.136474 -0.131248 -0.133103 -0.102246 -0.123044 -0.109022 -0.121102 -0.103933 -0.140448 -0.143191 -0.131838 -0.111912 -0.110124 -0.142301 -0.140756 -0.126072 -0.118701 -0.162043 -0.14019 -0.11189 -0.138244 -0.106267 -0.143492 -0.13783 -0.124625 -0.115071 -0.110297 -0.116013 -0.115998 -0.108072 -0.137493 -0.138194 -0.100201 -0.139286 -0.126673 -0.118485 -0.153178 -0.120428 -0.134131 -0.115789 -0.122909 -0.100355 -0.124092 -0.113397 -0.151457 -0.12203 -0.106823 -0.125972 -0.097451 -0.091555
-0.128914 -0.128581 -0.109982 -0.098944 -0.120939 -0.112179 -0.123944 -0.102825 -0.131715 -0.141012 -0.12803 -0.110671 -0.106587 -0.147375 -0.149203 -0.125283 -0.114531 -0.17141 -0.140312 -0.111999 -0.136419 -0.106415 -0.13823 -0.137571 -0.128446 -0.110296 -0.112907 -0.116356 -0.12113 -0.103096 -0.130657 -0.134889 -0.099915 -0.131515 -0.125388 -0.117744 -0.150559 -0.124049 -0.134956 -0.105019 -0.1234 -0.099886 -0.148788 -0.120631 -0.159233 -0.122554 -0.104452 -0.120553 -0.10069 -0.092047
-0.128955 -0.131322 -0.112503 -0.103276 -0.106315 -0.111627 -0.122223 -0.117763 -0.129375 -0.143849 -0.129333 -0.110253 -0.105988 -0.145652 -0.135866 -0.131117 -0.112142 -0.160094 -0.134771 -0.10966 -0.137147 -0.10623 -0.1394 -0.130633 -0.127285 -0.108035 -0.113663 -0.108769 -0.113496 -0.098786 -0.127529 -0.131648 -0.095052 -0.139034 -0.125834 -0.116009 -0.148911 -0.124791 -0.133643 -0.104701 -0.123532 -0.10392 -0.143847 -0.117158 -0.15245 -0.115237 -0.104987 -0.101386 -0.092823 -0.090137
-0.118594 -0.12843 -0.114839 -0.104383 -0.113986 -0.109956 -0.124588 -0.114948 -0.125564 -0.128939 -0.13295 -0.111917 -0.099617 -0.128433 -0.137788 -0.123488 -0.110729 -0.143825 -0.133492 -0.104033 -0.141851 -0.104681 -0.144745 -0.131273 -0.129777 -0.104594 -0.110069 -0.109502 -0.112328 -0.102842 -0.123779 -0.127256 -0.09598 -0.133218 -0.127839 -0.115627 -0.131424 -0.11492 -0.13383 -0.10216 -0.122716 -0.103807 -0.116 -0.112651 -0.149257 -0.112332 -0.09916 -0.099123 -0.092672 -0.093565
-0.115207 -0.135562 -0.116728 -0.104513 -0.108398 -0.113869 -0.12163 -0.10054 -0.124805 -0.127678 -0.135073 -0.108192 -0.101334 -0.130701 -0.142609 -0.114172 -0.109339 -0.140959 -0.131132 -0.103538 -0.140424 -0.102457 -0.141929 -0.121305 -0.129434 -0.103448 -0.10932 -0.109876 -0.114194 -0.096139 -0.125073 -0.129711 -0.097669 -0.134458 -0.127105 -0.113509 -0.132331 -0.111788 -0.132509 -0.103402 -0.119318 -0.098656 -0.111565 -0.112944 -0.145958 -0.111466 -0.098567 -0.097745 -0.098293 -0.093259
-0.111815 -0.126482 -0.115884 -0.101757 -0.130002 -0.106983 -0.115384 -0.098729 -0.096358 -0.126761 -0.1337 -0.108727 -0.097478 -0.136172 -0.140965 -0.114238 -0.113459 -0.139736 -0.128986 -0.105674 -0.137396 -0.103502 -0.138736 -0.11505 -0.128635 -0.105523 -0.110144 -0.109277 -0.10747 -0.094797 -0.122156 -0.127455 -0.097943 -0.134335 -0.11699 -0.114835 -0.116869 -0.110239 -0.130665 -0.104982 -0.115566 -0.101139 -0.11666 -0.122946 -0.145351 -0.105005 -0.096172 -0.097044 -0.088273 -0.092959
-0.11213 -0.129136 -0.116151 -0.104122 -0.102942 -0.102726 -0.117694 -0.101707 -0.094037 -0.125364 -0.133513 -0.104426 -0.097704 -0.131383 -0.136452 -0.108687 -0.111494 -0.135282 -0.132203 -0.106597 -0.118311 -0.104516 -0.121601 -0.115946 -0.119327 -0.105087 -0.103454 -0.107861 -0.115467 -0.094618 -0.121128 -0.126541 -0.103411 -0.127844 -0.12153 -0.108494 -0.11125 -0.110986 -0.130342 -0.113296 -0.117263 -0.097408 -0.115303 -0.124521 -0.137492 -0.103558 -0.100714 -0.097375 -0.089758 -0.096362
-0.117637 -0.119116 -0.117988 -0.101941 -0.103815 -0.102513 -0.116444 -0.098913 -0.093171 -0.125381 -0.130516 -0.104853 -0.094993 -0.13324 -0.121412 -0.114205 -0.110496 -0.130759 -0.126358 -0.106983 -0.131474 -0.101296 -0.119285 -0.104387 -0.11929 -0.104077 -0.104484 -0.107491 -0.116973 -0.091729 -0.122909 -0.128719 -0.097931 -0.118765 -0.121162 -0.1082 -0.108278 -0.110543 -0.124297 -0.110654 -0.118841 -0.098867 -0.118669 -0.114137 -0.134051 -0.104084 -0.099451 -0.09644 -0.087332 -0.092879
-0.115728 -0.09488 -0.116452 -0.101116 -0.104656 -0.101058 -0.112466 -0.092111 -0.089433 -0.124921 -0.132416 -0.103165 -0.095555 -0.136072 -0.1207 -0.113572 -0.111439 -0.130091 -0.129165 -0.109417 -0.126516 -0.099206 -0.118876 -0.095802 -0.117437 -0.100309 -0.108484 -0.107526 -0.109872 -0.089484 -0.122884 -0.122064 -0.104079 -0.115681 -0.118692 -0.109453 -0.108877 -0.108984 -0.118504 -0.112377 -0.118387 -0.100008 -0.115835 -0.113312 -0.134119 -0.103669 -0.099078 -0.09749 -0.088768 -0.091044
-0.118226 -0.096486 -0.101028 -0.101147 -0.099279 -0.100857 -0.107122 -0.093992 -0.088045 -0.125103 -0.130872 -0.105064 -0.097122 -0.131302 -0.123084 -0.105601 -0.110031 -0.12458 -0.125906 -0.1068 -0.126195 -0.099155 -0.117618 -0.097092 -0.116773 -0.104027 -0.113187 -0.105599 -0.10563 -0.089395 -0.123002 -0.127569 -0.099282 -0.114283 -0.116372 -0.110123 -0.109708 -0.09603 -0.123057 -0.106551 -0.119094 -0.09781 -0.117399 -0.110628 -0.132409 -0.106327 -0.104515 -0.094004 -0.090749 -0.092388
-0.122522 -0.100105 -0.102209 -0.095504 -0.098538 -0.098829 -0.10405 -0.09422 -0.089613 -0.123987 -0.116445 -0.107716 -0.092913 -0.129786 -0.094553 -0.105669 -0.107642 -0.126825 -0.124377 -0.100189 -0.125248 -0.099169 -0.120708 -0.091743 -0.114302 -0.105162 -0.11359 -0.103319 -0.099183 -0.089621 -0.122282 -0.130963 -0.099171 -0.116888 -0.116918 -0.103554 -0.108784 -0.095312 -0.11808 -0.105207 -0.120831 -0.095265 -0.116709 -0.106185 -0.131735 -0.105941 -0.106066 -0.093548 -0.096094 -0.09272
-0.106861 -0.098576 -0.098204 -0.098929 -0.097389 -0.10021 -0.107083 -0.09226 -0.090368 -0.11929 -0.117958 -0.100625 -0.09245 -0.131552 -0.095678 -0.109782 -0.104217 -0.111421 -0.126756 -0.099663 -0.1247 -0.105081 -0.117773 -0.089445 -0.109476 -0.102973 -0.106264 -0.102604 -0.097943 -0.087312 -0.123594 -0.128769 -0.097805 -0.115073 -0.112315 -0.106761 -0.106214 -0.092865 -0.112915 -0.105369 -0.101735 -0.091939 -0.112399 -0.10545 -0.125193 -0.10793 -0.097693 -0.091832 -0.088947 -0.091189
-0.099625 -0.101506 -0.102258 -0.100523 -0.096397 -0.100973 -0.088741 -0.093314 -0.090084 -0.116735 -0.114739 -0.101506 -0.096822 -0.12518 -0.096132 -0.10441 -0.099978 -0.112184 -0.128873 -0.09286 -0.127652 -0.105161 -0.120505 -0.085026 -0.10954 -0.102268 -0.105011 -0.10168 -0.093239 -0.085512 -0.107764 -0.128818 -0.097094 -0.110751 -0.114654 -0.102421 -0.105497 -0.093933 -0.1179 -0.103236 -0.09934 -0.091976 -0.10958 -0.109573 -0.125551 -0.107215 -0.098772 -0.090093 -0.089281 -0.092111
-0.09458 -0.103188 -0.100605 -0.099682 -0.094996 -0.096842 -0.088261 -0.093432 -0.08856 -0.119563 -0.117227 -0.10295 -0.098304 -0.126709 -0.099795 -0.105589 -0.100992 -0.109167 -0.129466 -0.098184 -0.123851 -0.100527 -0.122733 -0.084149 -0.108669 -0.096635 -0.113475 -0.102079 -0.092095 -0.085996 -0.10526 -0.126321 -0.097628 -0.109818 -0.118147 -0.113102 -0.107197 -0.093022 -0.119579 -0.09649 -0.099103 -0.090066 -0.106262 -0.106292 -0.124304 -0.107927 -0.102341 -0.09027 -0.086739 -0.090131
-0.091139 -0.100116 -0.104009 -0.099862 -0.095025 -0.097405 -0.091911 -0.090202 -0.088623 -0.118593 -0.117248 -0.104111 -0.097314 -0.131285 -0.103746 -0.104857 -0.100259 -0.109413 -0.128065 -0.097438 -0.124399 -0.097206 -0.113415 -0.085843 -0.11206 -0.097508 -0.10377 -0.085075 -0.093004 -0.08784 -0.102597 -0.124323 -0.092511 -0.103968 -0.117525 -0.104055 -0.105751 -0.08704 -0.117575 -0.103176 -0.106101 -0.087126 -0.099759 -0.099967 -0.124908 -0.105166 -0.101837 -0.092095 -0.085759 -0.089417
-0.091467 -0.092614 -0.100449 -0.097263 -0.097194 -0.097664 -0.095086 -0.093082 -0.089085 -0.119043 -0.124724 -0.102842 -0.099173 -0.130134 -0.103621 -0.107307 -0.102213 -0.107724 -0.127635 -0.092599 -0.106056 -0.079806 -0.113993 -0.08373 -0.109596 -0.106189 -0.101473 -0.08762 -0.092628 -0.084536 -0.106618 -0.125566 -0.09673 -0.104637 -0.118911 -0.119286 -0.106801 -0.089157 -0.117472 -0.103256 -0.093878 -0.088631 -0.094445 -0.09847 -0.120399 -0.101572 -0.10133 -0.091122 -0.083909 -0.087619
-0.092242 -0.090414 -0.100633 -0.093036 -0.096319 -0.096379 -0.09057 -0.090691 -0.089487 -0.119189 -0.116078 -0.104861 -0.096586 -0.126625 -0.096622 -0.107051 -0.096538 -0.100457 -0.111577 -0.090539 -0.112519 -0.079504 -0.117649 -0.083893 -0.109424 -0.104053 -0.103498 -0.094459 -0.088354 -0.08935 -0.105306 -0.121372 -0.092084 -0.105874 -0.11183 -0.104596 -0.106561 -0.085552 -0.113224 -0.098316 -0.10225 -0.089736 -0.09253 -0.093574 -0.101953 -0.103384 -0.098978 -0.089537 -0.083834 -0.089017
-0.09304 -0.085366 -0.105644 -0.090746 -0.093002 -0.094336 -0.09061 -0.092589 -0.08866 -0.117728 -0.114502 -0.105934 -0.095963 -0.126183 -0.098805 -0.106414 -0.091441 -0.099369 -0.107574 -0.088888 -0.112359 -0.078663 -0.116498 -0.082363 -0.108762 -0.102262 -0.097075 -0.090284 -0.089573 -0.084111 -0.105202 -0.123148 -0.09137 -0.105465 -0.115563 -0.100027 -0.101298 -0.087058 -0.11019 -0.099133 -0.099364 -0.088525 -0.09555 -0.095757 -0.099908 -0.105567 -0.099162 -0.089307 -0.085837 -0.08992
-0.09482 -0.087115 -0.103129 -0.094072 -0.092409 -0.093742 -0.091555 -0.09089 -0.087225 -0.119335 -0.122016 -0.105056 -0.095259 -0.127981 -0.095981 -0.100793 -0.095122 -0.097475 -0.118537 -0.08862 -0.110249 -0.072674 -0.114365 -0.07323 -0.106388 -0.10511 -0.098297 -0.089156 -0.088526 -0.08382 -0.100289 -0.12157 -0.086999 -0.101733 -0.108976 -0.09681 -0.099356 -0.084245 -0.103511 -0.100122 -0.097578 -0.096751 -0.094647 -0.097722 -0.097853 -0.103181 -0.098876 -0.090756 -0.084373 -0.083842
-0.096228 -0.08327 -0.098875 -0.092942 -0.092868 -0.093552 -0.091999 -0.0936 -0.091675 -0.119305 -0.11387 -0.104323 -0.092701 -0.126663 -0.094396 -0.099206 -0.09409 -0.097176 -0.116708 -0.089419 -0.10944 -0.072921 -0.112392 -0.074319 -0.10374 -0.107469 -0.097952 -0.088332 -0.086802 -0.085142 -0.106429 -0.120789 -0.087512 -0.100255 -0.111753 -0.10094 -0.099424 -0.08452 -0.103993 -0.10021 -0.098682 -0.094639 -0.095231 -0.097505 -0.100219 -0.1083 -0.098492 -0.084263 -0.083587 -0.080216
-0.097115 -0.088746 -0.098137 -0.092276 -0.094673 -0.092572 -0.093587 -0.096869 -0.091189 -0.117925 -0.108109 -0.105053 -0.08774 -0.125562 -0.091447 -0.101805 -0.092282 -0.097046 -0.106689 -0.090164 -0.111281 -0.074079 -0.115057 -0.074837 -0.098067 -0.110442 -0.090166 -0.086247 -0.081479 -0.086726 -0.100981 -0.121138 -0.085676 -0.100084 -0.108861 -0.098204 -0.099468 -0.086838 -0.104372 -0.101085 -0.09933 -0.098322 -0.093212 -0.093165 -0.099512 -0.100268 -0.09824 -0.085891 -0.081958 -0.080239
-0.095642 -0.087259 -0.099486 -0.097728 -0.097289 -0.094849 -0.092518 -0.093308 -0.091863 -0.11855 -0.103502 -0.100565 -0.087546 -0.118528 -0.098459 -0.101723 -0.093248 -0.099107 -0.101018 -0.088456 -0.11034 -0.073118 -0.116229 -0.074319 -0.098325 -0.100882 -0.08613 -0.084518 -0.07587 -0.08395 -0.102555 -0.122715 -0.085067 -0.100778 -0.105649 -0.093933 -0.096885 -0.0846 -0.104398 -0.101194 -0.098192 -0.094433 -0.095085 -0.088553 -0.099483 -0.101358 -0.098253 -0.084555 -0.080546 -0.081248
-0.095301 -0.090043 -0.100177 -0.0947 -0.103282 -0.09301 -0.093347 -0.092615 -0.091694 -0.120764 -0.101307 -0.094166 -0.088136 -0.118775 -0.098704 -0.100341 -0.095235 -0.093847 -0.099036 -0.088826 -0.107852 -0.076119 -0.109143 -0.076967 -0.097774 -0.091882 -0.086133 -0.079113 -0.075875 -0.084348 -0.09812 -0.120244 -0.085501 -0.101271 -0.104436 -0.091029 -0.096805 -0.086458 -0.105523 -0.099274 -0.09966 -0.089341 -0.098364 -0.095657 -0.100668 -0.098327 -0.097563 -0.081001 -0.0824 -0.080067
-0.090176 -0.090877 -0.098387 -0.094513 -0.103451 -0.090704 -0.092446 -0.091845 -0.092596 -0.120497 -0.100856 -0.100547 -0.087808 -0.092239 -0.097453 -0.100968 -0.090852 -0.094396 -0.106094 -0.090409 -0.112098 -0.078682 -0.110125 -0.076175 -0.09842 -0.094507 -0.087127 -0.082874 -0.075354 -0.08254 -0.099085 -0.12179 -0.085553 -0.100459 -0.10466 -0.085615 -0.096607 -0.085261 -0.104816 -0.100394 -0.093209 -0.092937 -0.095814 -0.090298 -0.101367 -0.101155 -0.096747 -0.083912 -0.081691 -0.081309
-0.091609 -0.086052 -0.09491 -0.093757 -0.099312 -0.088739 -0.088582 -0.093724 -0.090297 -0.119087 -0.101287 -0.094779 -0.086246 -0.093661 -0.102078 -0.095366 -0.086751 -0.096022 -0.10567 -0.087506 -0.108223 -0.075257 -0.106189 -0.077664 -0.100108 -0.096306 -0.087592 -0.080767 -0.077105 -0.078972 -0.099044 -0.119529 -0.083206 -0.099212 -0.115446 -0.087393 -0.092792 -0.086527 -0.102582 -0.098673 -0.091834 -0.089255 -0.095537 -0.083226 -0.096887 -0.100208 -0.097819 -0.085672 -0.080137 -0.080324
-0.091005 -0.086555 -0.097345 -0.086162 -0.095492 -0.089938 -0.089652 -0.090825 -0.089992 -0.117589 -0.08588 -0.094942 -0.086132 -0.089635 -0.100056 -0.097844 -0.089915 -0.094892 -0.106672 -0.088759 -0.094286 -0.081014 -0.097476 -0.074917 -0.096855 -0.089108 -0.086819 -0.079659 -0.077808 -0.079902 -0.095497 -0.119104 -0.084787 -0.097749 -0.113056 -0.084275 -0.092337 -0.086285 -0.100186 -0.099532 -0.089346 -0.086814 -0.093768 -0.086111 -0.092786 -0.10033 -0.098408 -0.088091 -0.077186 -0.079901
-0.084912 -0.084833 -0.094811 -0.085302 -0.092508 -0.087109 -0.090046 -0.090743 -0.083038 -0.11783 -0.086613 -0.097184 -0.086721 -0.092244 -0.096573 -0.096079 -0.085796 -0.0918 -0.096738 -0.088932 -0.092191 -0.07908 -0.106451 -0.074327 -0.096694 -0.084244 -0.088123 -0.079712 -0.07569 -0.079438 -0.095373 -0.115194 -0.085951 -0.09702 -0.099909 -0.085201 -0.091766 -0.088747 -0.099505 -0.094604 -0.085934 -0.075765 -0.100175 -0.086078 -0.093601 -0.098986 -0.094384 -0.087675 -0.075987 -0.078465
-0.087868 -0.086071 -0.09487 -0.083798 -0.092704 -0.086479 -0.088058 -0.089202 -0.081636 -0.118087 -0.0929 -0.097173 -0.085512 -0.078832 -0.09578 -0.095106 -0.084434 -0.092086 -0.095605 -0.088588 -0.090177 -0.080003 -0.107449 -0.075418 -0.092518 -0.08747 -0.087169 -0.080404 -0.07875 -0.080772 -0.094353 -0.115187 -0.084538 -0.099375 -0.100298 -0.084121 -0.091572 -0.087073 -0.103291 -0.094903 -0.086142 -0.080642 -0.112023 -0.087904 -0.096933 -0.099558 -0.096449 -0.083069 -0.07569 -0.077807
-0.083071 -0.087878 -0.096788 -0.082628 -0.092277 -0.086778 -0.083904 -0.084589 -0.081681 -0.115557 -0.087043 -0.096667 -0.091384 -0.080048 -0.098512 -0.094141 -0.084441 -0.093541 -0.097685 -0.088526 -0.094187 -0.079809 -0.109658 -0.072065 -0.09466 -0.082986 -0.086243 -0.083949 -0.077201 -0.078615 -0.094681 -0.11898 -0.084481 -0.098509 -0.101952 -0.082555 -0.089717 -0.087512 -0.102369 -0.093405 -0.086142 -0.089531 -0.105321 -0.085578 -0.097584 -0.098532 -0.092536 -0.081067 -0.075184 -0.075144
-0.083395 -0.086387 -0.095075 -0.085929 -0.090839 -0.083602 -0.083235 -0.088944 -0.083637 -0.116663 -0.089512 -0.096818 -0.08729 -0.080742 -0.096152 -0.094025 -0.084846 -0.088138 -0.096655 -0.08871 -0.095005 -0.078934 -0.111156 -0.070648 -0.089065 -0.08724 -0.087558 -0.084796 -0.078055 -0.073865 -0.091534 -0.116093 -0.083882 -0.101628 -0.102086 -0.085232 -0.093871 -0.092064 -0.101146 -0.09145 -0.085165 -0.081593 -0.097752 -0.080105 -0.098125 -0.099859 -0.091652 -0.08229 -0.074923 -0.078687
-0.083159 -0.085527 -0.094329 -0.084314 -0.090984 -0.081433 -0.084903 -0.090861 -0.082771 -0.115792 -0.085221 -0.096989 -0.08572 -0.081634 -0.098163 -0.095344 -0.082098 -0.089489 -0.097096 -0.087331 -0.090835 -0.08001 -0.109574 -0.071655 -0.088912 -0.083567 -0.086094 -0.084266 -0.077273 -0.074198 -0.089253 -0.11682 -0.078838 -0.099446 -0.096461 -0.085396 -0.093391 -0.090428 -0.103944 -0.087246 -0.083174 -0.079049 -0.101011 -0.082326 -0.09997 -0.09627 -0.091951 -0.081956 -0.076516 -0.076959
-0.082458 -0.085092 -0.096988 -0.088587 -0.091215 -0.083556 -0.083647 -0.092123 -0.078447 -0.115544 -0.090162 -0.097078 -0.086901 -0.080506 -0.098407 -0.09505 -0.083751 -0.08814 -0.101731 -0.088495 -0.090424 -0.076439 -0.109182 -0.071977 -0.09164 -0.082008 -0.085726 -0.083999 -0.077103 -0.07194 -0.09017 -0.11364 -0.079408 -0.098339 -0.092891 -0.084392 -0.089006 -0.090574 -0.103963 -0.085991 -0.08894 -0.088054 -0.097446 -0.084151 -0.103323 -0.095467 -0.089091 -0.076321 -0.076056 -0.076703
-0.08159 -0.084709 -0.093504 -0.087279 -0.092522 -0.085833 -0.082608 -0.08831 -0.077595 -0.115397 -0.088665 -0.102839 -0.082938 -0.081696 -0.098556 -0.096307 -0.08233 -0.086659 -0.101381 -0.085962 -0.089201 -0.077329 -0.108468 -0.069818 -0.088128 -0.082024 -0.085592 -0.083559 -0.078527 -0.072533 -0.089157 -0.11334 -0.079979 -0.097315 -0.095523 -0.085204 -0.083989 -0.091506 -0.101727 -0.084792 -0.085782 -0.083642 -0.098936 -0.082105 -0.103347 -0.097471 -0.088723 -0.076749 -0.078103 -0.07652
-0.084227 -0.085075 -0.095438 -0.086547 -0.091107 -0.084344 -0.082921 -0.083895 -0.075858 -0.11689 -0.09253 -0.096712 -0.086553 -0.089715 -0.095069 -0.095132 -0.086154 -0.087889 -0.101077 -0.085217 -0.088284 -0.076174 -0.097672 -0.071319 -0.085704 -0.081912 -0.08401 -0.083516 -0.077467 -0.073419 -0.085248 -0.110492 -0.080996 -0.102985 -0.09264 -0.084953 -0.085875 -0.086905 -0.102263 -0.085503 -0.087634 -0.086208 -0.097325 -0.084656 -0.101388 -0.096311 -0.089334 -0.07919 -0.079104 -0.074188
-0.080205 -0.081991 -0.087494 -0.087752 -0.091566 -0.084765 -0.084511 -0.083968 -0.077612 -0.115202 -0.094408 -0.097388 -0.085013 -0.088243 -0.096598 -0.096034 -0.083994 -0.088404 -0.097604 -0.086891 -0.086902 -0.077845 -0.096997 -0.071224 -0.0796 -0.08881 -0.08381 -0.08141 -0.076625 -0.072223 -0.085935 -0.108376 -0.078323 -0.102244 -0.094799 -0.083033 -0.085049 -0.083552 -0.087953 -0.083322 -0.08715 -0.079452 -0.099105 -0.08416 -0.100692 -0.094909 -0.092345 -0.076561 -0.078161 -0.076017
-0.081342 -0.081907 -0.087903 -0.087404 -0.091057 -0.081946 -0.083283 -0.084759 -0.075705 -0.117222 -0.094589 -0.100327 -0.08605 -0.087424 -0.096075 -0.097551 -0.081347 -0.088351 -0.095153 -0.0876 -0.085999 -0.074784 -0.097792 -0.071488 -0.07991 -0.086694 -0.083353 -0.078493 -0.075309 -0.077546 -0.086446 -0.108371 -0.079458 -0.1025 -0.092272 -0.082492 -0.082735 -0.08514 -0.09007 -0.082931 -0.087298 -0.077753 -0.103242 -0.080215 -0.100319 -0.098418 -0.08786 -0.075609 -0.082746 -0.074464
-0.079378 -0.083424 -0.08696 -0.088833 -0.092193 -0.086067 -0.0835 -0.083077 -0.07585 -0.111518 -0.092852 -0.099946 -0.085527 -0.085129 -0.096203 -0.09306 -0.084534 -0.087632 -0.099438 -0.090416 -0.0854 -0.075525 -0.099835 -0.071923 -0.076509 -0.091179 -0.085206 -0.080794 -0.075835 -0.076072 -0.085874 -0.105031 -0.077033 -0.103734 -0.096864 -0.08433 -0.082346 -0.083101 -0.092091 -0.082854 -0.08768 -0.078562 -0.097705 -0.078777 -0.099114 -0.097252 -0.084713 -0.077564 -0.082855 -0.07378
-0.084685 -0.081071 -0.085082 -0.090688 -0.090704 -0.078919 -0.08936 -0.081194 -0.078906 -0.109273 -0.096695 -0.098289 -0.086311 -0.086663 -0.097008 -0.094269 -0.085352 -0.088252 -0.098165 -0.087907 -0.077087 -0.074624 -0.093868 -0.072062 -0.080092 -0.091143 -0.087525 -0.077553 -0.07572 -0.076714 -0.081336 -0.103031 -0.079146 -0.100234 -0.092208 -0.083455 -0.080842 -0.086625 -0.092435 -0.085915 -0.086843 -0.073211 -0.09737 -0.075602 -0.09123 -0.09848 -0.083194 -0.080186 -0.081206 -0.07459
-0.085147 -0.078145 -0.082755 -0.090694 -0.091592 -0.077338 -0.088776 -0.082534 -0.079785 -0.109748 -0.091253 -0.096924 -0.082589 -0.088297 -0.097209 -0.09592 -0.084056 -0.089105 -0.092288 -0.086414 -0.076904 -0.073245 -0.097819 -0.073573 -0.079738 -0.085276 -0.086914 -0.076752 -0.075891 -0.075186 -0.080246 -0.107791 -0.077825 -0.100747 -0.088665 -0.085146 -0.080167 -0.086698 -0.094994 -0.082731 -0.084609 -0.075909 -0.097932 -0.078148 -0.088515 -0.097499 -0.087271 -0.082909 -0.081765 -0.073556
-0.083883 -0.081935 -0.084531 -0.094322 -0.092317 -0.077799 -0.088013 -0.079035 -0.083942 -0.106188 -0.095546 -0.098568 -0.085723 -0.087411 -0.097022 -0.096164 -0.085074 -0.086515 -0.09291 -0.087195 -0.077817 -0.074003 -0.088784 -0.074863 -0.078785 -0.077082 -0.084054 -0.075735 -0.076702 -0.078168 -0.083576 -0.10424 -0.077254 -0.100285 -0.086804 -0.090824 -0.082446 -0.088306 -0.09115 -0.0822 -0.083521 -0.076608 -0.099374 -0.076958 -0.085429 -0.098537 -0.087665 -0.082414 -0.075413 -0.074123
