-0.303118 -0.20284 -0.222034 -0.294195 -0.170827 -0.218371 -0.216761 -0.244829 -0.226278 -0.328165 -0.234308 -0.260839 -0.250234 -0.238399 -0.259787 -0.272036 -0.27193 -0.302324 -0.221914 -0.256351 -0.236359 -0.207543 -0.266656 -0.229022 -0.238838 -0.212812 -0.289506 -0.182139 -0.167616 -0.219215 -0.250239 -0.249755 -0.204086 -0.233757 -0.231264 -0.171992 -0.295361 -0.239534 -0.259998 -0.204329 -0.257824 -0.208369 -0.172161 -0.268383 -0.23437 -0.238821 -0.282319 -0.266399 -0.253939 -0.232454
-0.148072 -0.191338 -0.151119 -0.166034 -0.136052 -0.159563 -0.1641 -0.199386 -0.15981 -0.213538 -0.179229 -0.193284 -0.212617 -0.208185 -0.197049 -0.25345 -0.207165 -0.19001 -0.215104 -0.192782 -0.175374 -0.185933 -0.168656 -0.169395 -0.212536 -0.182635 -0.308231 -0.202903 -0.196617 -0.191732 -0.201146 -0.323098 -0.128754 -0.205709 -0.223318 -0.135072 -0.203628 -0.173513 -0.171201 -0.196429 -0.211876 -0.200843 -0.146547 -0.179237 -0.186694 -0.186588 -0.195747 -0.139788 -0.217255 -0.173176
-0.112557 -0.169118 -0.131588 -0.186113 -0.123291 -0.126158 -0.130342 -0.191687 -0.163916 -0.18737 -0.149249 -0.198508 -0.205822 -0.186308 -0.189391 -0.189325 -0.143226 -0.174135 -0.128201 -0.146478 -0.158833 -0.210762 -0.128269 -0.19834 -0.214849 -0.133073 -0.223786 -0.15553 -0.157539 -0.16701 -0.184923 -0.224763 -0.15346 -0.21738 -0.158312 -0.136433 -0.167338 -0.158151 -0.168437 -0.157469 -0.191225 -0.188488 -0.144623 -0.154689 -0.168226 -0.158938 -0.16484 -0.145314 -0.185594 -0.11668
-0.126689 -0.153822 -0.165538 -0.166424 -0.118196 -0.138191 -0.110546 -0.135119 -0.17022 -0.157187 -0.121337 -0.153036 -0.175564 -0.203721 -0.163891 -0.170138 -0.137496 -0.162242 -0.171672 -0.111797 -0.164683 -0.177991 -0.127959 -0.146017 -0.132781 -0.133453 -0.19294 -0.162452 -0.137355 -0.185137 -0.175241 -0.192265 -0.122421 -0.1791 -0.152026 -0.129445 -0.11465 -0.153638 -0.10666 -0.135566 -0.150485 -0.145532 -0.131217 -0.158569 -0.147225 -0.171986 -0.150047 -0.139788 -0.13689 -0.115386
-0.110556 -0.139356 -0.162342 -0.13739 -0.133364 -0.151754 -0.142904 -0.144837 -0.149018 -0.210795 -0.132714 -0.14192 -0.127633 -0.161281 -0.144634 -0.16643 -0.143047 -0.150005 -0.134439 -0.151997 -0.172626 -0.146638 -0.131891 -0.158787 -0.129437 -0.152532 -0.133076 -0.161014 -0.145295 -0.165705 -0.1637 -0.177325 -0.12893 -0.154231 -0.144862 -0.136813 -0.116676 -0.118733 -0.109553 -0.114165 -0.132169 -0.126629 -0.138221 -0.156306 -0.172152 -0.125487 -0.142257 -0.122389 -0.127444 -0.13377
-0.11507 -0.131382 -0.133031 -0.125488 -0.126659 -0.153651 -0.10765 -0.157159 -0.131779 -0.145183 -0.104026 -0.130166 -0.104989 -0.149805 -0.125926 -0.144909 -0.122606 -0.136787 -0.128677 -0.119437 -0.128716 -0.181039 -0.114247 -0.145415 -0.10577 -0.136432 -0.122772 -0.151538 -0.130932 -0.143739 -0.139703 -0.144958 -0.101102 -0.143205 -0.14538 -0.115131 -0.109174 -0.112377 -0.103305 -0.14161 -0.15836 -0.116248 -0.140396 -0.133292 -0.154595 -0.111309 -0.132914 -0.11752 -0.115493 -0.126339
-0.116882 -0.108153 -0.136719 -0.12356 -0.102525 -0.133986 -0.109936 -0.147251 -0.129896 -0.139241 -0.10749 -0.107372 -0.10057 -0.111537 -0.133402 -0.131412 -0.122072 -0.159589 -0.122273 -0.112479 -0.152762 -0.137854 -0.115754 -0.121937 -0.11404 -0.120982 -0.118459 -0.142112 -0.116968 -0.129536 -0.140432 -0.15011 -0.108384 -0.154301 -0.123414 -0.10839 -0.135801 -0.149166 -0.088667 -0.111472 -0.148833 -0.108738 -0.12726 -0.157391 -0.158331 -0.104427 -0.140612 -0.104652 -0.117153 -0.127474
-0.116497 -0.148112 -0.113764 -0.121959 -0.098895 -0.150158 -0.105283 -0.126597 -0.114034 -0.101403 -0.107162 -0.122864 -0.104513 -0.115931 -0.107382 -0.145581 -0.107413 -0.13569 -0.141237 -0.10838 -0.139588 -0.126544 -0.122997 -0.125224 -0.08735 -0.123685 -0.111178 -0.114834 -0.111554 -0.12457 -0.122006 -0.122282 -0.107096 -0.121923 -0.121854 -0.11045 -0.107785 -0.123444 -0.096941 -0.130465 -0.111179 -0.119833 -0.112209 -0.139429 -0.14816 -0.10974 -0.120271 -0.089356 -0.098329 -0.134351
-0.121646 -0.128523 -0.116321 -0.115742 -0.100722 -0.129841 -0.097232 -0.12054 -0.144042 -0.124381 -0.115611 -0.116868 -0.095324 -0.108323 -0.127069 -0.124096 -0.119047 -0.130108 -0.136633 -0.100498 -0.149796 -0.12142 -0.119746 -0.122319 -0.112597 -0.121236 -0.108454 -0.112144 -0.10784 -0.117488 -0.105044 -0.127502 -0.124029 -0.102791 -0.123459 -0.100616 -0.114636 -0.117881 -0.11752 -0.106431 -0.094404 -0.130299 -0.13043 -0.1312 -0.1033 -0.110837 -0.113057 -0.102041 -0.092785 -0.124608
-0.12081 -0.106609 -0.102666 -0.123586 -0.086361 -0.130376 -0.102125 -0.114172 -0.11865 -0.121459 -0.112728 -0.11101 -0.103358 -0.087845 -0.119408 -0.122274 -0.094454 -0.120309 -0.13844 -0.09852 -0.137559 -0.1034 -0.10475 -0.125094 -0.109883 -0.118638 -0.115989 -0.114847 -0.11562 -0.117392 -0.128221 -0.122174 -0.106629 -0.110201 -0.102714 -0.099737 -0.118829 -0.120395 -0.123034 -0.112571 -0.088546 -0.133203 -0.131806 -0.118922 -0.093929 -0.108609 -0.110716 -0.121783 -0.093405 -0.154074
-0.108735 -0.090455 -0.091161 -0.126447 -0.111518 -0.138255 -0.101008 -0.134696 -0.12347 -0.134371 -0.098773 -0.103768 -0.09739 -0.113226 -0.112609 -0.1196 -0.090752 -0.151411 -0.119912 -0.09367 -0.121618 -0.104483 -0.102644 -0.112062 -0.108799 -0.10522 -0.111273 -0.12724 -0.120248 -0.117907 -0.122757 -0.09962 -0.124539 -0.109045 -0.113127 -0.107726 -0.117763 -0.114032 -0.102106 -0.095473 -0.095409 -0.152972 -0.114166 -0.111158 -0.115552 -0.105243 -0.11103 -0.111325 -0.09775 -0.119879
-0.116517 -0.104632 -0.093887 -0.107916 -0.11613 -0.121423 -0.13042 -0.11759 -0.124171 -0.113316 -0.110522 -0.109993 -0.097069 -0.110514 -0.119108 -0.104494 -0.091545 -0.143893 -0.119675 -0.105368 -0.132065 -0.114081 -0.107451 -0.118916 -0.120071 -0.098653 -0.104536 -0.101708 -0.118552 -0.110063 -0.111484 -0.112571 -0.111006 -0.115375 -0.106843 -0.113443 -0.096514 -0.091225 -0.100949 -0.102555 -0.104414 -0.115792 -0.118885 -0.098644 -0.143744 -0.097974 -0.122557 -0.115792 -0.084042 -0.108979
-0.10883 -0.10723 -0.103025 -0.102602 -0.09607 -0.132305 -0.100342 -0.118241 -0.118829 -0.115264 -0.101434 -0.103554 -0.102061 -0.111624 -0.114581 -0.113766 -0.084155 -0.151106 -0.109289 -0.102735 -0.134002 -0.106303 -0.11268 -0.112063 -0.1233 -0.112081 -0.102554 -0.104469 -0.106958 -0.095176 -0.135227 -0.11309 -0.100232 -0.089959 -0.116948 -0.106837 -0.092236 -0.097117 -0.094262 -0.099772 -0.101006 -0.104682 -0.092907 -0.11301 -0.098873 -0.100077 -0.113227 -0.121842 -0.096924 -0.098742
-0.112495 -0.09173 -0.098443 -0.087627 -0.094177 -0.111131 -0.095748 -0.108414 -0.120469 -0.110337 -0.095599 -0.125952 -0.093066 -0.114805 -0.121036 -0.094891 -0.087052 -0.126137 -0.098746 -0.110264 -0.121821 -0.105822 -0.092788 -0.106901 -0.11768 -0.111088 -0.097734 -0.093109 -0.103675 -0.092006 -0.138694 -0.097397 -0.096096 -0.089287 -0.09625 -0.118973 -0.102377 -0.091848 -0.119915 -0.100781 -0.09875 -0.109175 -0.099982 -0.115976 -0.119374 -0.090652 -0.126534 -0.115821 -0.097759 -0.09991
-0.132675 -0.105958 -0.099281 -0.082674 -0.111272 -0.131151 -0.08528 -0.117806 -0.097735 -0.107567 -0.080665 -0.106841 -0.102665 -0.108041 -0.108363 -0.106322 -0.093647 -0.107871 -0.106911 -0.107677 -0.111595 -0.11691 -0.089787 -0.101643 -0.106841 -0.101838 -0.093952 -0.107012 -0.105708 -0.103766 -0.119152 -0.09683 -0.115464 -0.098924 -0.119447 -0.102254 -0.106151 -0.088928 -0.114208 -0.094508 -0.093342 -0.112294 -0.100016 -0.104746 -0.098023 -0.111643 -0.130123 -0.116691 -0.096854 -0.098832
-0.107629 -0.086502 -0.090946 -0.087679 -0.11098 -0.123171 -0.090402 -0.116473 -0.097563 -0.093224 -0.079713 -0.11136 -0.102379 -0.102903 -0.104508 -0.106051 -0.091133 -0.101588 -0.093524 -0.101777 -0.106972 -0.124543 -0.093828 -0.102994 -0.104094 -0.094192 -0.099251 -0.109828 -0.128781 -0.108899 -0.112593 -0.090004 -0.091262 -0.109667 -0.099604 -0.110292 -0.106908 -0.08987 -0.106182 -0.088488 -0.08703 -0.104057 -0.108444 -0.108946 -0.090154 -0.109348 -0.127384 -0.107953 -0.102574 -0.109189
-0.100234 -0.086237 -0.108676 -0.108639 -0.10076 -0.130972 -0.102502 -0.123404 -0.10895 -0.11117 -0.099949 -0.092993 -0.092404 -0.100953 -0.099504 -0.105482 -0.087931 -0.099815 -0.101515 -0.107472 -0.101643 -0.115685 -0.089597 -0.104927 -0.089352 -0.093802 -0.095409 -0.095042 -0.129432 -0.109803 -0.109006 -0.082305 -0.099632 -0.093823 -0.102319 -0.09804 -0.115103 -0.093095 -0.120538 -0.091974 -0.107374 -0.098026 -0.098656 -0.106749 -0.085757 -0.093986 -0.125053 -0.100249 -0.133094 -0.10672
-0.093049 -0.087272 -0.098488 -0.125203 -0.101435 -0.108033 -0.101879 -0.121689 -0.108902 -0.108159 -0.079557 -0.10011 -0.084563 -0.107425 -0.091857 -0.097273 -0.093296 -0.098872 -0.099092 -0.102357 -0.105946 -0.111914 -0.094529 -0.101779 -0.087247 -0.090948 -0.109495 -0.089727 -0.127588 -0.104705 -0.117997 -0.085537 -0.12351 -0.084198 -0.09991 -0.106893 -0.089297 -0.085592 -0.099417 -0.109374 -0.088621 -0.101258 -0.104247 -0.103227 -0.088873 -0.100549 -0.107433 -0.095855 -0.084721 -0.10198
-0.093127 -0.100231 -0.100819 -0.110352 -0.101942 -0.108115 -0.100062 -0.123496 -0.09635 -0.102893 -0.114513 -0.080079 -0.084101 -0.109005 -0.092878 -0.095124 -0.09291 -0.088233 -0.088155 -0.093537 -0.108956 -0.105233 -0.081906 -0.087332 -0.084409 -0.120494 -0.11044 -0.094342 -0.121447 -0.099145 -0.120133 -0.09581 -0.10898 -0.08743 -0.103734 -0.106932 -0.097284 -0.085882 -0.112593 -0.104664 -0.095239 -0.09168 -0.110864 -0.089731 -0.087749 -0.110584 -0.094791 -0.085109 -0.103523 -0.099707
-0.087589 -0.083775 -0.111012 -0.112096 -0.101511 -0.102682 -0.093569 -0.111468 -0.092685 -0.101933 -0.120072 -0.075948 -0.087163 -0.109477 -0.106834 -0.104856 -0.10049 -0.098619 -0.093076 -0.086884 -0.115702 -0.115831 -0.088591 -0.106519 -0.07617 -0.120866 -0.097089 -0.084267 -0.118231 -0.102003 -0.11016 -0.100118 -0.111207 -0.081292 -0.098524 -0.095756 -0.090737 -0.091502 -0.097454 -0.087198 -0.089822 -0.094158 -0.137676 -0.111112 -0.08647 -0.10769 -0.111074 -0.081212 -0.095955 -0.098775
-0.085702 -0.099886 -0.094034 -0.11758 -0.103608 -0.103168 -0.092888 -0.097198 -0.087866 -0.099009 -0.115373 -0.076153 -0.095239 -0.11261 -0.093729 -0.100193 -0.095285 -0.113579 -0.088153 -0.093683 -0.11892 -0.113075 -0.081812 -0.100601 -0.080618 -0.115416 -0.096613 -0.1006 -0.114594 -0.102922 -0.112765 -0.093626 -0.109866 -0.082442 -0.107691 -0.091309 -0.0982 -0.10278 -0.096835 -0.08344 -0.093865 -0.093727 -0.112076 -0.101492 -0.094969 -0.092779 -0.10382 -0.086333 -0.090317 -0.112165
-0.083929 -0.090805 -0.10959 -0.117551 -0.105696 -0.093926 -0.090089 -0.110433 -0.084972 -0.102251 -0.082195 -0.07985 -0.084114 -0.105924 -0.088264 -0.110843 -0.090489 -0.109676 -0.084688 -0.088721 -0.120567 -0.111037 -0.08333 -0.098576 -0.081848 -0.112982 -0.099306 -0.094712 -0.096147 -0.096787 -0.106035 -0.101491 -0.10373 -0.081668 -0.122673 -0.101312 -0.085898 -0.101543 -0.083502 -0.092104 -0.111476 -0.095703 -0.134884 -0.109184 -0.094845 -0.106026 -0.093804 -0.092261 -0.093435 -0.09756
-0.088685 -0.100605 -0.103757 -0.078482 -0.099652 -0.090359 -0.087776 -0.111237 -0.083707 -0.08729 -0.097189 -0.100426 -0.114687 -0.097475 -0.080053 -0.098074 -0.106281 -0.106355 -0.084827 -0.097591 -0.099441 -0.107695 -0.082547 -0.092252 -0.087199 -0.113845 -0.088324 -0.090442 -0.11479 -0.099255 -0.104407 -0.088902 -0.10383 -0.071967 -0.114363 -0.112911 -0.09859 -0.102127 -0.09305 -0.095517 -0.088007 -0.104851 -0.109849 -0.09682 -0.095461 -0.096855 -0.101162 -0.090322 -0.099098 -0.095062
-0.091357 -0.106744 -0.108526 -0.079704 -0.104216 -0.098793 -0.092112 -0.095418 -0.084686 -0.086435 -0.113749 -0.094099 -0.09906 -0.087617 -0.084591 -0.101134 -0.095325 -0.113136 -0.089807 -0.094459 -0.101526 -0.1116 -0.086949 -0.08633 -0.083007 -0.094803 -0.099638 -0.082107 -0.094822 -0.112729 -0.113126 -0.081622 -0.097289 -0.082479 -0.106168 -0.115542 -0.094311 -0.097626 -0.093796 -0.099205 -0.083407 -0.102228 -0.110162 -0.089145 -0.084321 -0.090207 -0.093435 -0.078137 -0.110751 -0.097896
-0.086972 -0.093295 -0.102254 -0.08272 -0.098845 -0.085839 -0.104694 -0.0913 -0.077912 -0.086216 -0.11269 -0.102628 -0.099 -0.097751 -0.084679 -0.097713 -0.09034 -0.111862 -0.088765 -0.098523 -0.108834 -0.108817 -0.087663 -0.093148 -0.076387 -0.095194 -0.101598 -0.086087 -0.080865 -0.100386 -0.088936 -0.094633 -0.102084 -0.086662 -0.105719 -0.103887 -0.104096 -0.098375 -0.095937 -0.087624 -0.089447 -0.090862 -0.104712 -0.090368 -0.085426 -0.089561 -0.105065 -0.079689 -0.107474 -0.100062
-0.089292 -0.099297 -0.100859 -0.081934 -0.100327 -0.076037 -0.106318 -0.094245 -0.082263 -0.087826 -0.113697 -0.089294 -0.089472 -0.094449 -0.089802 -0.100104 -0.092641 -0.10091 -0.087204 -0.096383 -0.1098 -0.106825 -0.092315 -0.091469 -0.072688 -0.094789 -0.097976 -0.08738 -0.084447 -0.08857 -0.090882 -0.098043 -0.105818 -0.080672 -0.108367 -0.104479 -0.101453 -0.097322 -0.093294 -0.087352 -0.088146 -0.096349 -0.089191 -0.09376 -0.082746 -0.083879 -0.088822 -0.081276 -0.084806 -0.095671
-0.089754 -0.099618 -0.094195 -0.090233 -0.100483 -0.084041 -0.090795 -0.094184 -0.086962 -0.097522 -0.103957 -0.095113 -0.087997 -0.088931 -0.086276 -0.096706 -0.090278 -0.106294 -0.086965 -0.091533 -0.109932 -0.109227 -0.083381 -0.111985 -0.085141 -0.092354 -0.097663 -0.099065 -0.079248 -0.090286 -0.092702 -0.091642 -0.101018 -0.084836 -0.103046 -0.105803 -0.10024 -0.103881 -0.096414 -0.08093 -0.093176 -0.08181 -0.090556 -0.094869 -0.084592 -0.088629 -0.091329 -0.077088 -0.097328 -0.091617
-0.077558 -0.078678 -0.093331 -0.084073 -0.104765 -0.092212 -0.090782 -0.081634 -0.096182 -0.100487 -0.088678 -0.118118 -0.089806 -0.094345 -0.09487 -0.094315 -0.091708 -0.113984 -0.086787 -0.088629 -0.097106 -0.090214 -0.082272 -0.105104 -0.078852 -0.082545 -0.093752 -0.091878 -0.079404 -0.088919 -0.080399 -0.084978 -0.099356 -0.085411 -0.099235 -0.108099 -0.097369 -0.097642 -0.08893 -0.081648 -0.085523 -0.08804 -0.087806 -0.095414 -0.081077 -0.089432 -0.098082 -0.077078 -0.087511 -0.092989
-0.086097 -0.101406 -0.09819 -0.082261 -0.093918 -0.085601 -0.093745 -0.086375 -0.098179 -0.089848 -0.077148 -0.104534 -0.113878 -0.091434 -0.098613 -0.079506 -0.085617 -0.113885 -0.082308 -0.087845 -0.097324 -0.087608 -0.082974 -0.102062 -0.071896 -0.086554 -0.096677 -0.079701 -0.078815 -0.085624 -0.085833 -0.084941 -0.095575 -0.080341 -0.099489 -0.098524 -0.095268 -0.092381 -0.098007 -0.0873 -0.086258 -0.08423 -0.107656 -0.091307 -0.086042 -0.094471 -0.094305 -0.082265 -0.086197 -0.099519
-0.085225 -0.102912 -0.090602 -0.096102 -0.105535 -0.089608 -0.104229 -0.085663 -0.089712 -0.088824 -0.083537 -0.09985 -0.086689 -0.097042 -0.099109 -0.085691 -0.086362 -0.108197 -0.086537 -0.091668 -0.102248 -0.090137 -0.098858 -0.094662 -0.07805 -0.085904 -0.10084 -0.088327 -0.083999 -0.087591 -0.087871 -0.090286 -0.103848 -0.07772 -0.0996 -0.097837 -0.085927 -0.103583 -0.07961 -0.093882 -0.079346 -0.080189 -0.106902 -0.092484 -0.083751 -0.090341 -0.111862 -0.074119 -0.086932 -0.090327
-0.081429 -0.102869 -0.095831 -0.090173 -0.099951 -0.089343 -0.08851 -0.094041 -0.091832 -0.086533 -0.074279 -0.099944 -0.101457 -0.076102 -0.089818 -0.08792 -0.088358 -0.098921 -0.089758 -0.087377 -0.098985 -0.094639 -0.090808 -0.09585 -0.082161 -0.088229 -0.094718 -0.091302 -0.08458 -0.08725 -0.095485 -0.084216 -0.093736 -0.077175 -0.100175 -0.100313 -0.092926 -0.104973 -0.088924 -0.082363 -0.076671 -0.083209 -0.108412 -0.086535 -0.077669 -0.085002 -0.114316 -0.070657 -0.100523 -0.089184
-0.085536 -0.106607 -0.090695 -0.090549 -0.109397 -0.092862 -0.083507 -0.081648 -0.098115 -0.084996 -0.0736 -0.105541 -0.085063 -0.085576 -0.091297 -0.086562 -0.089134 -0.107668 -0.086031 -0.088481 -0.099083 -0.087395 -0.106281 -0.094718 -0.087413 -0.088696 -0.105172 -0.090683 -0.089274 -0.088379 -0.089265 -0.088458 -0.092582 -0.077928 -0.100474 -0.103504 -0.103395 -0.087543 -0.088351 -0.084254 -0.082096 -0.089607 -0.106331 -0.086267 -0.079107 -0.080149 -0.112383 -0.07735 -0.098819 -0.095767
-0.08171 -0.107654 -0.090618 -0.094896 -0.096812 -0.087791 -0.09252 -0.081146 -0.11306 -0.091364 -0.088229 -0.088466 -0.084057 -0.089926 -0.087312 -0.086315 -0.090714 -0.101086 -0.079353 -0.082796 -0.095721 -0.091457 -0.089113 -0.092295 -0.088539 -0.099111 -0.10408 -0.086767 -0.088683 -0.086813 -0.087589 -0.087129 -0.096887 -0.082325 -0.095965 -0.102982 -0.102196 -0.083374 -0.07981 -0.116422 -0.081246 -0.085741 -0.109341 -0.084248 -0.079957 -0.079927 -0.111753 -0.077363 -0.102262 -0.096748
-0.085524 -0.105263 -0.093584 -0.100864 -0.098191 -0.085193 -0.096837 -0.079825 -0.108213 -0.09757 -0.084064 -0.097091 -0.085253 -0.074163 -0.088679 -0.094453 -0.077652 -0.101758 -0.094299 -0.071656 -0.088777 -0.106791 -0.087059 -0.078085 -0.084559 -0.082041 -0.101587 -0.086848 -0.086508 -0.081955 -0.084723 -0.077639 -0.099552 -0.089764 -0.088642 -0.103144 -0.092553 -0.106989 -0.074417 -0.11671 -0.082945 -0.081942 -0.102175 -0.084886 -0.07279 -0.082786 -0.089604 -0.075763 -0.09755 -0.091398
-0.089639 -0.107906 -0.088902 -0.099842 -0.107982 -0.082141 -0.089329 -0.081604 -0.124279 -0.088705 -0.082688 -0.094922 -0.090183 -0.083419 -0.084824 -0.093424 -0.083242 -0.107377 -0.100957 -0.076695 -0.082005 -0.098234 -0.086804 -0.08058 -0.075259 -0.089483 -0.103499 -0.091631 -0.07961 -0.079754 -0.093434 -0.099949 -0.096325 -0.085041 -0.103427 -0.110068 -0.086504 -0.092171 -0.084606 -0.100147 -0.088252 -0.085129 -0.110772 -0.084135 -0.074496 -0.075147 -0.087961 -0.080529 -0.096232 -0.095475
-0.083551 -0.114945 -0.088873 -0.090601 -0.094071 -0.090837 -0.098813 -0.085259 -0.108872 -0.090319 -0.087208 -0.099207 -0.09416 -0.076352 -0.081171 -0.094469 -0.081118 -0.10314 -0.093503 -0.085433 -0.08554 -0.093682 -0.084996 -0.081234 -0.089502 -0.080868 -0.103872 -0.09382 -0.084083 -0.087291 -0.076889 -0.099141 -0.105044 -0.086032 -0.107267 -0.101182 -0.090069 -0.092993 -0.076941 -0.097605 -0.079469 -0.091051 -0.098332 -0.086045 -0.075921 -0.081915 -0.089642 -0.08509 -0.104424 -0.097594
-0.079539 -0.110769 -0.090299 -0.097676 -0.104463 -0.087779 -0.094172 -0.08532 -0.116798 -0.093629 -0.088993 -0.097721 -0.099167 -0.076697 -0.085057 -0.084646 -0.082794 -0.098024 -0.074314 -0.091915 -0.084217 -0.090558 -0.090635 -0.080236 -0.093433 -0.077221 -0.090076 -0.083136 -0.084014 -0.090743 -0.080702 -0.090555 -0.105328 -0.08521 -0.094833 -0.089519 -0.086812 -0.096012 -0.078017 -0.100229 -0.075133 -0.097172 -0.088413 -0.084207 -0.071381 -0.084498 -0.088686 -0.086173 -0.09455 -0.100398
-0.078432 -0.085169 -0.096388 -0.082273 -0.113089 -0.087517 -0.090154 -0.083717 -0.100585 -0.09684 -0.076722 -0.095486 -0.094697 -0.083127 -0.08596 -0.091637 -0.088603 -0.097027 -0.073605 -0.081562 -0.091596 -0.088046 -0.082329 -0.086097 -0.098018 -0.076163 -0.08359 -0.086102 -0.091254 -0.086361 -0.080096 -0.089821 -0.102616 -0.078929 -0.115972 -0.089534 -0.080655 -0.087569 -0.083347 -0.09068 -0.072529 -0.094349 -0.088243 -0.086281 -0.07511 -0.086663 -0.085641 -0.082454 -0.092459 -0.095611
-0.080492 -0.08073 -0.098914 -0.081482 -0.109241 -0.089888 -0.090874 -0.074004 -0.097333 -0.099184 -0.081061 -0.094212 -0.086589 -0.080687 -0.092086 -0.089313 -0.087638 -0.096858 -0.079832 -0.091123 -0.086714 -0.088841 -0.084139 -0.087 -0.126543 -0.084818 -0.082175 -0.083112 -0.097884 -0.077147 -0.073857 -0.090418 -0.09865 -0.081595 -0.103968 -0.090787 -0.087256 -0.092802 -0.090217 -0.081086 -0.073146 -0.087825 -0.087289 -0.087707 -0.079147 -0.088955 -0.087444 -0.085848 -0.102211 -0.095144
-0.083067 -0.087767 -0.102094 -0.078193 -0.099407 -0.087469 -0.100495 -0.076574 -0.096572 -0.094068 -0.078364 -0.087717 -0.092538 -0.079904 -0.092758 -0.095188 -0.09121 -0.092641 -0.072173 -0.083441 -0.077349 -0.087013 -0.086111 -0.12027 -0.118159 -0.077846 -0.077435 -0.093225 -0.089272 -0.084771 -0.07375 -0.081823 -0.098691 -0.076659 -0.113412 -0.0916 -0.0833 -0.092686 -0.083555 -0.090651 -0.077022 -0.100337 -0.082979 -0.0993 -0.074817 -0.092428 -0.089057 -0.093911 -0.090738 -0.10064
-0.087318 -0.087585 -0.094953 -0.079562 -0.100013 -0.084149 -0.100446 -0.076379 -0.106989 -0.089941 -0.075209 -0.089183 -0.095747 -0.083043 -0.093565 -0.088407 -0.107159 -0.087619 -0.077558 -0.088174 -0.077677 -0.092129 -0.088249 -0.097641 -0.089241 -0.078171 -0.082462 -0.079202 -0.095427 -0.07905 -0.077139 -0.081442 -0.104496 -0.087976 -0.095798 -0.092105 -0.081793 -0.110878 -0.083649 -0.083611 -0.074729 -0.107219 -0.08703 -0.091176 -0.0701 -0.095532 -0.082068 -0.086955 -0.095866 -0.089374
-0.088158 -0.083805 -0.091907 -0.086314 -0.096952 -0.090922 -0.092739 -0.073594 -0.092746 -0.09196 -0.080436 -0.084015 -0.093011 -0.076526 -0.094756 -0.091408 -0.10593 -0.086601 -0.083241 -0.087221 -0.085828 -0.088835 -0.094151 -0.097187 -0.09394 -0.080758 -0.088128 -0.07545 -0.084064 -0.083272 -0.071631 -0.092262 -0.093645 -0.081178 -0.089709 -0.087281 -0.078258 -0.111906 -0.088433 -0.078729 -0.068655 -0.108555 -0.078799 -0.094376 -0.072061 -0.089554 -0.081972 -0.084842 -0.088187 -0.08835
-0.079315 -0.078945 -0.08481 -0.079964 -0.098429 -0.090533 -0.080973 -0.07546 -0.093002 -0.082903 -0.078005 -0.082065 -0.08983 -0.074861 -0.091221 -0.089579 -0.102012 -0.095187 -0.083283 -0.0819 -0.087142 -0.085607 -0.09306 -0.092349 -0.087615 -0.079069 -0.088689 -0.07026 -0.084689 -0.082359 -0.074357 -0.094099 -0.083779 -0.084588 -0.102121 -0.08363 -0.082009 -0.105 -0.084215 -0.076203 -0.072919 -0.102963 -0.089953 -0.090267 -0.068646 -0.101772 -0.090244 -0.077541 -0.090608 -0.101489
-0.075728 -0.083369 -0.093598 -0.073304 -0.097029 -0.086291 -0.081458 -0.082513 -0.089408 -0.081322 -0.081708 -0.09101 -0.09471 -0.073809 -0.090883 -0.086244 -0.102876 -0.104162 -0.0728 -0.080352 -0.083039 -0.084158 -0.087354 -0.081104 -0.097074 -0.078579 -0.089799 -0.072018 -0.079249 -0.07887 -0.079411 -0.078922 -0.092517 -0.084745 -0.103626 -0.079063 -0.080765 -0.086389 -0.087074 -0.071866 -0.073043 -0.097493 -0.086815 -0.092146 -0.071399 -0.088415 -0.088551 -0.084918 -0.088727 -0.102497
-0.069791 -0.083445 -0.089093 -0.077744 -0.091616 -0.081253 -0.087207 -0.082654 -0.083118 -0.079985 -0.085764 -0.087459 -0.083638 -0.067937 -0.096809 -0.083977 -0.10451 -0.107941 -0.070099 -0.077507 -0.092741 -0.081403 -0.078379 -0.086679 -0.092035 -0.079395 -0.090246 -0.088477 -0.076388 -0.077758 -0.075783 -0.094831 -0.092997 -0.079523 -0.088816 -0.083996 -0.085111 -0.092864 -0.074805 -0.074945 -0.079089 -0.089233 -0.103659 -0.09342 -0.078197 -0.089761 -0.08629 -0.089509 -0.087185 -0.090455
-0.074623 -0.078098 -0.087265 -0.073024 -0.095207 -0.083294 -0.083148 -0.07484 -0.079847 -0.096217 -0.075081 -0.083163 -0.078814 -0.068585 -0.089779 -0.085907 -0.099063 -0.099388 -0.073595 -0.076559 -0.083683 -0.090443 -0.081038 -0.084162 -0.08771 -0.084848 -0.08406 -0.070121 -0.072468 -0.089705 -0.078094 -0.095604 -0.090731 -0.093201 -0.084549 -0.083979 -0.081791 -0.096703 -0.084451 -0.075603 -0.080052 -0.089609 -0.080921 -0.091144 -0.081803 -0.094419 -0.087843 -0.091041 -0.088148 -0.086472
-0.081141 -0.086759 -0.077894 -0.069428 -0.098336 -0.09166 -0.079221 -0.085265 -0.082428 -0.088068 -0.082261 -0.084861 -0.080895 -0.079058 -0.086941 -0.080409 -0.0954 -0.09882 -0.077229 -0.074733 -0.08504 -0.091741 -0.081069 -0.091927 -0.089508 -0.086407 -0.081796 -0.082951 -0.069066 -0.07392 -0.077478 -0.085387 -0.091142 -0.083684 -0.086514 -0.07687 -0.081377 -0.089207 -0.076513 -0.072089 -0.08742 -0.088346 -0.082152 -0.097139 -0.087863 -0.096129 -0.091603 -0.08245 -0.089679 -0.08183
-0.078383 -0.085339 -0.07762 -0.070784 -0.091979 -0.09145 -0.080334 -0.091959 -0.076863 -0.089098 -0.075413 -0.08075 -0.081245 -0.077639 -0.086291 -0.085774 -0.106479 -0.094588 -0.078045 -0.077465 -0.080049 -0.09803 -0.078199 -0.075334 -0.091756 -0.087869 -0.091643 -0.096491 -0.066816 -0.082881 -0.073897 -0.082303 -0.086373 -0.079178 -0.081383 -0.075438 -0.074723 -0.095086 -0.078374 -0.077904 -0.080747 -0.089619 -0.076083 -0.082725 -0.091332 -0.097538 -0.08806 -0.082923 -0.087443 -0.089428
-0.079186 -0.088707 -0.075683 -0.075011 -0.087789 -0.081736 -0.084496 -0.080652 -0.070032 -0.090524 -0.077539 -0.079665 -0.084889 -0.083164 -0.07533 -0.083477 -0.101341 -0.093631 -0.075776 -0.075863 -0.072111 -0.089868 -0.076094 -0.077891 -0.088956 -0.087831 -0.095195 -0.098299 -0.071706 -0.088426 -0.077857 -0.096273 -0.08768 -0.073821 -0.082586 -0.078842 -0.080381 -0.098452 -0.079158 -0.078592 -0.086895 -0.088654 -0.075864 -0.091454 -0.086758 -0.100963 -0.086013 -0.081708 -0.090645 -0.084128
-0.078934 -0.092268 -0.069433 -0.07466 -0.083347 -0.087296 -0.088291 -0.074254 -0.07468 -0.100376 -0.074885 -0.089139 -0.095106 -0.077324 -0.08648 -0.081243 -0.097717 -0.093202 -0.069 -0.074853 -0.077124 -0.087665 -0.079349 -0.081085 -0.086916 -0.096166 -0.104429 -0.08554 -0.070366 -0.087329 -0.07495 -0.088275 -0.085271 -0.075913 -0.08185 -0.077757 -0.078758 -0.096057 -0.076571 -0.079575 -0.083071 -0.089036 -0.084807 -0.088697 -0.074594 -0.098982 -0.08962 -0.083084 -0.092974 -0.090653
