               0.1                0.3                0.5               0.7                      1 
 0.753315946790014  0.797854388248803  0.870665487877725  1.00937070592935      0.531688176016921 
 0.763349408836774  0.833161595763467  0.935397471596519  1.08176364029714      0.278764299836146 
 0.771807653029434    0.8542140169116  0.957255983030583  1.09036202423806      0.109975224802991 
 0.779542654520668   0.86797602526564  0.964460136898454  1.10656386204628     0.0186267313427123 
 0.786706767973354  0.884075108126204  0.972470749220261  1.10762379817763   -0.00816360372895405 
 0.793589020983403  0.888132044182896  0.972374765761368  1.12474358950782   -0.00636174117182301 
 0.799340794953551  0.890198471305357  0.972385687294761   1.1342952623456   -0.00102674056351459 
 0.804099197226178  0.895646354081874  0.968026472134763  1.16543057035613  -0.000256517595544048 
 0.809463943345167  0.896165975632561  0.972005321643268  1.17515278386777  -6.74096192780271e-05 
 0.814155199435333  0.894052394849036  0.973483962124062  1.20064938277942   -2.2476102037936e-05 
 0.818047823372829  0.894469523631452  0.972856332922691  1.22008693595747                      0 
 0.821319547193316  0.892835533474633  0.974886262243233  1.23726265912839                      0 
 0.824020417283218  0.887499457445814  0.998048802514487  1.22267426962977                      0 
  0.82725044678357   0.88874867109661  0.991601750391547  1.24135723658478                      0 
 0.829111031285434  0.890038706071563   1.00614439728969  1.26526557938739                      0 
   0.8305015427053  0.886745802957865   1.00143091924622  1.29855459442664                      0 
 0.832676658780464  0.882212662101286   0.99960178742943  1.28142373132468                      0 
 0.834377961899596   0.88415704059513     1.005244486891   1.3050076455303                      0 
 0.834607697816486  0.880861054729941   1.01022479271076  1.31003193139864                      0 
 0.836813303724674  0.881803739709781   1.01847358264285  1.32710159596531                      0 
 0.836536484607422  0.880226455861671   1.02231632458959  1.34667167231603                      0 
 0.837703028040546  0.879649426756875   1.02070604265662   1.3690755395719                      0 
 0.839038679451999   0.88184009178327   1.02240967558927  1.37033193726293                      0 
 0.838961078744116  0.879206738263341   1.03681592369131  1.37668805953586                      0 
 0.839473534738874  0.879106912417931   1.04171427859731  1.37136995113163                      0 
 0.839460136484713  0.876166996531688   1.05347037172125  1.37722028323072                      0 
  0.84003377417512  0.877051960830152   1.05161475474528  1.36697876976077                      0 
  0.84035131039709  0.876540925382572   1.04450654570253  1.38891112860979                      0 
 0.840694479607581   0.87624950510462   1.04077327376409  1.38695812234848                      0 
 0.841066211574064  0.872327175821909   1.03556561835164  1.37926343590916                      0 
 0.839852401769647  0.870722895128196   1.04258694220319  1.39578851354834                      0 
 0.839198093111516  0.870497349518999    1.0402283232779  1.38588698299352                      0 
 0.838293873550371  0.873483770435319   1.06249805748504  1.39318486995841                      0 
 0.837215331680215  0.870256298377134   1.05578823915076  1.38874755539846                      0 
 0.836808389530531  0.872938930594524   1.06632407508123  1.39989472412662                      0 
 0.836097031263108  0.873595619060744   1.06125696607612   1.3755999519876                      0 
 0.835201802234589  0.875820937571938   1.06264406960484  1.37298981552954                      0 
 0.833734901808264   0.87400797088923   1.06421663486748  1.36620244136253                      0 
 0.833082835279985  0.874875409446639   1.05796634180598  1.35546844770425                      0 
 0.831608574940421   0.87154027223155   1.05538127428325   1.3632204169809                      0 
 0.830587300639897  0.872121468077807   1.06511411577673  1.35678163183065                      0 
 0.828985248030514  0.873037226667756    1.0692305142682   1.3431781120187                      0 
  0.82901869519768  0.873234943642223   1.07722545072072  1.34037416652677                      0 
  0.82789527984902  0.874994177701608   1.07231657212032  1.32352615370857                      0 
 0.827437100606608  0.873832305411772    1.0731195639268  1.31336956439732                      0 
  0.82679844790043  0.874048538781794   1.07171513752241  1.32647361771633                      0 
 0.825416220196482  0.873186850716201   1.07771929475874  1.29572390349619                      0 
 0.823665787127828  0.871319279229551   1.07289759260547  1.28727798524357                      0 
 0.823853201943802  0.870778875135129   1.06799133818448  1.28423470056823                      0 
 0.822747926169316  0.873764058971078   1.06962903477782  1.26634807859743                      0 
 0.820068686887343  0.874978618115877   1.07671022212398  1.25322539962362                      0 
 0.820131179233835  0.874670733559405   1.07619731074739  1.23833189010386                      0 
 0.819509932223172  0.876600922455302   1.07593849215224  1.23288127941091                      0 
 0.819272428483408  0.878530826406309    1.0597042758735  1.22726975730673                      0 
 0.817967591722563  0.872881476821364   1.06594706006298  1.22854207325658                      0 
 0.816353318934946  0.870640690622113   1.06564287585171  1.22102476653084                      0 
 0.815493532675978    0.8725455682451   1.07173752596425   1.2263612974065                      0 
 0.814684876716276   0.87500585181943   1.07721244825068   1.2027490337957                      0 
 0.813435441388782  0.874411985325735   1.07150537224527  1.18609898424417                      0 
 0.812851522849869  0.875742421720563   1.07232014637715  1.18696363064747                      0 
 0.811029288886989  0.878659806481888   1.07600858183764  1.17943283882478                      0 
  0.81140093101263  0.874724151258445   1.07643770312147   1.1848681958271                      0 
 0.810250825297223  0.878749740728158   1.06892213822775  1.17146399041826                      0 
 0.809079185080986  0.880602890010736   1.07062225868345   1.1688287838828                      0 
 0.807967622015602  0.879962256273821   1.06363457401321  1.17453650407135                      0 
 0.808191697174667   0.88149166320898    1.0598761582304  1.17010915456006                      0 
 0.807896630759441  0.887222990486483   1.05987377986825    1.173851884402                      0 
 0.807281595599663  0.885850349027232   1.06563074273805  1.15175700470854                      0 
 0.805394575870744  0.880127883102919   1.07220913331778  1.14760895942217                      0 
 0.804340809063128  0.878208382414262   1.07148846596723  1.15519526310396                      0 
 0.803704681177071  0.879473051550017   1.07838785229527  1.15402470731507                      0 
 0.802472020047927  0.877389771519011   1.06563238610672   1.1456411371413                      0 
  0.80223965738742  0.877828955547089   1.07210199111119  1.15474943010021                      0 
 0.800447705721233   0.87979394287697   1.06565613293523   1.1532717648954                      0 
  0.79901388526722  0.878923671109114   1.07191276472502   1.1451687526204                      0 
 0.797429797636099  0.880219601014003   1.06640150192507  1.14849629670852                      0 
 0.798216719350609  0.877875704125822   1.06482778467635  1.12997325408491                      0 
 0.796610301590145  0.876674304209676   1.05927166313084  1.12279556759631                      0 
 0.796449414208907  0.876956065861677   1.06359126221765  1.13919716386704                      0 
 0.796604741674676  0.875544544402269   1.07307099190575   1.1247905486093                      0 
 0.795605042306116  0.881067329839482   1.06326013764167  1.13270878990212                      0 
 0.794896923295579  0.880927885395486   1.05531690150302  1.12890775352159                      0 
 0.794255820410453  0.878188392728781   1.05860347750604  1.13090705279412                      0 
 0.793501282123269  0.878414553344416   1.05999343655318  1.13015130959291                      0 
 0.792289417202138  0.877404794061749   1.05103539828083  1.10990605932757                      0 
 0.791360600216078   0.88017705313698   1.04856000116622  1.12878166986813                      0 
 0.790307942506428  0.881087688566571   1.04998250329978  1.10841713554402                      0 
 0.790422736851269  0.879397276691988   1.04578495642586  1.11062193429827                      0 
  0.78972530734738  0.878303302756678   1.03904454945258   1.1183591747632                      0 
 0.789326449172477  0.876904743908174   1.04861918527993  1.11959758791006                      0 
 0.788527942341542  0.877855523922912   1.04346426929752  1.13889048076265                      0 
 0.788193032946287  0.873899829287432   1.04680492900408  1.13639643393847                      0 
  0.78741322617546  0.879674523950046   1.04527005489655  1.11619835143558                      0 
 0.786921402416193  0.880563350940106   1.03899998889571   1.1242395647796                      0 
 0.786385909923737  0.883310153950119   1.04109795048897  1.11795826491353                      0 
 0.785805223163235  0.881445907885709   1.03572480834774  1.10424252373031                      0 
 0.785589939192718  0.879284013791206   1.02979182485437  1.11171754446425                      0 
 0.784169577094236   0.87679582961141   1.03290788647916   1.1015518929647                      0 
 0.783387283118861  0.877077019075803    1.0390514334519  1.09912279689022                      0 
  0.78233777745793  0.878769840025852   1.03738385162906  1.11291146739834                      0 
 0.781482669681725  0.879916608000292   1.02749979436322  1.08176833410103                      0 
 0.780700967316831  0.878368140479518   1.03290617556771  1.10532314833569                      0 
  0.77863161709142  0.874643681779661   1.03136363382904  1.11594635020054                      0 
 0.777467440723341  0.874412873626038   1.02054762730762   1.1090070845434                      0 
 0.776516729949327  0.873448768554567   1.02734034522814  1.12006238915064                      0 
 0.776088055496295  0.876977499557361   1.02300215442859  1.12355876452836                      0 
 0.775476046592231   0.87422664400975     1.026369284982  1.11914396677639                      0 
 0.776293438106667  0.873289618966536   1.01608097515893  1.11803965668422                      0 
 0.775121600959698  0.875808382943131   1.01782175607164  1.11538287890964                      0 
 0.774443885199746  0.874749379849103   1.02564554567217  1.10984637066463                      0 
 0.774693775841039  0.879883680390433   1.02391474989364  1.11368621925928                      0 
 0.774960887614741   0.87907012994583   1.01380970945177  1.09982404079117                      0 
 0.774101791557562  0.875447180626779   1.02053810873108  1.11620321486387                      0 
 0.773001398025266  0.875790423396443   1.02018722577429  1.11072415523344                      0 
 0.773689825984481  0.871338046799653   1.01402021758082   1.1138805048982                      0 
 0.772247852721621  0.873916720119896   1.00990020032349  1.09582103311341                      0 
 0.770903048201277  0.877010159376213   1.01140039669078   1.1024318167356                      0 
 0.770752856097476  0.879875090474646  0.996553591814161  1.11300629219171                      0 
 0.770693506869321   0.88379671535479   0.99957884191802  1.10891121042414                      0 
 0.771376365625734  0.881269461157669   1.00999492537213  1.10097963534067                      0 
 0.770623210261964  0.880815735584459   1.00359842918927  1.11865126399235                      0 
 0.770636853429077  0.881715556179691  0.997935799121893  1.11219907086727                      0 
 0.769174796504193  0.881938374486177  0.996161627491284  1.11688728551228                      0 
 0.768730140582578  0.876261687811647   1.00015929242194  1.11039877552601                      0 
 0.768100855504445  0.878223180744484   1.00556671190296  1.10027865913236                      0 
