0.1 0.3 0.5 0.7 1
0.00144096804205651 0.00145386166038697 0.00179401207730686 0.0034084998798691 0.00509172055682344
0.00146593493426853 0.00154616675649873 0.00205472481161536 0.00406428584013354 0.00688272697159634
0.00140117689275005 0.00141259154845323 0.00236305595110597 0.00449751753379939 0.00879012765594818
0.00131914067136375 0.001523518668162 0.00218510275728007 0.00313838270842981 0.00990624916743603
0.0012848006881292 0.00155066326213935 0.00213323152768831 0.00408612559389089 0.0105579672463671
0.00133226482994497 0.00168513036360988 0.00199916026912263 0.00348360139827322 0.0120727756617536
0.00136051397416556 0.00172958629118278 0.00257271254797524 0.00357011756503174 0.0117504804109666
0.00137166070568323 0.00168893626079556 0.00260430062557734 0.00428895731775072 0.0124617542718444
0.00138207088991902 0.00170502086211925 0.00246891031896812 0.00446406815839263 0.0152637229515137
0.0013640255689049 0.00172733392272305 0.0021767551292777 0.00354545189431084 0.0131468693015788
0.00133821216606296 0.00164289579581563 0.00242051870617051 0.00384617456159006 0.014019366259923
0.00131551835802619 0.00168393679172324 0.00256990644045067 0.00403926554481729 0.0152828459220466
0.00135756052713365 0.00181755114705569 0.00226050553436916 0.00439461433408304 0.0166525601401511
0.00136908955929521 0.00203590891790505 0.00215884813531182 0.00389036851595544 0.0183783178957866
0.00135418244423239 0.00191825352636345 0.00287612625174838 0.00434010115255153 0.0220946263241755
0.00131908384156778 0.0019718336635796 0.00290554495113428 0.0035996473704535 0.0220668508827979
0.00131151374167407 0.00153889406246534 0.00286249956763783 0.00453115224137298 0.0244112668849004
0.0012862311957146 0.00173225596771631 0.00282535950324992 0.00363357041100005 0.0239932173301594
0.00121915076439319 0.00172817286434756 0.00253222703710715 0.00276573862026738 0.0224271560169508
0.00121726827844113 0.00174655358054377 0.00262489601886772 0.00419389990827069 0.0211821091278397
0.00122822166901365 0.00194200684858458 0.00258855097411234 0.00411272676385616 0.0188899721477217
0.00122797922759975 0.00193252382796704 0.00269080383641606 0.00408495049852703 0.0125814459004534
0.00114874942011933 0.00181102988960201 0.0023804681510348 0.00499013068455529 0.00635590996177418
0.00118379971739447 0.00176657620869302 0.00247798429441119 0.00322039169534329 0.00450887909938333
0.00120827650537 0.00160461231876105 0.00222224865106 0.00353571588581653 0.000940242485631567
0.00124157145389509 0.00178176775038489 0.00244767236936977 0.00411074013803727 0.000265006862744376
0.00125917577045947 0.00164674931039202 0.00215823536300278 0.00330450107442605 3.94929169336668e-05
0.00124347382062435 0.00155160052068746 0.00245151926655077 0.00412422457680271 2.97339312279392e-05
0.0012764226227592 0.00156153565735372 0.0024215389393496 0.00399668616541188 0
0.00134876454691696 0.00147938362293123 0.00259796947135602 0.00377919423554198 0
0.00131661453634518 0.00146740800562935 0.00262283431972029 0.00434358179284973 0
0.00127452084989699 0.00124380052711835 0.002303452895824 0.00422033908802675 0
0.0012748445176636 0.00147865934187388 0.00262951643027802 0.00450178242717945 0
0.00127698107315442 0.00157887219815819 0.00246362998872175 0.00403110630273815 0
0.00124724001799274 0.00150860978020878 0.00245245237277462 0.00432891965571452 0
0.00126785411808877 0.00156984318943585 0.00235377912159303 0.00378478137844146 0
0.00125581114767918 0.00132641475289339 0.00261375494430803 0.00415463708232215 0
0.00122020949736769 0.00127939933238281 0.00257204147446364 0.0044472492058461 0
0.00123314433223644 0.00141383187357514 0.0025830478367143 0.00407935397815358 0
0.00120895561349504 0.00120465000739819 0.0023840848043732 0.00409451724858072 0
0.00120492677751872 0.00148639748493395 0.00273640055082301 0.0048384499299088 0
0.00122557364732085 0.00132164123135543 0.00244011874209188 0.00440418321163288 0
0.00125931648819447 0.0013380418379016 0.00250278627603419 0.0036898576436917 0
0.00129213680688804 0.00140096078845085 0.00233310785194752 0.00368888220801043 0
0.00127637703243199 0.00167982836586775 0.00268885226212179 0.00362022742128238 0
0.0012439049516036 0.00156678628958268 0.00249865801947029 0.00446197405414433 0
0.00117255189701809 0.00151166404888173 0.00261081917769283 0.0040357394879313 0
0.00119389762138457 0.00151834520934432 0.00267134371212426 0.0045332892984914 0
0.00120097122303675 0.00150836474648424 0.00248295056637106 0.00471198897988284 0
0.00116629480150158 0.00143072404098889 0.00268088213540922 0.00454360584666938 0
0.00117525824352123 0.00144176155731668 0.00225562013054252 0.00400670050723706 0
0.00118805925557963 0.00140747930126194 0.00229657397587843 0.00475777589473541 0
0.00118263004097825 0.00129717938234054 0.00265983912841052 0.00349831623243189 0
0.00114866916603446 0.00145567053095081 0.00242494563296763 0.00487452492725809 0
0.0011430908877715 0.00155729758019378 0.00263087083104971 0.00451475224683718 0
0.00113462536982231 0.00166083128184194 0.00229566542558325 0.00430962885602853 0
0.00110682489680845 0.00162591067770057 0.00221202600852086 0.00361610233300938 0
0.00110046420990752 0.00142724643302377 0.00196095716600077 0.00399298197337835 0
0.00107982104033586 0.00131835562162226 0.00216120190784307 0.00437810863461428 0
0.00102361073433965 0.00154709481781231 0.00233453253609365 0.00498991466750029 0
0.00104524136721701 0.00142321948581987 0.00231069021366533 0.00435763528838918 0
0.0010854545425873 0.00162943498177638 0.00242103402355536 0.0040241967883766 0
