               0.1                0.3               0.5               0.7                      1 
  0.77893747290511  0.900688898981627  1.09156011629242  1.43969778143616      0.166553240578129 
 0.814371903269778   1.02070106360812  1.30224119589922  1.73743639354364    -0.0289913090876213 
 0.846828672060713   1.10287434802328  1.40999870531163   1.8783031883457    -0.0146411702563757 
 0.876269724535192   1.16881451720302  1.48912840739878    1.972537421996   -0.00132535151797868 
 0.904932349132063    1.2168500563607  1.52026018517334  1.99024451234155  -3.38879670511537e-05 
 0.930259833860811   1.24282299163214  1.52695359662997  2.04230884841198                      0 
 0.953280572222933   1.26623698172958  1.52717927374531  2.03662625428731                      0 
 0.974467756653134   1.28308308929694  1.56880772117493  2.08232959128088                      0 
 0.993194141959372   1.29737155262318  1.57901936228128  2.17647115367767                      0 
  1.01196610888739   1.30980639905256  1.59256334677933  2.19390105765019                      0 
  1.02874295894233   1.30881094077654  1.60898361212499  2.27140482302343                      0 
  1.04137866102772   1.31656757485428   1.6333222235937  2.33394251336493                      0 
  1.05569305164685   1.31959010711643  1.64451063236167    2.337190644732                      0 
    1.068056118632   1.32250740696247  1.65400259150158  2.40847793882952                      0 
  1.07814215024795   1.32063960753094  1.66393721770719  2.47000647083849                      0 
  1.08667581309112   1.33195968017712  1.67198607586831  2.51714914175601                      0 
  1.09536918995301   1.32841616735883  1.70337815900008  2.53290700414791                      0 
  1.10411662714158   1.33389538706496  1.71071212489906  2.57913488230163                      0 
  1.11074922722214   1.33159589964145    1.730522790773   2.6077286450758                      0 
  1.11785598748876   1.33079525851741  1.74492152787905  2.63033606979689                      0 
  1.12477725825551   1.32867387375602  1.74849874951912  2.67756422246576                      0 
  1.12957776683379   1.32672276240946  1.77736180903926  2.69562090242534                      0 
  1.13334157844073   1.32926218485654  1.78555239058623  2.71201417049475                      0 
  1.13741604211877   1.32631800194217  1.79328878299422  2.74936599967892                      0 
  1.14110093128816   1.33100492752141  1.79782316997078  2.77912986304204                      0 
  1.14575664872704   1.33909789518236  1.81992597854597  2.79309119202487                      0 
  1.14851653771958   1.34882102344404  1.84185288784789  2.76492377869913                      0 
  1.15066917440131   1.35135965649321  1.86479837230461  2.78672899511789                      0 
  1.15372153592596   1.36084272562059  1.86168282993656  2.78030156265882                      0 
   1.1567177111456   1.36196119837107  1.85230890229473   2.7990384234567                      0 
  1.15903928806368   1.36611086965334  1.87370698141719  2.75544732052774                      0 
  1.16078156120638   1.37116984658878  1.86131979369331  2.78117044313677                      0 
  1.16188402332866   1.36621507197644  1.87311808963759  2.76638705328151                      0 
  1.16231936553521   1.36496232257502  1.88855419939867  2.76393142491554                      0 
  1.16348983836984    1.3667637834219  1.86558154147251  2.74764893997953                      0 
   1.1651309602457   1.37365623659521  1.86676456293408  2.72192729631733                      0 
  1.16469685465284   1.37781227077756  1.89148899037801  2.65284069648867                      0 
  1.16306610406021   1.38085029385352  1.89894303359509  2.65274943517964                      0 
  1.16508900265317   1.38278197549088  1.90577415236353  2.61372515417966                      0 
  1.16500671831957   1.37666083657263  1.93077644385342  2.58085768258423                      0 
  1.16431494137371   1.38094684543541  1.93647130153654  2.51954718297173                      0 
  1.16260216394504   1.38326917737038  1.93066371916208  2.49386872577953                      0 
  1.16385158915969    1.3899274024258  1.92791626702258  2.46256753933171                      0 
  1.16606674648424   1.39046414684144   1.9048229046441  2.40132138490541                      0 
  1.16419155315762   1.38963746069209  1.90219246255093  2.33861344794172                      0 
  1.16341231434167   1.38965590463809  1.91282354573681  2.31481640706154                      0 
  1.16049082114734   1.38870816375597  1.93171563560343   2.2926439414291                      0 
  1.15926241609615   1.39171103337887  1.92382483092364  2.29929537515224                      0 
  1.15979653196924   1.39577179439801  1.92415805448755  2.31147877684674                      0 
  1.15972614796341   1.39708981471313   1.9337042332453  2.28101794022023                      0 
  1.15981776427967   1.39229292836771  1.92629787401918  2.25797531822691                      0 
  1.15984678472866   1.40172965018005  1.90470972584496  2.19128961000874                      0 
  1.16078821678069   1.39437193046946  1.91439010644834  2.17189192979516                      0 
  1.16045772691047   1.39505327450015  1.90396226350899  2.14190330928631                      0 
  1.15926558199142    1.4033131766759  1.89362551520279   2.1563851213219                      0 
  1.15971736476187   1.40870348103912  1.88583389909762  2.15084736159668                      0 
  1.15865049391392   1.40290897009611  1.87747765982038  2.14471748121747                      0 
  1.15901882527184   1.40808369455632  1.87636465502027  2.15684446719461                      0 
  1.15934321864186   1.41099314533651   1.8629187224652  2.12922244536646                      0 
  1.15771779779656   1.40940693493114  1.86200984724845  2.09818996429128                      0 
  1.15616547030535   1.41419018646818  1.84591605829728  2.05990525705209                      0 
   1.1548486511047   1.42079153450022  1.81845356161769  2.08747819140069                      0 
  1.15520563903068   1.42544776099585  1.82862694234925  2.10003006977881                      0 
  1.15455957260192   1.42637044301534  1.83390348477305  2.06300335542288                      0 
  1.15319970185487    1.4181487623908   1.8103172219178  2.05435758596883                      0 
   1.1532051051428   1.42214746882062  1.81481552906755  2.04769513562362                      0 
  1.15074600893137   1.42496170058643  1.79432463583885  2.06250472993775                      0 
  1.14969678215866   1.42242647903521   1.8083329398439  2.02390200371438                      0 
  1.14661681606419   1.42859115629836   1.7884914006161  2.00840894826054                      0 
  1.14454752018795   1.42028564769447  1.77449749796419  2.02546440262704                      0 
  1.14520442639267   1.42363268884167  1.76451386949635  2.02055874828141                      0 
  1.14438275231028   1.42620798412709  1.74582301456059  1.97884214696677                      0 
  1.14203843175035   1.43440586701417    1.720557078281  2.02781061775955                      0 
  1.14066412156382   1.42461861019159   1.7222789169144  1.99503564803379                      0 
  1.14180307744348   1.41968015320754  1.71409745890522  1.97893368722867                      0 
  1.14096565277446   1.41886064592166  1.70561591187997  1.94378541523894                      0 
  1.14045119559963   1.42491764201229  1.69915895731953  1.99309514281093                      0 
   1.1409553786478   1.42384359245174  1.69765535622696  1.99666493600643                      0 
  1.14025590457685   1.42644144097791  1.71361375904088  2.00253229276517                      0 
   1.1392290133497   1.43284366616711  1.69911034374586  2.00364101887452                      0 
  1.13784694969212   1.42406383535152  1.68530674396765  2.00531399890591                      0 
  1.13840963472012   1.42156129077058  1.68037158011787  1.99430505920004                      0 
  1.13782785930673   1.42828150370711  1.67693958211613   2.0012225627531                      0 
  1.13878048969722   1.43268997775923  1.68723057939647  1.96806324530521                      0 
   1.1386391652843   1.43833030061163  1.67529531822173  1.98384972243358                      0 
  1.13860543431659   1.42926446589867   1.6604202790184  1.98304113984883                      0 
   1.1386138411852   1.43478685178932  1.65320128775754  1.98631278697655                      0 
  1.13862019273791   1.43538946311057  1.63860851040608  2.01852140497876                      0 
  1.13906175880304   1.43419138391487   1.6349431152372  1.99640302095071                      0 
  1.13813361830055   1.43682352248585   1.6283383271657  1.99231987272666                      0 
  1.13826693347053   1.43736362305548   1.6241922099665  2.01521706907927                      0 
  1.13783754483497   1.43297469575149  1.61003711737931   2.0144074348655                      0 
  1.13634341595089   1.43146282191916  1.60994963050616  1.98916412835311                      0 
  1.13550582577179   1.42437620078887  1.60844734135109  1.98821293606986                      0 
  1.13558574834008   1.42266023828373  1.61198326706342  1.97663525694778                      0 
   1.1351336549631   1.42326855513887  1.61040715508622  2.00066792142433                      0 
  1.13486102236204   1.42653956682195  1.58617788403856  2.02553456547171                      0 
  1.13281425396786   1.43474468262926  1.60885862868822  1.97513648592425                      0 
  1.13261399448253   1.43306091269899    1.605772536217  1.95411022287982                      0 
  1.13272034516194   1.43110974931774  1.60587473715289  1.97626217472249                      0 
   1.1318899340921   1.42652717174312  1.61360109625857  1.96804845336597                      0 
  1.13087917047787    1.4283036034635  1.59318239501889  1.96099072285983                      0 
  1.13107605896354   1.43047154129795  1.59667010648455  1.97173277242765                      0 
  1.13169435699892   1.43780699359246  1.59755912472928  1.98194080423258                      0 
  1.13260815910044    1.4351284563639  1.55053932450695   2.0203617054064                      0 
  1.13184493173482   1.43811547727362  1.55994263937612  2.01561718932142                      0 
   1.1303703454831   1.42985049712347  1.56189841866359  1.96004265342575                      0 
   1.1302672322585   1.43156715329056  1.55632945473557  1.96425699243753                      0 
  1.12960609602577   1.44213601541893  1.55440332191375   1.9283965779776                      0 
  1.13004158296191   1.44231794638844  1.57265243056716  1.96047485248847                      0 
  1.12952566891746   1.44210404853374  1.58160058873147  1.97757985146072                      0 
  1.12722579617785   1.44687575862363  1.58444644691977  1.94996255079365                      0 
  1.12743177382325   1.44578703607998   1.5954704193618  1.97554331527258                      0 
  1.12769654107897    1.4392944173484  1.58350110721952  1.96200856837655                      0 
  1.12781791884214   1.43823167182054   1.5648799460489  1.99090203091062                      0 
  1.12864200744122   1.43625723300352  1.56779413713092  1.96054585746865                      0 
  1.13006272505319   1.44209595747657  1.54597460824872  1.98946394151902                      0 
  1.13024456361757   1.43369361888498  1.55883875241981  1.99891105324296                      0 
   1.1305549546661   1.43913677831391  1.57647425629331  1.99863106405534                      0 
  1.13084999175152   1.43552789830254  1.58325740967382  2.01514310269838                      0 
  1.12966919853368   1.44147163628995  1.58437581943669  1.99360460153033                      0 
  1.12846217748413   1.43207047706694  1.58955150542598  2.00616745873019                      0 
   1.1276998751907    1.4315727065163  1.57878398742793  1.96804330259171                      0 
  1.12828349196997   1.43159043126225  1.57291756580019  1.96907544453385                      0 
  1.12803370805293   1.43573412528453   1.5744303248306   1.9862509307561                      0 
  1.12720455700396   1.42594173936816   1.5655790271506   1.9759660198609                      0 
  1.12648050486398   1.42234544224522  1.55680593171651  1.99806382361686                      0 
  1.12579801025939   1.42447556723516  1.55948065072614  1.97174942367176                      0 
  1.12586372591717   1.41568361389522  1.55029406491598  1.96449244452387                      0 
   1.1255634451487   1.41883121123714  1.54845512246599  1.95258448318393                      0 
  1.12464042766395   1.42976464506077  1.55656371129227  1.97104129311905                      0 
  1.12326155080582    1.4366299706147  1.55817816910855  1.95955675573631                      0 
  1.12234156928288   1.43157425039895  1.55201693934007   1.9473319552474                      0 
  1.12130774678827   1.43287803759086   1.5686577523614  1.97791241355622                      0 
  1.12113673627234   1.43598096997092  1.56115203453423  1.95988864234265                      0 
  1.12037523798528   1.42882558354522  1.54561565157766  1.96480337264468                      0 
   1.1210185675348   1.42895091261175  1.57030300687428  1.96953391884328                      0 
  1.12214536009097   1.42303653729501  1.55367836292061   1.9724638265291                      0 
  1.12196018384178   1.42475986714507  1.56321799514393  1.96577743551979                      0 
  1.12268933924574   1.42131856347547  1.56768920118747  1.96102832591777                      0 
  1.12222188038464   1.42616628286905  1.53776241897772  1.93447188887231                      0 
  1.12313313757557   1.42195002865807  1.56210141345227  1.95066891967205                      0 
   1.1236712748091   1.42428740858464  1.54790224051139  1.98207999395984                      0 
  1.12242675777256   1.42186783622985  1.54815572937055  1.97800336297821                      0 
  1.12318584076295   1.42522941547977  1.55276697423153  1.98409295424711                      0 
  1.12386588222675   1.41518173505401  1.55463137798038  1.94501227109153                      0 
  1.12338005620135    1.4148318892597  1.55730585647675  2.00463740309931                      0 
  1.12355875851321   1.41785867326237  1.55227173690706  2.01340793804417                      0 
  1.12413459974154   1.41633532795944  1.54035368807492  2.02786153793286                      0 
  1.12365217357247   1.41940475961932  1.52993177771001  2.01895614754758                      0 
  1.12280146319368   1.41476754626647  1.55132855296445   2.0174789120472                      0 
   1.1235465752677   1.41038995401518  1.55207288027328  2.00314332040198                      0 
  1.12379155352196   1.40677679848733  1.53999054312129  1.98709700241476                      0 
  1.12308272055694   1.40133302659194  1.54651792020911  1.98457844750843                      0 
  1.12435247840064   1.40511121018577  1.54109933917503  2.00070491887208                      0 
  1.12389112818629   1.40945578462884  1.55805840040617  2.00669864903939                      0 
  1.12294227556056   1.40474072685923  1.55566608458528  2.00840567736773                      0 
   1.1224984473878   1.39449123949827  1.55579916118223  2.00497980118705                      0 
  1.11989385158476    1.4013062028182  1.55019878907996  2.01110824798164                      0 
  1.12034722131166   1.39725095090451  1.55291770827628  1.99198257511746                      0 
  1.12025457133409   1.39297211583961  1.53934087909863  1.99439320807653                      0 
  1.12151985231073   1.39536466652236  1.54546394616958  1.98896619317965                      0 
  1.12047576785594   1.39521366438452  1.56690926254569  1.97456878371325                      0 
   1.1194517411555   1.39443847569774  1.53507792508037   1.9422437929489                      0 
  1.12068327240372   1.40485916152224  1.53751889349506  1.99261973759164                      0 
  1.11906242418283   1.40239595990447  1.55349563316837   2.0029825680803                      0 
  1.11848785023647   1.40033689126971  1.54386654126582  1.97077135177135                      0 
  1.11860903186513   1.39530851594314  1.53749758402784  1.96072318693274                      0 
  1.11680720036618   1.39363526394707  1.54066875847938  2.00835691343954                      0 
  1.11562787323207   1.38802589951732  1.56467517916657  2.00349809897817                      0 
  1.11665927479341   1.38661600723762  1.53233880251202  1.99150931885497                      0 
  1.11643991475399   1.39474975457146  1.54574085328355  1.97947953801426                      0 
  1.11636404873401   1.38970827542139  1.54257377112771  2.00681058616385                      0 
  1.11674134672377   1.39735896893549  1.55194220338267  1.95916978886917                      0 
  1.11813306591959   1.38859264474058  1.55776305728063  1.95914172888049                      0 
  1.11818082079757   1.38491167048584  1.57082296152185  1.95721465121578                      0 
  1.11823627553797   1.38428523499783  1.56928609965018  1.96094118016597                      0 
  1.11711160585384    1.3783086809412  1.55273341740466  1.99592304310957                      0 
   1.1152735080303   1.38612663731106  1.54061446042233  1.98430986518814                      0 
  1.11528822481944   1.37675372683732  1.52380822061796  1.97775458339798                      0 
  1.11583226047217   1.38159841345674  1.52611225419741  1.96351840838847                      0 
  1.11468440645091   1.38107981516571  1.54131030336329  1.95928776670893                      0 
  1.11404727466989    1.3719730747349  1.54811690433848  1.95692881077988                      0 
    1.114866358034   1.37103318673792  1.53691702520213  1.93735408835699                      0 
    1.114411644424   1.37529624351187  1.54160950492331   1.9361457842847                      0 
   1.1135075918955   1.37798092299823  1.53345311695656  1.95461796194758                      0 
  1.11322604187374   1.36633046998289  1.53880890693043  1.93962592057172                      0 
  1.11338075222838   1.36424852091295  1.54795426208144  1.94018446387908                      0 
  1.11227515760144   1.36230764109378  1.56652945690088  1.94783701224332                      0 
  1.11101963102568   1.36470112537207  1.55032566101051  1.94052633251555                      0 
  1.11221152339194   1.35479628149058  1.55874485324752  1.94427580590261                      0 
   1.1130424212286   1.36201259308239  1.54745681400161  1.96519060217374                      0 
  1.11317815270726   1.36254498368402  1.55751232948946  1.94646051957704                      0 
  1.11442190264687   1.36987699531971  1.55862381394016  1.94816211534472                      0 
  1.11533353342901   1.37151206125694  1.54300547637642  1.98163358125451                      0 
  1.11611753887406   1.37003484562232  1.53493667155787   1.9980789017396                      0 
   1.1161978332689   1.37187843042889  1.54141060605588  1.99118357805303                      0 
  1.11559887472799   1.36299933648467  1.52859402788941  1.97186348562126                      0 
   1.1153070647434    1.3639928027546  1.53720851450552  1.96011932727673                      0 
  1.11659600629449   1.36342254912264  1.55559978453909  1.96698394861122                      0 
  1.11853577217763   1.35670419776981  1.56806643407571  1.94694540585897                      0 
  1.11796187016603   1.35694954190114  1.52192842942674  1.98649172987271                      0 
   1.1173975881142    1.3507082385584  1.53147838037322  1.92946192142924                      0 
  1.11863885148862   1.36001297165975  1.53000594831063   1.9500548389062                      0 
  1.11768019441667   1.35889444613573  1.55067654628424   1.9749973520786                      0 
  1.11872499996449   1.35729161782606  1.55096497189339  1.96282197767919                      0 
  1.11720445346359   1.35303147650687  1.54343293756863  1.96120132952871                      0 
  1.11698244317986   1.35174436464563  1.53662531804106    1.961698119038                      0 
  1.11584517055239   1.35647576601461  1.53183978495263  1.96708351199564                      0 
  1.11531746738296   1.35576907517597  1.53901275714607  1.95122251715653                      0 
  1.11638569941543   1.34926553896787  1.53228988214135  1.97260624206464                      0 
  1.11569531040134   1.35927720130855  1.54136802611242  1.95186952202488                      0 
  1.11620492895851   1.35632041635374  1.54789580399083  1.97749292595305                      0 
  1.11737341833416   1.35115707491092  1.53885425865702  1.98887038035354                      0 
  1.11539649479421   1.35284410032685  1.53206769542085  1.99525631285691                      0 
  1.11585016387858   1.35902369008433  1.53429995252607  1.95741132864929                      0 
  1.11604678258643   1.35289957736816  1.52567674450445  1.96091169632326                      0 
  1.11554784879704   1.35094418562781  1.52445320395402  1.95493330729549                      0 
  1.11367895774719    1.3479921706748  1.53175052682532  2.02981387109623                      0 
  1.11284620838749   1.34368439784559  1.54081752537141  1.99992860188448                      0 
  1.11346605518279   1.35510062239613  1.54687850097497  1.98786977464199                      0 
  1.11283555708358   1.35843709543285  1.53718703664875  1.96614490833061                      0 
  1.11156594893196   1.35331172087431   1.5489541535233  1.97887127633038                      0 
  1.11128847547997   1.35380031593854  1.52795041744755  1.98731360496838                      0 
  1.10977552741006   1.34523241004064  1.54519016352957  1.99752099109232                      0 
  1.10995659638451     1.349774809397  1.53716181595438   1.9582729458635                      0 
   1.1103791428624   1.35419004106335  1.55092039851351  1.99072984197711                      0 
  1.11093072145833   1.35641461625192  1.54709929544348    1.990872945777                      0 
  1.10968226980005   1.35034747246204  1.54674332599798  1.98862788002821                      0 
  1.10943994237353   1.34912136269848  1.55634716905883  1.98251722509098                      0 
  1.11005190674756   1.35128544163223  1.55015934307068  2.00056485901858                      0 
  1.11093535758919   1.35187563314452  1.54556744513952  1.95547713723075                      0 
  1.11099351606895   1.33936117311442  1.53526828871167  1.98712025898425                      0 
  1.11214596020583   1.34492578043071   1.5568884711858  2.01191305517784                      0 
  1.11273873874564   1.34304725594082  1.56026978325627  1.97312732201581                      0 
  1.11301894958725   1.34939138066728  1.54877089800417  1.99239716662036                      0 
  1.11166184000293   1.35248359163353  1.54023373967571  1.96552957228437                      0 
  1.11007505804118   1.34251250155091  1.54454440317069  1.97601360535849                      0 
  1.11217642476101   1.33779188024866  1.52795796300843  1.99370098747742                      0 
  1.11141047950845   1.33559107529054  1.54219050629287  1.98929033446879                      0 
  1.11241471021261   1.33860800072164  1.52677317096617  1.95748697484702                      0 
   1.1130580026959   1.33588637120836  1.53676983814126  1.95339158816355                      0 
  1.11403498956348   1.34170210341429  1.54345066043031  1.97235813026952                      0 
  1.11500348670779   1.34913633860671  1.54269125300323  1.95180539283793                      0 
  1.11215626553737   1.34405507438163  1.53587073367766  1.96873851062016                      0 
   1.1116824302194   1.34166503808595  1.54028400234655   1.9817435734411                      0 
   1.1116651501193   1.33139924028532  1.54908547074821  1.98469034460918                      0 
  1.11120321474035   1.33652196132019  1.54996486987493  1.99752412320147                      0 
  1.11030912489325   1.33074196077092    1.544928048476   1.9734622712995                      0 
  1.10924134019314   1.32970756739095  1.55109545982907  1.96424152831321                      0 
