0.1 0.3 0.5 0.7
0.00123714300866345 0.0013255781377831 0.00117080264591528 0.00114652896683345
0.00120910519478639 0.00134607413757827 0.00123609410855198 0.00135917601090565
0.00117818834526181 0.00133546174709292 0.00118858432062342 0.0012517865502158
0.00116948759621915 0.00135392741909052 0.0013837028265799 0.0012323770932961
0.00115055634150946 0.00131416907173727 0.00125012218361468 0.00127391815113663
0.00115998209768765 0.00128931733293489 0.00122247172557536 0.00125197870504244
0.00114119352069627 0.00129227695571386 0.00121189744924089 0.0012772459833736
0.00113094369299608 0.0012877924159494 0.00108266857206604 0.00121765196602672
0.00114240288782737 0.00131269448513084 0.00104416506586893 0.00127793967458914
0.0011347833085751 0.00130204214644431 0.00115481649203157 0.00122808857937467
0.00112486359272167 0.0013385392925334 0.00114926274066054 0.00131529707921787
0.00111972847938678 0.00128907454918053 0.00113659442331465 0.00126692688398372
0.00111491886188438 0.00128746702862147 0.00100513961431805 0.00124424615647184
0.00110966728491955 0.00129583542808014 0.00113396142387052 0.00113586685891723
0.00110881145751317 0.00128083348456103 0.00107650301990877 0.0013177838728036
0.00111225247992666 0.00127397918243598 0.00112232545752053 0.00115493567957665
0.00111401371763912 0.00124896791442162 0.00111069426116927 0.001151165805598
0.00111230389532692 0.00124648200625026 0.00117590596444561 0.00132485734071921
0.00111383506242895 0.00123471554327268 0.00114779912049929 0.00117326185612266
0.00111356488815558 0.00118371348977328 0.00107948596007321 0.00113625225428633
0.00111535608740181 0.00120246220920843 0.00102735315013685 0.00124038807363987
0.00111405041354907 0.00120352931479572 0.00101402133209905 0.00120548665450329
0.00110824628109077 0.00122409727479388 0.00108170973167814 0.00108623411082933
0.0011106123354213 0.00119285246533548 0.000996720734772236 0.00135178302308476
0.0010984119575526 0.00121132076099616 0.00084080201147221 0.00121130097728935
