0.1 0.3 0.5 0.7 1
0.00158725365700936 0.00234347521356613 0.00519666029083348 0.0108381141639677 0.00519867033916608
0.00170674499962456 0.00376420383105606 0.00793517348694227 0.0137282706785034 0.00144033928261528
0.0018142075088874 0.00412515681000894 0.0101685417232798 0.0165485236169353 0.000760350878018282
0.00179860065078163 0.0047598740708581 0.0103788533724946 0.0186317852398532 0.000272003001661735
0.00178219019054784 0.00422923829753279 0.0122198690831327 0.0209043059893183 3.38879670511537e-05
0.0017857970785052 0.00525789686088801 0.0114270304867202 0.018332524363502 0
0.00177906019864806 0.00468120674372524 0.0113162851565544 0.0180516558233057 0
0.00204878733399399 0.00519567344949462 0.0116318672614562 0.0232907242043027 0
0.00225937914404708 0.00548588308032358 0.0125031635627431 0.0230436782425237 0
0.00223847162960731 0.00537388361239753 0.0140499959529703 0.022862268157027 0
0.00211783435392194 0.00616452438048922 0.0115215055542852 0.0234464701969231 0
0.00209054184768442 0.0063713461838636 0.0120588316081936 0.0181267513008529 0
0.00224852425908794 0.00622424765074963 0.0137693333218244 0.0191824235134681 0
0.00247955899768186 0.00545720218316644 0.0123829647686019 0.0191456841597556 0
0.00230214212055838 0.00608644161660592 0.0105407784161895 0.0248495252255997 0
0.00240232982092435 0.00603781562778104 0.0111562064352599 0.0250154553647926 0
0.00234959448737312 0.00552863673527588 0.0112949001700167 0.021874115461641 0
0.00241417931354609 0.00633740587913886 0.0133583973894071 0.0207279702939583 0
0.00243390684545237 0.00532932947187115 0.0140006947100878 0.0220142224189166 0
0.00236286658248659 0.00557434066783517 0.0125042073396801 0.0216896654614131 0
0.00231243690694971 0.00496272806401469 0.0121212941511971 0.0217035674950603 0
0.00225938802527767 0.00531573009176889 0.0103274929791394 0.0215401542657936 0
0.00237233191989093 0.00566345985154793 0.0118491109283403 0.0238417747696618 0
0.00241239797505009 0.00550762242703221 0.0116087129833599 0.0231015402516688 0
0.00234148937289757 0.00586487366956154 0.0113920293492037 0.0227618104160555 0
0.00254769086115787 0.00524405182215604 0.0113943440139198 0.0289166913882964 0
0.00233149625647511 0.00655847256543401 0.00993077042953801 0.0243732956494274 0
0.00221050356753061 0.00659142798548533 0.0117263880634797 0.0244922690261297 0
0.00214573722057486 0.00696527874791555 0.0114062013378175 0.0256359504667436 0
0.00212577207796261 0.00559318481602566 0.0113787286842333 0.0282795538566727 0
0.0022935163979312 0.00516525635100693 0.0127858116363082 0.0285042058994399 0
0.002537480405645 0.00510684926593929 0.0129634412661919 0.0293839411535126 0
0.00236886032204095 0.00556688206203071 0.0115160312142626 0.0289262717955306 0
0.00211600851172939 0.00639021230778741 0.0128807327811296 0.0296969742565884 0
0.00219791727109726 0.00679684519517346 0.0113170567256451 0.0319550941625822 0
0.00241216847800706 0.00618503170277926 0.0119322462924548 0.0255104915896812 0
0.00222671403576497 0.00555862506882162 0.0108957969179447 0.0356618699910026 0
0.00214979902272906 0.00593946455092046 0.0128847067746438 0.0370312170153612 0
0.00219900414824062 0.00635416115430731 0.0111436551355965 0.0355558052717114 0
0.00210877576065118 0.00518216811975592 0.0144823279033206 0.0411182721322022 0
0.00213851285395502 0.00595093336808822 0.0143027632443979 0.0402430216870111 0
0.00201032424276009 0.00565242785771951 0.0125446280518183 0.0427794608920337 0
0.00221907956663163 0.00501673650646793 0.0139315460464544 0.0414079899914268 0
0.00230740097150645 0.0059845204919214 0.0137265971794743 0.0447263937015344 0
0.00258267956304392 0.00523924745313395 0.012724172696084 0.0421035846318927 0
0.00242049686432692 0.00645860875155084 0.0117421842240066 0.0434401945559867 0
0.00231605801828681 0.0061386560689949 0.0131435461639191 0.0400426424232717 0
0.00235339929257128 0.00700510171386865 0.0120508878650737 0.0402175778066863 0
0.0023281702925804 0.00552358809448044 0.0137366862042205 0.042164989685794 0
0.00237580527338448 0.00498303256009073 0.0121906852141623 0.0423649094715921 0
0.00223055361984633 0.00571300741226574 0.0121117571604485 0.0415284906465563 0
0.00235288519178729 0.00544767734434471 0.0126796261797834 0.0373557761802734 0
0.00208570737360482 0.00669671758890052 0.0131583057140913 0.0390169813324173 0
0.00203587303759068 0.00691334625441661 0.0116405063127833 0.0372922058771038 0
0.00208805604440889 0.00519211049827601 0.0137306876909702 0.0334850936379719 0
0.00218500361161915 0.00530407107377716 0.0122235030594343 0.0324101512838382 0
0.0020203080770947 0.00590629073495985 0.0151624180496501 0.0326275753666553 0
0.00240184834927756 0.00585192786285568 0.0139796068277043 0.0343661574941737 0
0.0022765219329419 0.00605914791088324 0.0158013285767636 0.0332502778528935 0
0.00225003506234491 0.00682875960524268 0.0164119553572293 0.0270330150281964 0
0.00241380603808685 0.00665542379499625 0.0143147816628744 0.0293733198916328 0
0.00225292074579174 0.00590808067345964 0.0153123112537294 0.0305264517178634 0
0.0022859485467624 0.00711741681506176 0.013951561875948 0.0309079844366452 0
0.00217879116298817 0.0072705454322499 0.0141458555041923 0.0278669617298418 0
0.00211089244346746 0.00590529362213194 0.0179907420263816 0.0321738279572741 0
0.00220783915669791 0.00624973498015023 0.0198395598020634 0.0283027673254382 0
0.00208957657540613 0.00578321349645008 0.0180378222067295 0.0240440586010157 0
0.00235992266745467 0.00541425817217326 0.0168221651271469 0.0229607569709402 0
0.00236856941101229 0.00665755656352298 0.0163920307880851 0.0280062235834781 0
0.00232581619542385 0.00665537885021489 0.017607037572497 0.024879606502028 0
0.00227925788218302 0.00630288237918043 0.0191665175755198 0.0259094924721812 0
0.00233670368769901 0.00516069148905013 0.0167393672640272 0.0253112830701913 0
0.00238292733043809 0.00580577506900826 0.0173344428063577 0.0283161845431017 0
0.00232847623562795 0.00576782639605751 0.0167165818139348 0.0271445217310781 0
0.00250419044233144 0.00616178530530653 0.0183898041276794 0.0260157242411068 0
0.00234904405977563 0.00556889722735576 0.0185675086278328 0.0254258302671069 0
0.00226564328876742 0.00559338835428075 0.0191877735852009 0.0303706715080101 0
0.00233185547473628 0.00585957461817853 0.0176515879594631 0.0236820410032982 0
0.00234450522965672 0.00568268921731716 0.0186736346643812 0.0216309247001457 0
0.00249800538646104 0.00664093295651326 0.018058856880241 0.0274321691710093 0
0.00236787686847571 0.00566513103005771 0.0183667638642708 0.0216701962793929 0
0.00230702886992308 0.00523213885731368 0.0136004916099594 0.0239714853528521 0
0.00234707090466002 0.00547011571648171 0.0150976294765572 0.0223244784775027 0
0.00241010331361432 0.0042239282266689 0.0168673891731374 0.021451587724455 0
0.002259357072101 0.00639222032058108 0.0167582243442611 0.0235934766414348 0
0.00225407668291903 0.00684116586794591 0.0160912024653944 0.0225805798126819 0
0.00234714957834171 0.00643881294313488 0.0171074202877492 0.0247110846333167 0
0.00251557483304841 0.00547083562819618 0.0164440931086755 0.0238269279082616 0
0.00248985732887928 0.00584417057345203 0.014737071944572 0.0278284684831442 0
0.00243471185890513 0.00576445494758924 0.0168022253270151 0.0229780537854173 0
0.00259578092576915 0.00597884275040263 0.0140110437888604 0.0229620449229955 0
0.00262945684290828 0.00582909285165067 0.0154961455713252 0.0212856664006675 0
0.00241110543001435 0.00603174306431903 0.0159392981807981 0.0219299129765282 0
0.00231853366671177 0.00544618165239859 0.0165160143061911 0.0220890137522845 0
0.00229804566045601 0.00691413177306763 0.017392127883182 0.0219378731034255 0
0.00219600050726382 0.00703951299473025 0.0159924823424174 0.0207091538032008 0
0.00215290340780111 0.00746586060871692 0.0167795150536481 0.023758834163093 0
0.00212110102637517 0.00639788285889824 0.0152875178922099 0.0199754838421431 0
0.00225277815222984 0.00694950874784904 0.0139112668803092 0.0222656787255649 0
0.00230374353296149 0.00641611781461915 0.0147398696323532 0.0211515940486634 0
0.00244474485630069 0.00593974964974367 0.0144835518625967 0.0187759250999165 0
0.00223899647100347 0.00660814782630975 0.0132845001015467 0.021358014587595 0
0.00208535633124855 0.00599172521583799 0.0162831850110677 0.0251197933985059 0
0.00209317308760512 0.00676415268383439 0.0168244394282685 0.0228163733099414 0
0.00203319413213201 0.00714673066149619 0.0143367410651736 0.0239799511205214 0
0.00225363759264876 0.00701566028797001 0.016095537148847 0.0215476051534263 0
0.00230226454415989 0.00637443302623581 0.0132542849343249 0.0247728182360308 0
0.00226386620333407 0.00593341604893038 0.0129917000281232 0.0227085847735336 0
0.0023585774793816 0.0061741688024457 0.0123049833788439 0.0228518861455076 0
0.00236279439739737 0.00655750576949092 0.0113572116078726 0.0190012155538789 0
0.00231126760020963 0.00614898717743863 0.0131656939568082 0.0204734997677711 0
0.0023355097825453 0.00745612058549475 0.0142216048289246 0.01993084892877 0
0.00232300434891859 0.00672852290784649 0.013178197268523 0.0276107680040581 0
0.00243130817481805 0.0073759713503489 0.0111018095111876 0.0277081566778188 0
0.0025322029359939 0.00653943507099609 0.0117128267785419 0.0245981202337612 0
0.00263779125012379 0.00690153627751141 0.0115518521516685 0.0192339865032866 0
0.00248981210797118 0.00672853870416762 0.012298661858953 0.025817184866439 0
0.00229567236135622 0.00697190453087564 0.0130068064442607 0.0243747887276936 0
0.00230964802444042 0.00733467413291973 0.0119683860074225 0.0233015520513275 0
0.00220348685047577 0.006552973739907 0.0117603799981238 0.024391361748981 0
0.00222524179151838 0.00695695975375524 0.0141389689836078 0.0229841841071431 0
0.00223351998954214 0.0063181876735454 0.0136950324057915 0.0225141093486174 0
0.00217344906560647 0.00543538926435789 0.01427882462809 0.0241634384776303 0
0.00236941530917255 0.00516568653197277 0.0153818955555924 0.0260939707301251 0
0.00242615217056918 0.00581904098810279 0.0152586421514054 0.0228033885795066 0
0.0023002484048683 0.00593912740204613 0.011763945903096 0.021917061584079 0
0.00219266435424889 0.00601687846394723 0.0116863172808393 0.0246244735555949 0
0.00245786324721256 0.00622084745839554 0.0131734836821849 0.0214931703150491 0
0.0023958929061403 0.00546071644409546 0.0130353956319781 0.0246506267474441 0
0.00239000430653153 0.00662230364391301 0.0125744785164482 0.0229202504507244 0
0.00248785878212401 0.00741557260941053 0.0121043647926563 0.0210287435185198 0
0.00238493466149367 0.00737793910861716 0.0122158008946618 0.0232626950212048 0
0.00225607853652423 0.00727501061161203 0.0132193325393843 0.0221471918039844 0
0.00235795469137296 0.00604900049858014 0.0117028016349468 0.0244612290862968 0
0.0024216273528553 0.00685823914402033 0.0133573322308913 0.023388661211275 0
0.00216489752964255 0.00656204083641815 0.011084085901498 0.0203745485595653 0
0.00227686181991381 0.00718218372223189 0.0125950740880696 0.0195023628670092 0
0.00206660044465296 0.00664111450585106 0.0107882164679655 0.0186494339409785 0
0.00222103685237537 0.00690913342479382 0.0144869779138669 0.0240057477239193 0
0.00223438022107978 0.00716275446906012 0.0123734120118472 0.0252824976921571 0
0.00205312087110021 0.00714142447367082 0.0120952398526845 0.0233803710387903 0
0.00221743505961204 0.00630663777144059 0.0128729925434914 0.0219563529387225 0
0.00220170703662322 0.00679775743252296 0.0105705631250072 0.021404965998707 0
0.00208829985747867 0.00635772825817215 0.00999578622502037 0.0237924961529105 0
0.00228278339127084 0.00619334319373785 0.0118101317842652 0.0210699656130891 0
0.00215854252150017 0.00629397953646211 0.0137835992634808 0.0211870555578133 0
0.00207233426863802 0.00627365564988711 0.0126820098504225 0.0204772557644471 0
0.00222539693580757 0.00692257441923195 0.0132568894844108 0.0219387468234804 0
0.00230893888309536 0.00576956864891177 0.0117578630574014 0.0218140576470929 0
0.00253300028582802 0.00691350433456319 0.0108748472787618 0.0198142243122347 0
0.00246562852069927 0.00664614731670543 0.0092322070334051 0.0223743103772118 0
0.00258997024496411 0.00562596940551843 0.0116766084283945 0.0237236560935179 0
0.00256045419168631 0.00630964376525218 0.0114189755242209 0.0237127065079855 0
0.00238513889583758 0.0065832052621767 0.0115961226459204 0.0225092352166079 0
0.00205404717448372 0.00649704741183876 0.0107760735632835 0.0213611753164847 0
0.00201854111095873 0.00640166061653494 0.0113065058924993 0.0220931216383889 0
0.00189411743652881 0.00604808269423643 0.0126536154203746 0.0258379824504606 0
0.00178432751008834 0.00710907102077727 0.0107052741201905 0.0257441395850438 0
0.00205499671760325 0.00764063615883335 0.0110915396321772 0.0262321997112306 0
0.00198736286167766 0.00617032129851204 0.0119984727676295 0.0227482089695027 0
0.00206757081650104 0.00573875095342853 0.0119503473631157 0.0238335946467986 0
0.00204955840157517 0.0059221761982007 0.0111335934305697 0.0279656029199917 0
0.00198486121600849 0.00621753981756162 0.0102761105110214 0.0220179954196756 0
0.00200951361771545 0.00619961905558882 0.0120219334375622 0.0199017825851791 0
0.00199505708278692 0.00677103698054611 0.0126883904244909 0.0243529687418651 0
0.00206075676719177 0.00718592490913081 0.0138453281337936 0.0264141727559456 0
0.00225759074506858 0.00713702515114658 0.0117850138723192 0.0229984262729327 0
0.00242696358315052 0.00828131466646692 0.011326237786129 0.0214972696206786 0
0.00271688793923905 0.0073555294386194 0.011588950105737 0.0191658859859138 0
0.00267068143712758 0.00644281179826961 0.0135550444283002 0.0222272256258028 0
0.00253877757637514 0.00658954966091798 0.011753192507766 0.0219369744632409 0
0.00254593329978378 0.00628393555278974 0.0129281375538664 0.0263245973357011 0
0.00238321857303603 0.00750883862743561 0.0101438401756646 0.0267183261701228 0
0.00245961540693553 0.00649185652899083 0.0125762068424125 0.0228099113569355 0
0.00250971071883395 0.00631382155276015 0.0128950643131106 0.0216084877529385 0
0.00259892770494696 0.00701050797162216 0.0105565018634765 0.0212640205321279 0
0.00239027101467861 0.00777993470552327 0.0125109369096706 0.0206381797702022 0
0.00235742631256754 0.00724413961580897 0.00932385844916114 0.0227606398146609 0
0.00230985451541894 0.00735613651418998 0.0122827575702072 0.0219473711274119 0
0.00233017937822435 0.00673487250244978 0.0116795796467757 0.0209360258840667 0
0.00229998982621999 0.00613993468659477 0.00969300354533754 0.0178662730297359 0
0.00212200847698177 0.0062674428343838 0.011001231520891 0.0196279531407449 0
0.00208163960868377 0.00595652300522959 0.0107491589595384 0.0212415569805334 0
0.00209202981489196 0.00583941043509523 0.0151313472816065 0.0180157364570541 0
0.00197711499984794 0.00585652127192746 0.0127355243736273 0.0213499674219719 0
0.00212062839271664 0.00651821245286376 0.0103513212980065 0.0206585302390564 0
0.00209940114240395 0.00772175365749334 0.0105407020799072 0.019730032022642 0
0.00218843198878672 0.0065022383865172 0.0113329661151455 0.0198539476194261 0
0.0021688466652412 0.00651920789032777 0.0112641109059895 0.0220558773725405 0
0.00211918705773272 0.00736732971284987 0.00954390543295098 0.0227602253594358 0
0.00242214955858211 0.00752372379266468 0.00869753611116541 0.0207739298947443 0
0.00231954005045498 0.00646892271705147 0.0142463478153437 0.0210668198266535 0
0.00237832674648652 0.00607376742396059 0.0150862896821307 0.0179606836913174 0
0.00251578428204223 0.00722978913144859 0.0121166096378877 0.0192291854068459 0
0.00250210341779411 0.0069494344588988 0.0116796062397051 0.0209853194977205 0
0.00214029803493123 0.00670020144381923 0.0104427357800019 0.023286445292955 0
0.00210544916998719 0.0076818521904442 0.0124528522926126 0.0216284491851141 0
0.00208586698467517 0.00691688011736077 0.0114859466590478 0.0256306601824327 0
0.00221365439931327 0.00667042682984627 0.0110477497675716 0.0222559450409239 0
0.00227123071902189 0.00789989822348345 0.0116467663552655 0.0244148260239117 0
0.00239449968772685 0.00668507553003706 0.0109372361828621 0.0183421604978211 0
0.002208614098969 0.00715319266081238 0.010902110793384 0.0211129893863723 0
0.0022256128028039 0.00637172830292095 0.0109882781334015 0.0255879362608239 0
0.00235054514203359 0.00698313848373137 0.0125441472907457 0.0251951825271691 0
0.00222531320005074 0.00713296789175479 0.0104223796579106 0.0185444601966115 0
0.0023639081138091 0.00648101019522235 0.0116477482083725 0.0247226848019403 0
0.00239860886139981 0.00666060266092047 0.0104035479416681 0.0236538940057214 0
0.00244543119601844 0.00612726628952001 0.00995721846383499 0.0235762027532202 0
0.00215415473595489 0.00646326120569334 0.0104751070542675 0.0204744936919604 0
0.00217961907151098 0.00596581589716516 0.0132243011946166 0.0187097049197929 0
0.00232599024549691 0.00689944413599417 0.0116358164096886 0.0197809676634418 0
0.00223040335858123 0.00617614648170229 0.0120570092534 0.0175778015861689 0
0.00241728929872329 0.00677295838482155 0.0137324496308139 0.0213897431993265 0
0.00253139594003632 0.00699302691253555 0.0103237714172017 0.0223691922992708 0
0.00268114263001079 0.00636939306036297 0.0134153898256819 0.0213553399443953 0
0.00254624764611991 0.0070993298383597 0.0117529611211393 0.0190157034368366 0
0.00253653784510931 0.00593051866378549 0.00902404688582301 0.0236641335468799 0
0.00235490875133611 0.00610750444099693 0.0114831178107177 0.0227872117455967 0
0.0022291284433042 0.00643368171783854 0.00904860907099066 0.0254718508491442 0
0.00217887927926557 0.00668980141203751 0.0104940964729788 0.0235966227964462 0
0.00230643821272726 0.00669583841676837 0.0113796191137159 0.0237702154303941 0
0.00230667564618009 0.00762763449865332 0.0115780825807538 0.0222900485578437 0
0.00220005235062231 0.00778843273483761 0.0142273231494818 0.021689750627923 0
0.00218632364470465 0.0077822006181507 0.0122380465496977 0.0236918800973495 0
0.00224808998445012 0.00838394922333637 0.0123049878463266 0.0220636597884751 0
0.00244863569467307 0.00956654575404432 0.0115351481322244 0.0204449267161423 0
0.00226276034185243 0.00937407790813731 0.0122149247186543 0.0224847683003517 0
0.00217367144855848 0.00807770219633688 0.010715687912677 0.0219691898770068 0
0.00213014733178461 0.00726996565204621 0.0111235335056453 0.0175426960014882 0
0.00210346472042834 0.00781986472572301 0.0121504676112989 0.0173355858887428 0
0.00213207209679446 0.00769506244755903 0.012026637611834 0.0203614243385727 0
0.00222538665280672 0.00649426058657869 0.0105160507733048 0.0220581031651327 0
0.00210483462562466 0.00721496023941636 0.00975678866538601 0.0234794165926452 0
0.00224140435596202 0.0073036162894273 0.0134931855386033 0.0230148239896091 0
0.00218711139162815 0.00746666894334223 0.0133211531355973 0.0236169804744491 0
0.00214900048132859 0.00621508129152177 0.0124564925502967 0.0258386249575608 0
0.00202155092873088 0.00663893239770093 0.0103090049545606 0.020054547855197 0
0.00195492328201422 0.00669389568279272 0.0111637393002217 0.0192702500160316 0
0.00208513121288411 0.00551773902542792 0.00987296216454334 0.0224449110961126 0
0.0021820010808151 0.00611322278206249 0.0111572485147796 0.0191677253775332 0
0.00202980696733293 0.00590624062483862 0.010272163538772 0.0200083645732281 0
0.00197868129583843 0.00516923494920245 0.011255762890966 0.020752908562832 0
0.00202926784668168 0.00555959884377751 0.0120675865010991 0.0238471294852516 0
0.00210867308740514 0.00524131894347731 0.0109842654052877 0.0219592807974181 0
0.00229148096499988 0.00541119696913898 0.0119382252870334 0.0201196436422173 0
0.0021070382916129 0.00591581160242305 0.0149578820652822 0.02116486231832 0
0.00194090475680849 0.00539630468801639 0.012986280054292 0.0216442439159119 0
0.00201513200614785 0.00654433789326551 0.0114136052794759 0.0229891519040392 0
0.00203865487857248 0.00704252266267037 0.0104989627672187 0.02090643648089 0
0.00193209318650393 0.0071957045176192 0.0113632507812607 0.0222425928688469 0
