0.1 0.3 0.5 0.7
0.00116920542230876 0.00151257782880099 0.00148539760601744 0.00153625002766629
0.00114735050904064 0.00141594307630126 0.00154830716233629 0.00166615746010689
0.00109991606224781 0.0014375856903593 0.00156702480095316 0.00158037626411832
0.00106333203166705 0.00138938170447287 0.00157217760082739 0.00170123331482264
0.00103909149184519 0.00130514097815361 0.00135897856566399 0.00152161470083924
0.00102890972332128 0.00133464670785618 0.00123429856842876 0.00155068251081049
0.00101402652801672 0.00134526045050546 0.00146163338130848 0.0013691476627718
0.00100148054692245 0.00133406857321575 0.0014521681095766 0.00133316977513515
0.000985166079425853 0.00135036284791711 0.00126065121486594 0.00189522249875764
0.000974651360201946 0.00141905376695448 0.00132474673387287 0.00175943243601888
0.00097758358746852 0.00142389959444689 0.00125873044858758 0.0017293450369299
0.000980218954878317 0.00134904615822136 0.00127148358216907 0.00178101627803261
0.000981931704047754 0.00130167839136013 0.00138730476355168 0.00155502769493091
0.000978495532120884 0.00130738959006791 0.00132017405739454 0.00169300929857383
0.000974785018978324 0.00136920255990766 0.00127464253451288 0.0015735905009437
0.000980672509309628 0.00128953311223837 0.00109305971921356 0.00163205926045119
0.000958394337471705 0.0012285912965659 0.0012441753179555 0.00163343079195054
0.000947292334108455 0.00119023771159835 0.00131453494566382 0.00145399595394218
0.000944395282662198 0.0012263580677114 0.00138259962632167 0.00156340833485434
0.000937135972946228 0.00120884207079985 0.00120880031718099 0.00136835452260446
0.000938100700072423 0.00111931276639309 0.00115500483093455 0.0013983812800455
0.000951963547029397 0.0010937840156963 0.00124836706577793 0.00145513190020602
0.000941087614190935 0.00112263203902551 0.0012519958909146 0.00189320235356077
0.000926502539643747 0.00112932321177271 0.00124166907248935 0.00159589968954853
0.000922931758256918 0.0011505430002121 0.00120057487150981 0.0018596091906715
0.000923759686101275 0.00120939182679882 0.00128347603023969 0.00151138724488301
0.000912991585087662 0.00122986567592482 0.00120157492371429 0.00191653923409306
0.000913699454950533 0.00123172081866243 0.00119866743557174 0.00184002648110485
0.000932523095164514 0.00121379350404563 0.00109754333607043 0.00187786161993999
0.000923181829824359 0.00120722871212138 0.0012280174976695 0.00173025381393964
0.000930925802991519 0.00118588292081313 0.00129413658851354 0.00152937874558524
0.000921084564785351 0.00117881636746621 0.00119268685087242 0.00173390611231345
0.000912236820494561 0.00124434201483634 0.0013041576807913 0.00195476974997672
0.000914542653050663 0.00116653374585175 0.00114394580962363 0.00193493586443886
0.000921412087784033 0.00121015971543524 0.00119288727466598 0.00153023639068959
