0.1 0.3 0.5 0.7 1
0.743831735167838 0.761061513659143 0.796804576832124 0.857349409775195 0.713417740220687
0.744198707270371 0.768273125463529 0.809943949329296 0.87590192387557 0.585102932497021
0.744239436871464 0.774431492447156 0.818231944744353 0.883405454264684 0.475863469198111
0.745492219076016 0.776771539833875 0.821207729054647 0.876323299588198 0.371630309617131
0.746710902671279 0.778981338675134 0.819109656111705 0.892151363400011 0.289490092137563
0.747954651744357 0.781155091395771 0.815727612653617 0.865611065880726 0.225117489436685
0.749210909126407 0.781586222329897 0.811842431702838 0.881645124704941 0.170283992741746
0.749543100222551 0.779491435544237 0.810805009314239 0.886060099887122 0.131653996512969
0.749704211201223 0.776335496448058 0.80880658026723 0.901683802437473 0.100100926557151
0.749617483446163 0.775140386141985 0.804822948422211 0.903889765919445 0.0575746813151662
0.749881258620291 0.772600079445897 0.806380790539763 0.902612751836415 0.0295095360396517
0.750216787160747 0.769896921120677 0.80294893864515 0.919453568259256 0.010832612755606
0.750234901941077 0.767478246555262 0.8032806533499 0.916245865566636 0.00149527905530273
0.750174004521191 0.765151875557291 0.804724698249388 0.921981902136466 -3.45140847800818e-05
0.750882006927454 0.762588787607555 0.800464466642915 0.938884843735342 -0.000157969063100573
0.750992235586572 0.762271729096988 0.80256806043546 0.946625113392665 -3.72908444305652e-05
0.75071479484392 0.758692316553642 0.800100406952293 0.933318589927893 0
0.750506091603781 0.754442202532587 0.799703770759159 0.94322780168826 0
0.74967553019624 0.753301819182973 0.80018868988108 0.954716316636564 0
0.749345212404646 0.751729932174035 0.803859822170103 0.950963359795813 0
0.748469426898037 0.750048943392245 0.798245874457389 0.959113752521709 0
0.748154444601599 0.747712766641838 0.800381636060713 0.965675165566521 0
0.74715496096085 0.747467961040335 0.80210041055057 0.968620409052729 0
0.746652425284899 0.742321384029494 0.802517158076972 0.965874188756579 0
0.746601497705358 0.740121451434999 0.810425879334693 0.978596958511391 0
0.745942266261484 0.741824422170103 0.809261331635639 0.990033640240219 0
0.745665462189391 0.738969786469963 0.812303003659972 0.981174179177929 0
0.744676304808873 0.73525739918827 0.814823383677742 0.9900877649481 0
0.743714806966663 0.736157561175718 0.810418071785036 0.979065622495696 0
0.742604836683608 0.734232657477474 0.815038082317083 0.987963022521363 0
0.741569699320961 0.733280904283066 0.821874092115256 0.991293557446433 0
0.740477828139302 0.731969928997571 0.817835269832693 0.989248700745738 0
0.739497139324057 0.72952913832171 0.81853300526514 0.989815825280077 0
0.739195609681935 0.730412976773344 0.815290120935473 0.992274660504951 0
0.738081011353914 0.73059425134065 0.815160943177436 0.988133046425134 0
0.736733187298149 0.728875049696519 0.818205853749385 0.988856881147528 0
0.73612256913926 0.726847550587577 0.816380876123661 0.997859875513212 0
0.734726029175516 0.728150760126479 0.81961879275369 0.98696347542367 0
0.733677256180831 0.725539707327876 0.817934238076768 0.990000420187049 0
0.732277496082472 0.726324974082332 0.817551360109691 0.997872520619446 0
0.731483288519468 0.724849431196126 0.823372122598459 0.996043892272701 0
0.730406062829555 0.723974979139923 0.827010942816585 0.997282051035684 0
0.729527017412754 0.723949458265016 0.823033404754664 0.99684289028445 0
0.72847338434772 0.722573952181138 0.81925340893302 1.00118323766315 0
0.728377672382217 0.720345258911588 0.819985994731726 1.0009691652266 0
0.727466641512311 0.720620370629024 0.822586551456081 0.994725333133883 0
0.726439971698674 0.721278041626368 0.822352171375519 0.986346260947057 0
0.725494029762739 0.723835692751275 0.821889780630555 0.997369681490607 0
0.724297905091873 0.722978009802871 0.823779700573461 0.996334656152138 0
0.723683599237231 0.721558569544748 0.822335690831516 0.982939037961522 0
0.722230477936429 0.72300938625798 0.816869644777733 0.977245815658156 0
0.721696000627887 0.7229756165584 0.821472105314535 0.972997825086694 0
0.720302555672458 0.722532460537013 0.819037884807508 0.976515478958753 0
0.719195022250188 0.72291765902577 0.824208307413345 0.972082957491475 0
0.717890853042904 0.722829169520612 0.82122568932356 0.980076928009563 0
0.716867293544172 0.721492230776039 0.820625723917243 0.962294961356226 0
0.715808091502421 0.721742283962235 0.826806568050765 0.969261510483412 0
0.714797771916539 0.721401634017302 0.821087427005437 0.954768196232426 0
0.713394025314192 0.720775236772125 0.826509077758031 0.963892281707167 0
0.711942561546914 0.72026772460496 0.82866045582577 0.966158391748467 0
0.711240688365912 0.720287260863276 0.825269549226942 0.951306054385924 0
0.709351082654181 0.719330484440312 0.821703131541626 0.952648625424751 0
0.708466318194238 0.719857491496126 0.828691161406401 0.951322963327299 0
0.707461202344503 0.721913774652216 0.827313924567781 0.958249559195403 0
0.706065551733588 0.721714161950236 0.824572155248221 0.944885245877487 0
0.705368440305134 0.716808018042578 0.823051969054542 0.943596058372832 0
0.704121147594633 0.715110258578787 0.829004090061304 0.93668970325636 0
0.703165687202522 0.714309703601527 0.830843944429411 0.942326756719005 0
0.70222281780615 0.714074887848547 0.82888323379324 0.938675529823162 0
0.701390255395195 0.715080730974441 0.83034468643224 0.942307091827378 0
0.700700134527186 0.714807409815756 0.828941978559304 0.934251060787829 0
0.699482604146475 0.715236187856943 0.829029810361996 0.933577813407646 0
0.698559865162543 0.714680048289971 0.827692101561118 0.93492002887059 0
0.696997737858044 0.713622178882812 0.822803270475119 0.931047590830006 0
0.696144525586696 0.713579489860465 0.823890336160707 0.918900329134251 0
0.695281332029095 0.715791115996301 0.82392363782729 0.912749348456318 0
0.694138880959201 0.718205955341466 0.826365120399913 0.918542813294568 0
0.693454091536937 0.717403544725061 0.827965513437955 0.912808438655467 0
0.692510639213157 0.713949844234263 0.826322417306473 0.909927450564133 0
0.691804148108717 0.715118083709379 0.829909358954092 0.910299333382339 0
0.691372752389408 0.716651674851365 0.820521311338775 0.919410411014349 0
0.690939313552081 0.713943701598497 0.823845635907937 0.915394635588442 0
0.689833449242601 0.71366297027779 0.823975461378787 0.911323499687526 0
