               0.1                0.3                0.5                0.7 
 0.739038956757397  0.728510164471551  0.730663233481706  0.735293925731373 
 0.733780988922782  0.720285014696545  0.723452298622346  0.728637107832695 
  0.72931069250642  0.714030357884157  0.717862703871293  0.720871878946369 
 0.725480576812115  0.709732765479991  0.712302797783794  0.715531549487063 
 0.722261852939444  0.705904014211562  0.706865228478579  0.708093256951148 
 0.719443516750683  0.702349983022533  0.701373838293544   0.70057261139272 
 0.716932089337199  0.699369431739141  0.696409685370379  0.694485913784294 
 0.714677269599959  0.695769243140807  0.691426257090376  0.688207745847903 
  0.71272167813845  0.692915442000349  0.686094263895118  0.682478186325368 
 0.710792630866389  0.689758426932885  0.680498661362514  0.675626858559556 
 0.708990778494743  0.686552134065807   0.67572091957685   0.67036151849752 
 0.707435077570005  0.682951947741197  0.670669214336581  0.665992545643181 
 0.705899389300213  0.679618861992927  0.665922678959984  0.662755767163191 
 0.704464808401493  0.676103740933331  0.660880723207434  0.659201937452041 
 0.703165190964354  0.672629580105682  0.655725079805919  0.655451695300337 
 0.701887697273116  0.669550031850354  0.651352758272285  0.651496605519953 
 0.700632674147502  0.665996372529671  0.648084858459402  0.650579141096346 
 0.699404196410121  0.662477843548088  0.644316509794212  0.648012211699738 
 0.698177277578909  0.658948628289376  0.641916262679001   0.64558564522931 
 0.697007130425124  0.655853687299215  0.637942855207467  0.644839894710598 
 0.695800743806457  0.652048661315205  0.635453511228692  0.641197771457935 
 0.694639493994123   0.64886282246793  0.632524926304778  0.641558083686191 
 0.693489648315469  0.645921839871917  0.630048219406372  0.639446437086941 
  0.69236277329049  0.642765723614294  0.627199737861829  0.639950725324012 
 0.691213763006757  0.639461812922913  0.624553307564912  0.638055118646764 
