0.1 0.3 0.5 0.7 1
0.00122424762117469 0.00210612338884822 0.00317015127869209 0.00473679412578631 0.00739072475115777
0.00130542594027808 0.00224647089976746 0.00351605216368048 0.00486792497692551 0.0113310927046855
0.00127934306598391 0.00221980831475123 0.00323810865643808 0.00528699514067957 0.012510721122137
0.00131026304298196 0.00177029103896644 0.00305285352178899 0.00654437257737608 0.0130972106726819
0.00129682434538018 0.00163531890760778 0.00416612507072511 0.00540358963657707 0.0116628089307577
0.00131055661099798 0.00188535945256355 0.00274152912606301 0.0060295267769335 0.0120035065333974
0.00138547687024865 0.0020964887725523 0.00335257471956434 0.00540337988792666 0.0112962883393542
0.00138308258748827 0.00191174431194798 0.00359568245477173 0.00555722305844333 0.0111934201827545
0.00132378334799428 0.00187967838070653 0.00370156990690648 0.00611403667152507 0.011166258787973
0.00128521441538674 0.00185529805788764 0.00349220231423026 0.00583975321451789 0.00880583571121332
0.0012312639792143 0.00211379200592398 0.00355915515369123 0.00557545269778268 0.00695831659066042
0.00128337460086339 0.00208986509918964 0.00353883365346392 0.00640320332323463 0.00407070243788333
0.00126770325474388 0.00209317279747735 0.00352776081392056 0.00699397206311191 0.00153075168838878
0.00127267182213324 0.00210247434302663 0.0029225935980351 0.00575170607094228 0.000186341126414547
0.00134541889475708 0.00196132114922344 0.00355911384870646 0.00590472361899394 7.68867840814656e-05
0.00130682057306071 0.00191330583964224 0.00318078818582846 0.0061096569196875 3.72908444305652e-05
0.00124630450523598 0.002300958664231 0.00312719435420663 0.00583056614071575 0
0.00124005267094683 0.00205108887396466 0.0024171246242804 0.00638476396587189 0
0.00119152949355334 0.00205687730390626 0.00317221221771068 0.00636125974408776 0
0.00120531654226402 0.00223084959356798 0.00347379134964327 0.00500123059737102 0
0.00124218660559883 0.00191843738454595 0.00305542962743608 0.00642568921507092 0
0.00129613023788189 0.00189214252531709 0.00322857939126823 0.00601354658136897 0
0.00129122951729145 0.00170953724741793 0.0033966323866383 0.00541111986939489 0
0.00123819400151146 0.00173900518195525 0.0036485735646246 0.00690735530930474 0
0.00122035714862045 0.00221655995144062 0.00327364824539286 0.00534846571684332 0
0.00119232727065345 0.00241575370027856 0.00347606950910209 0.00573872924698223 0
0.00125155160937151 0.0024785753095226 0.00338909103440099 0.00654414208004218 0
0.00131430804452058 0.00237258872873567 0.00339068882424315 0.00537853103292589 0
0.00127034564951158 0.00241883666282162 0.00377463729369444 0.0052756005228473 0
0.00122838913261392 0.00207275331270623 0.00340226393727996 0.00593172726304032 0
0.00128559002617223 0.00231854233480106 0.00404377580249142 0.00638411454569517 0
0.00130108629696204 0.00215737242671944 0.00342616865024522 0.00674915797584778 0
0.00129984039145415 0.00201186253875554 0.00320514300396152 0.00632781479660567 0
0.00130368316640102 0.002146116689872 0.00379406597561861 0.00630971970474717 0
0.00128075590017032 0.00217471258019116 0.00354628986721217 0.00614676563773366 0
0.00129318372668154 0.00191870458448397 0.00330171573148155 0.00526655092537006 0
0.00134378385127116 0.0021087371279806 0.00347263078398808 0.00607516528235576 0
0.00132552488424274 0.00205586109985067 0.00363855272121821 0.00576399551125277 0
0.00131508656910427 0.00224200120815559 0.00328762197952508 0.00630120567873524 0
0.00132123748314138 0.00216090792186589 0.00387697629485851 0.00522742684476436 0
0.00135616419814235 0.0018932304473088 0.0036761795243399 0.00635086496537838 0
0.00129635767027427 0.00176219776795025 0.0032483778924261 0.00631768285673083 0
0.0013162583146786 0.001846613486975 0.00350424446354236 0.00577679134605962 0
0.00136027278626747 0.00189740191999705 0.00377164530046577 0.00689622667504702 0
0.00133404666802003 0.00173092415410631 0.00325557201716879 0.00731506234322092 0
0.00123094628733521 0.00199283077602374 0.00307594723931386 0.0065062421419986 0
0.0011927638971126 0.00168790031641381 0.00411837230823525 0.00745691886965007 0
0.00119575774337183 0.00217754262285002 0.00331498830560786 0.00782031509867358 0
0.0012220929972233 0.0020345291935295 0.00335173170134258 0.00690021319818459 0
0.00128091794855 0.00220170557863517 0.00327807984546599 0.00719043276008099 0
0.00122980757653949 0.00200828320292118 0.00370604812540247 0.00646988469548756 0
0.00130876869120625 0.00207364598231899 0.003359879256605 0.00765040757727164 0
0.00127481497564494 0.00195123195432254 0.0040127205902474 0.00583030212786781 0
0.00127577587464985 0.00202962928080147 0.00337096572353021 0.00578436114622555 0
0.00130095185616451 0.00190019167614517 0.00377583675271007 0.00705365967733072 0
0.00129075534235017 0.00191446585601991 0.00347404539129662 0.00658180232625767 0
0.00133845890884488 0.00213470480094868 0.00317206317601483 0.00658794212759392 0
0.00133205098898706 0.00204867633524986 0.00387284991413131 0.00672980280044925 0
0.00120406505981136 0.0022773547452415 0.00338010407496169 0.00732130077510505 0
0.00115938269149711 0.00238214732027017 0.00369512733161489 0.0067013296566035 0
0.00109139455692236 0.00235616420669957 0.00350676485487989 0.00670125289644523 0
0.0010988955774846 0.00234609335232047 0.00369496067221088 0.00716786904753438 0
0.00112387703454494 0.00207069990321054 0.00377699069371504 0.00767892657315895 0
0.00112176738775355 0.00207088128646923 0.00407537318155518 0.00672308015945743 0
0.00118478518207036 0.00215465379335601 0.00375213213802282 0.00693686157914267 0
0.00118317644569974 0.00217442249389557 0.00352041108019474 0.00617948913470133 0
0.0012578157881122 0.00196253836038307 0.00292376837145105 0.00734511190861077 0
0.00118813244025179 0.00177559282000519 0.00360609127700977 0.00718328096604989 0
0.00131005189235716 0.00167327174399209 0.00344151334540724 0.00655161617841376 0
0.00136474097507065 0.00167854337513542 0.00314938637694656 0.00691681558108482 0
0.00129544541429476 0.00187159063878621 0.00395193991582758 0.00573209566533147 0
0.00127511237339943 0.00179119465526462 0.00311420988729029 0.00810576917465521 0
0.00122912049868321 0.00195607716008849 0.00420253365612161 0.00722853376957464 0
0.00118713627320484 0.00200068751371528 0.00354930003259952 0.00835771631566281 0
0.0013008290600761 0.00225035656196655 0.00365396275230787 0.00694962367847942 0
0.00128214005206666 0.00222056116147639 0.00341042114971826 0.00670184525111475 0
0.00132924640457204 0.00228958626633418 0.00418004157859618 0.00652647954118024 0
0.00145637164798048 0.00220392122123177 0.00352582311945651 0.00623312124316884 0
0.00140780953876059 0.00216812682329426 0.00335418573695677 0.00566843228665222 0
0.0013874656299366 0.00225964790480693 0.00356054769408632 0.00582702200511288 0
0.0013180524735727 0.00198880128179007 0.00356729095454155 0.0069737161837168 0
0.00129664707074852 0.00207034448091736 0.00270708727546634 0.00632324354845777 0
0.00130097224044389 0.00208260414581001 0.00363092505083809 0.0054390464701689 0
