1
0.00114669647609874
0.00265253889265226
0.00295948355028233
0.00265854533739005
0.00348628680086735
0.00333410280030745
0.00360791466401736
0.00381938051603834
0.00452680129734454
0.00464653749773085
0.00544677156316502
0.00606650384958203
0.00569494804337667
0.00615614931520488
0.00638549927581273
0.00621549609547169
0.00655403383130229
0.00624033641684746
0.00672282624144037
0.00738275993087239
0.00641999683799145
0.00649547035865198
0.00750834814762885
0.00708809043371998
0.00756678467849056
0.00810916428758982
0.00719221887882938
0.00804065109622296
0.00846628381008323
0.00815514865639257
0.00877915051228452
0.00894674924037245
0.00947175719635491
0.00932161865595575
0.00890401321817445
