0.1 0.3 0.5 0.7
0.0016540048927243 0.00274202549827601 0.00389462330358139 0.00635344061302128
0.00177063993785842 0.00410057924552934 0.00800193213406198 0.0137600636081351
0.00170955843072206 0.00522558456945429 0.0115063009998568 0.022945105290274
0.00182966266663038 0.0066626202247434 0.0147622983563651 0.0308060429856658
0.00159137862031769 0.00784748617640653 0.0198718209088782 0.0349886137735115
0.00184807611322949 0.00940987035490663 0.0224273904733327 0.0407191702774128
0.00210068971197116 0.00989698978446022 0.0237895341969916 0.0369369971922092
0.00240620269628241 0.0107497487372439 0.03159819292227 0.0522269687274132
0.00242944816291036 0.0125584643624817 0.0348966800164904 0.0454116258204213
0.00252651229177787 0.0124511258595408 0.0294375665138718 0.0455935962738623
0.00293575821894518 0.0149643500576741 0.0309688800205293 0.0476406835634762
0.0030637586954227 0.0171906497850515 0.035630326106604 0.0559442316330476
0.00309972109538875 0.018496379696774 0.0398556411340166 0.0571794872558077
0.00303500150358495 0.0177620853728521 0.0386193351241465 0.0693942689942158
0.00295088226398807 0.0191589011578871 0.0492321049042423 0.0736211684386886
0.00291748677609794 0.0192368748657892 0.0473737936004581 0.0689107700340669
0.00334347355671777 0.0215666732871597 0.0460711418598942 0.0694251553933148
0.00346782049837517 0.0192118235025166 0.0445723251628767 0.0664631696610895
0.00320143428598429 0.0192547757531122 0.031252835083096 0.0623346434595226
0.00343764057628014 0.0184103206701888 0.0369493265169067 0.0649068315843887
0.00320515851849375 0.0191473722918923 0.04476491924666 0.0691411911646887
0.00355661375691336 0.0200705502556589 0.0426423276720463 0.0755843094037557
0.00359290599906001 0.02216767839869 0.0410418981072603 0.0680912368776931
0.00444955189706533 0.019890420989055 0.0407153999646122 0.0756798058407052
0.00463532750367544 0.018708770006857 0.0408630315092978 0.0813688527057191
0.00416626752564915 0.016664209942492 0.0419945205948788 0.0764845059962871
0.00422738931659707 0.0171399450039446 0.0376405354348097 0.0861038160223628
0.00395675035833373 0.0173587799081371 0.0469610260565778 0.0816200384798987
0.00416786059675115 0.0182886430077576 0.0445332411034409 0.0809639320393885
0.00447942215473192 0.0182388401893001 0.036812876018268 0.0734735356134809
0.00456222386542289 0.018571332150551 0.0394198254026366 0.0759384209173707
0.0046463270737108 0.0205768295807988 0.032115339274717 0.0835416154850984
0.00497865376567815 0.0208988000511287 0.036987259197388 0.0876417784336246
0.00513138276330765 0.0205932852110572 0.0367340582434934 0.0806322588662914
0.00457499871728631 0.0191737109478625 0.04292008723329 0.0757599914626179
0.00450010106724465 0.0210114809471468 0.0501501569473315 0.0842466216411426
0.00488531279715988 0.0172939483549493 0.0517944862481894 0.0831210170226251
0.00504213870959839 0.0183780947635856 0.0501763651058958 0.0799530850771901
0.00512844485465997 0.0209635541666868 0.0469173692632947 0.0856925822839966
0.0052706829292921 0.0210546559148892 0.051821196909321 0.0811751325284384
0.0055241591629614 0.0198773710906912 0.0460947120009244 0.0737876128633086
0.00555706679004227 0.0194904603761509 0.0384856713300759 0.0759182415839364
0.00530103704030078 0.0206902471307533 0.0418078922992204 0.0691124315991654
0.00477370415469965 0.0200628601172884 0.0424517451556744 0.0860994050888025
0.00510958523829349 0.0213185610489319 0.0486030537943809 0.0812951905465981
0.00527782666811114 0.0222302705035726 0.047175940051494 0.0778581430390946
0.00554855337641039 0.0226950333088283 0.0443505803493696 0.0759033261163527
0.00573450020866201 0.0236394637586059 0.044736408651894 0.0943760827787929
0.00584630349725548 0.0221981247709127 0.0533877739124377 0.0912338946129665
0.00537683558072071 0.0242768261120277 0.038138098770501 0.0898118817063301
0.00568115502235999 0.0231294581038873 0.0380969586994102 0.0960194854873413
0.00581296214067188 0.0234567510611208 0.0430287159273168 0.0998055286898545
0.00542891394914624 0.0207038972320253 0.045074951935284 0.111443951963148
0.00479217274949749 0.0195733038412127 0.0469540416979424 0.113187411022714
0.00494822878043531 0.0200721383695736 0.0454261598090527 0.103723489983731
0.00505132948937796 0.0218640155362616 0.0388334906584662 0.0899617697640901
0.00503291879527725 0.0225031994654844 0.042463326465021 0.0972600505941255
0.00546664843307527 0.0237488675391975 0.0463936384784748 0.0988623749523593
0.00534369912932338 0.02272517817203 0.0498170624221545 0.0962095862523851
0.00532686242532613 0.0207480336146568 0.0509787984230525 0.112485273690297
0.00512730782138632 0.0202875688295375 0.0584332865799373 0.130525307727814
0.00502482640395241 0.019223786284237 0.0583281346291323 0.143571056396809
0.00431738721865497 0.0222316415677086 0.0602661443326209 0.145509931887889
0.00447538858091292 0.0223128004454786 0.0637931207930078 0.141364400247799
0.00456023983903219 0.0230999923903562 0.0623488299601258 0.149780377299392
0.00416299865695133 0.0226164181611018 0.0687701562288288 0.146887322701734
0.00446114825452154 0.0212484116004147 0.0705890059710037 0.142871211885907
0.00436016822855345 0.0231801993434067 0.0766680634976114 0.132717195076015
0.0051886118313286 0.0239685843556503 0.0792065609655709 0.132214739154944
0.00510237553612768 0.0228760088429113 0.0742892386265562 0.128305214708254
0.00535146362476547 0.0207087176556005 0.0766876114604653 0.133562941944447
0.00596051255848943 0.0218545034891894 0.0749709336218985 0.143395889068219
0.00570884396930388 0.0211010374616828 0.0755860076129973 0.150815300718465
0.00451564916901664 0.0200807246881042 0.075170374949572 0.146089531111892
0.00461063012699129 0.0208546330403761 0.0809276698481262 0.15012003294316
0.00471925780810706 0.0221241277949651 0.0853324021910006 0.152592369838528
0.00476101911536403 0.0203487886685297 0.0879161491224256 0.15617050349024
0.00484702196982455 0.0224006670502503 0.0919277209975611 0.163087682423051
0.0048765386414444 0.0198229593168228 0.0900579619283089 0.160938724423423
0.00504778692889436 0.0168314858709132 0.094171936793623 0.158277287567403
0.00475188823978057 0.0180375589651255 0.0965690918012739 0.160868941081878
0.0052649222980982 0.0178107829476854 0.0899132422720694 0.158567112727594
0.00560327642626734 0.0223211117511106 0.0905217713427029 0.151667368016605
0.00569890374780823 0.0228149916066338 0.0895112396912011 0.150568734942164
0.00552897834897792 0.0183787109706134 0.0790206356285615 0.151478346600839
0.00564113591951041 0.0214216130871856 0.0808571958707751 0.147172836167873
0.00530737714800577 0.0241194649127953 0.0802950308162813 0.146347339468067
0.00537813402830055 0.0236181489152366 0.08450229800368 0.153530249823804
0.00535510865894188 0.0218426664140158 0.088516048019573 0.153542519168616
0.00461797081876401 0.0212561556654391 0.092325027773836 0.149330144046993
0.00466404587349551 0.0233825153350801 0.0962390279738983 0.148500987863068
0.00435981918952978 0.0236980015868378 0.0986587609878286 0.1273276096982
0.00469172233303421 0.0235772387355764 0.0960971252973481 0.120013324919566
0.00460939898485379 0.0246723711881632 0.0948223642887539 0.125965361516418
0.00499773525115463 0.023747739530303 0.0893689859410389 0.140527029841152
0.00489017009442195 0.0241321837869384 0.0834966904630227 0.147664302147596
0.00490304995071784 0.021880574214374 0.0870535601634549 0.137160284927287
0.00490603595092319 0.0265137931787886 0.0888592875567446 0.139831746124541
0.00483647922746014 0.0253131214057569 0.0905194800075396 0.132709362422567
0.00508273784813341 0.0263476692511245 0.0896250097445005 0.123261783161022
0.00461256657480493 0.0290657221827082 0.0859093717254683 0.123673719604946
0.0045797076392714 0.0254604378852287 0.0955818733505839 0.118940792293159
0.00480564554006348 0.0295395452565421 0.0974349130630236 0.112147443674954
0.00492377665837334 0.0330119104084655 0.0947441508037184 0.108913967039112
0.00475475647915426 0.0329046037460575 0.098215660155007 0.116818267640801
0.00499934129264027 0.0328272408521831 0.0901253080717402 0.111909465197436
0.00534472746292086 0.0309506603737446 0.0891090220110402 0.108379591951928
0.00553726207203202 0.029980305689899 0.0797520927713897 0.111981888018054
0.00565913046029067 0.0307637158050073 0.0776511016605527 0.110199053825998
0.00541629706940676 0.0294628675687492 0.088125875849273 0.114199478643667
0.00537878074868983 0.0333936722386325 0.0931283960090109 0.109481764621193
0.005228479163293 0.034811108568059 0.0894585392814549 0.122603038521732
0.00498093198067981 0.0339163664457529 0.092650921183627 0.124581682795312
0.00469143763222878 0.0314806862047362 0.081560765105312 0.121518518614905
0.00430306035310613 0.0319487722323655 0.0817615790310342 0.102911262791786
0.00382380101014193 0.0320119040732096 0.0734474252391046 0.111014043506417
0.00377897077846753 0.0340533938282996 0.0752101351635591 0.0963216634510579
0.00412304897559844 0.0367042589238146 0.074301549603136 0.09629411778356
0.00452136191329243 0.0337874807395765 0.0725879003199772 0.0968591210599949
0.00391340206581257 0.0330608638395186 0.0734607539693658 0.103714393883433
0.00440539005194686 0.0322108190030642 0.0701407682897818 0.0982057967984293
0.00477266626489662 0.0310509931162859 0.0691410753619002 0.0835311412295224
0.00493183326031225 0.0331170390793044 0.0681060236711124 0.0744277073993632
0.00438769099226419 0.032387290460137 0.0576059575007687 0.0812444077654288
0.00505241629859773 0.0349610840745518 0.055014626408937 0.0774332163472957
0.00476762866461135 0.0351290714896684 0.0632120559287394 0.0873297977311464
0.00509798281563858 0.0393713825872631 0.057762308845099 0.0840044722768344
0.00458471253667057 0.038986084531283 0.0627875856131428 0.0773097033852182
0.0048094582655684 0.04384113095708 0.0587075476274032 0.0891581250610941
0.00497092214574315 0.0430086090907819 0.0536616559555588 0.0952417275656048
0.004615586757215 0.042873648593694 0.0514291097506812 0.0938369052428406
0.00458520568187402 0.0415825107738659 0.0509389604745175 0.0852209156908156
0.00470942189425145 0.0424638199551729 0.0497644648120963 0.0989624276838091
0.00452748728292828 0.0414578520352859 0.0568401693075499 0.0851420746114215
0.00454411394375656 0.0436292023971532 0.054638971284954 0.0754110088812464
0.00455282198732549 0.0421111994622475 0.0515788939044419 0.081597184273982
0.00492531955616868 0.0429773072154364 0.0526058660744287 0.0805777032652572
0.00511841696188622 0.0402806764055435 0.0521733360105907 0.0793534071592298
0.00545934073538316 0.0416054189623328 0.0447122628432403 0.078874997535775
0.00618450247221829 0.0407852982063353 0.0461722993997447 0.0804038121019749
0.00562204719602872 0.0369296148678368 0.0448494064221462 0.0755258012843242
0.0048463804282759 0.0374752386267393 0.0548334177602398 0.0830288064397968
0.0047529617528191 0.0357704241944195 0.0543599793448679 0.0733835252579232
0.00488591847726987 0.0335509485730301 0.0537603357163251 0.0747893573344014
0.00506468151377369 0.0374526202702179 0.0512933977672278 0.0832879051503772
0.00515590142820558 0.0379157914684869 0.0529592961688971 0.0857519732393516
0.00545229309191424 0.0395443820550051 0.0523603455602647 0.0760793401388032
0.00590503969242774 0.0408976377645343 0.0513302120207189 0.0727451438418756
0.00559326679765328 0.041122265052439 0.0548427034831484 0.0769749785498122
0.00544431018464964 0.0389075428197489 0.0520768611490958 0.0788718167616
0.00505006912116676 0.0420864750935139 0.0495724161457277 0.0826214870000678
0.00504470713046424 0.0399556706175551 0.0500352919244661 0.0715405408060497
0.00542162947354157 0.0396406993028273 0.0522839417704778 0.0666672303895564
0.00566007865476914 0.0412528513897764 0.049874135613376 0.0749716442191092
0.00617469524724384 0.042523538151486 0.0530641079895593 0.0807912661071021
0.0063031044715968 0.0423145252722047 0.0545123267847995 0.0839116729133028
0.00601291819836095 0.0407971333574133 0.0555492536292122 0.0865949002307139
0.00571737388647305 0.0399001794216042 0.0590301037708226 0.089094028570656
0.00506608587750147 0.037826034715752 0.0484944580417254 0.0865001831079845
0.00479534045332179 0.0388298137920884 0.0585360485930189 0.0891824272605273
0.00505656909547808 0.0358888781319869 0.052920912331092 0.083914208285805
0.00495723818123288 0.0367329047109195 0.0467917062845102 0.0830814623135706
0.0048660113939492 0.0370000454157949 0.0497104331464412 0.0820047206090524
0.00536236925870595 0.038715382270808 0.0498631271734847 0.0844792297983268
0.00543659545622683 0.0334366939769599 0.0486336503282698 0.084939677384168
0.00498404748974231 0.0343299203793912 0.0437568997357529 0.079816554115725
0.00538536286362469 0.0340046715940527 0.0354702036116786 0.0820708067662322
0.00538238506763215 0.0350648839600741 0.0375048985491145 0.0775514290395006
0.00495057998034842 0.0303379470996737 0.0422219457282299 0.083569656138761
0.00473751033340828 0.0297699567659404 0.0441025790950017 0.0789930895994611
0.00484561741338373 0.0316495425600375 0.0403025641350122 0.0802226838856232
0.00456345648894048 0.033421079400909 0.0333758699120522 0.0773860089998247
0.004536156977394 0.0336389999604066 0.0383419663249292 0.0774595950043354
0.00542198846566029 0.0314568262284016 0.0391846953619313 0.0676665328756397
0.00535114177305313 0.0311154357900939 0.0388148224696449 0.0686932614887776
0.00534281843886202 0.0324112983788198 0.0381393698994712 0.0687679368198903
0.005424808697902 0.0327486971504316 0.0415707214945219 0.0806085783728167
0.00561927476071127 0.0345732474269734 0.0445686480857467 0.0841392871976721
0.00578026401179079 0.0381819095318464 0.0455285188172047 0.101676813256583
0.00575366347550942 0.039315172192602 0.0495000800363333 0.083639398548871
0.00544775441678498 0.03771503136872 0.0455292361234276 0.0954780797146058
0.00547478787716386 0.0370021835337021 0.0448733198919618 0.0800566590137483
0.00590756470369007 0.0373009079897714 0.0477975642035039 0.0665236577819677
0.00573572414024575 0.0348198660857966 0.0477714188428174 0.0716282892077105
0.00596307257670868 0.0350590842017852 0.0485998482418468 0.0702385279796418
0.00563452612890012 0.029009250024356 0.0465260290439068 0.0685422852778563
0.00514742279606678 0.0281964840764075 0.0486355041801668 0.0796227559685021
0.00555424754579849 0.0306446932042006 0.0490688221379167 0.0813814819345476
0.00546265510504727 0.0264088115870367 0.0430077564656868 0.0829437824806626
0.00562246123880604 0.0252179438936556 0.0368692775306356 0.074644810458997
0.00544294418540764 0.0266105889677616 0.0432807783593478 0.0821839386658588
0.00585701101614108 0.0268111323652318 0.043748199823126 0.0758695523065015
0.0053381328838979 0.0259362491459575 0.0451634131896389 0.0733949651543733
0.00550278818124081 0.0277994353511227 0.0400943263649466 0.0774565711607005
0.00527715776631363 0.0294253481240144 0.0511893469081034 0.0745743743497746
0.00517859358132275 0.0291752779088705 0.0464874162663838 0.0727751461481445
0.00541682220154783 0.030941052688481 0.0404849934194572 0.0820812310216095
0.00514941436341269 0.03052463174421 0.0438362345661039 0.0727979075887745
0.00609415746710364 0.0303740894110382 0.0399295113530138 0.0704464422817149
0.00667605732080851 0.0312521071561339 0.0406015093250931 0.0826461927721569
0.00604982662735856 0.0319809586027069 0.0397120055004183 0.0711404058042012
0.00614134720165597 0.0278304312907291 0.0455608132355041 0.0772764061621881
0.00644961389128358 0.0280635354116038 0.0471542445724143 0.0711621906696887
0.00652336605588411 0.0284615532883621 0.0498173537146874 0.0767595647229458
0.00649944436374249 0.026236820576338 0.0477961915866023 0.0870688453000814
0.00618046000645102 0.0281867150485106 0.0451604317135447 0.0706607659277356
0.00657720600768213 0.0271548112522323 0.0418459972688892 0.075035583198584
0.00646868358543415 0.0280752213222097 0.0384541678941005 0.071532041580417
0.00635792514860702 0.0257637962242266 0.0381755565356284 0.0795346517160057
0.00598889045208129 0.0226676107575041 0.0353581457763446 0.0759188828604011
0.00615067889247701 0.024473663474261 0.0389555751912097 0.0862674338155971
0.00625424868244959 0.0273958468002854 0.0401941190546091 0.088883768141508
0.00597173038321197 0.025910032350318 0.037237001279144 0.0915862186658519
0.00579338588310785 0.0241196175450978 0.0376463606416971 0.0702697219184739
0.00519725966887783 0.0225145519161177 0.0464645900481671 0.0786107254686045
0.00514961292059055 0.0244467062409541 0.0393554664878157 0.0782170490352116
0.00486806556618147 0.0239354130818616 0.0418077700107061 0.0778627718810018
0.00449479399327787 0.0255481179521687 0.0433245680550288 0.0814889852974
0.00483089098612672 0.0233741552187116 0.0407252577613529 0.0923153505096658
0.005127272265263 0.0245428429396618 0.0411490205543961 0.082418368595945
0.00544103961290278 0.0216862254932189 0.0425079757205069 0.0732409566752442
0.00581859523257685 0.0226718383808431 0.0415601714756609 0.063805385200594
0.00586391784159509 0.022920525470823 0.0402105353558821 0.0778702343957988
0.00575375020951721 0.022580072471088 0.0364015863537346 0.0715577846909059
0.0052307354810277 0.0203914113821325 0.0397730293763406 0.0693769912270912
0.00485720481727833 0.0199801178178377 0.0406860589818206 0.0768874274731598
0.00541467457315938 0.0196583540723298 0.0376720875693666 0.075391254543643
0.00573278713679502 0.0189152570220575 0.0371577522673226 0.0737425284719312
0.00560836748260013 0.022981045025861 0.0460791872957836 0.086946222913414
0.00546548023507934 0.0198374363678362 0.0379562634360021 0.0808719560359087
0.00488178828331479 0.0173172748745876 0.0431479318940852 0.0791735199933811
0.00438305120924848 0.0179143900122027 0.0463504104269214 0.0762559198104002
0.00513452437338058 0.0182056334013067 0.042168039566873 0.0640022041240088
0.00548569101823255 0.0185421956905814 0.0445668198495638 0.0716474524589838
0.0060783888927811 0.0213157352548847 0.0432227003127363 0.0669793728332768
0.00563053377238084 0.0211683257705559 0.0409315667453168 0.070052032296451
0.00481327600559556 0.019504453788873 0.0417654137473699 0.0859054555390206
0.00456287198667282 0.0188142523158274 0.0422445505866027 0.087224805490793
0.00477996291339849 0.0220429790151129 0.038049355615882 0.0786173038822366
0.00533070430294164 0.0199430538643019 0.0448107769062069 0.0765449234340119
0.00500040856423018 0.0198983868555124 0.0466314012484129 0.0788886858031506
0.0049361056554512 0.0224445273007416 0.0482902080585338 0.090033925673773
0.00536474351237924 0.0227853946528661 0.0446193326802708 0.0859428518848509
0.00506187002386739 0.0218113251508707 0.0453369481013161 0.0794265893081458
0.00536054580342241 0.0227714372344049 0.0488240709340377 0.0788156258469784
0.00492391625888328 0.0201501593972528 0.0409958091841925 0.0769014043429766
0.00535222847336762 0.0196526636163287 0.0399334921505665 0.0810398491757794
0.00516788266471981 0.0196994268002401 0.040802070937809 0.0843041673841347
0.00548835807943264 0.0216448312453551 0.0409156089176249 0.0861895923988294
0.00536463423154209 0.0194906349606811 0.0369577562565934 0.0888115798985236
0.00552936263825592 0.0154468120067304 0.0390108895040991 0.0847125428382277
0.00524002754257609 0.0167583513180654 0.0411866606485596 0.0679991378734424
0.00519754419893221 0.0185396660059541 0.0454123329176105 0.0674534724894103
0.00588432859126425 0.017681142055119 0.0445497907277365 0.0774296004125919
0.00585388134878046 0.0204323161447037 0.0451945741433012 0.0821279343173132
0.00553072669608161 0.0204365857236222 0.0412591539366765 0.0803521582851574
0.00540383945316301 0.0224069412261648 0.0419449695635576 0.0843129812220037
0.00532493709957054 0.0223581371313088 0.0447679769456156 0.0843949872921695
0.00570198086505978 0.0218813800073901 0.0495410853869943 0.0703593054747557
0.00626620138053666 0.0205653557456495 0.0503246476716196 0.0768650848780298
0.00645247912730243 0.0216352123418318 0.0569021589045458 0.0781383210299833
0.00615323310864875 0.0223839432402601 0.0502623486385008 0.0625757223262056
0.00590430162923336 0.0198287528308681 0.0456656864247035 0.0667378458773539
0.0061986863197813 0.0220066594144415 0.03652327122004 0.0747594159443593
0.00588110406731116 0.0224664295691881 0.0368342567984919 0.0750458523727071
0.00590805307954565 0.0229838241966968 0.0392863141002588 0.0752479615967653
0.00629016134303608 0.0213621164767452 0.0457036607082413 0.0843157031262478
0.00639810806675749 0.0197179356518605 0.0433223731688543 0.0769429788389097
0.00587730626583164 0.0206139717688848 0.0413880202568264 0.0758210758934477
0.00579393155214905 0.0223005513979443 0.0393787358602655 0.0669756387650858
0.00593088317762109 0.0217878172356361 0.034121388273483 0.0654018471487643
0.00613888916569402 0.0175646670766855 0.0328154522807578 0.0594541656518065
0.0060538046255552 0.0180296508285684 0.0369495810027739 0.066566169269377
0.00642297999331538 0.0175638731755723 0.0404980099723014 0.0780992709026619
0.00671599350737905 0.01793407196189 0.0378612186468215 0.0798192165577936
0.00621369192781935 0.0204210663817344 0.0409232608291071 0.0890871479871108
0.00598508373035027 0.0183326638302188 0.0435027081353737 0.081736239782438
0.00527711117743597 0.0178752596790227 0.0454359723445646 0.0802221993326338
0.00549118838249028 0.0205787679626393 0.0413595601889677 0.0853711827748084
0.00550114387202943 0.022574473127169 0.0418773417431811 0.0834415800982227
0.0056456527167077 0.0230033748338883 0.0440288138201879 0.0874812340348752
0.00553119320219439 0.0202438761636548 0.0476202430017844 0.0793317566047836
0.00622208996247469 0.0218314656360077 0.046499889179817 0.0772955824497161
0.00601023402467619 0.0183364339390637 0.0468509673309701 0.0804462282978974
0.00571535011553216 0.0210684298968833 0.042546803805858 0.0775650472586119
0.00605126060564734 0.0254949569831981 0.043761720685483 0.0721136828484398
0.00546481116167133 0.0211421374340365 0.0414870859382623 0.0643246896607437
0.00579827745791653 0.0197137234067836 0.0478461540771979 0.0695833809987258
0.00566218884447767 0.0191976112019819 0.0422494046454103 0.0694400188551693
0.00592621561194826 0.0219064877846169 0.0451606420838472 0.0764620484083648
0.0060879154329965 0.017000756319035 0.0452438625611412 0.081404435016983
0.00557284777388134 0.0206007441263192 0.0456960220612186 0.0743992136597391
0.00488594713281468 0.0221012083407637 0.0387868233682481 0.0820334492124685
0.00521266236902147 0.0217399597284701 0.039522304737956 0.0767351805787292
0.00538162936259625 0.0210427411207528 0.0433440561917534 0.0724141199925297
0.0056236240706492 0.0215525029148075 0.0425665422590762 0.0803662668283704
0.00561222897660341 0.0182841961529759 0.0445759680166431 0.0713858531775358
0.00620176817017502 0.0187775956894268 0.0467971571416769 0.080137044467447
0.00671384603544075 0.0195076694080373 0.0462695160674426 0.0749819240487172
0.00611741137086701 0.0174404028268782 0.0438157336364267 0.0780043518033701
0.00580459038751371 0.0217292175593638 0.0400998371732204 0.0713111867375109
0.00524389298141662 0.0191966903332059 0.0431136863131013 0.0577475306860692
0.00557344712312441 0.0204204726150887 0.0438044601778954 0.0652338790956454
0.00541966435624568 0.0197978623634064 0.040417177853812 0.0653589116705101
0.00531573818436935 0.0173920081214829 0.0418245318462134 0.0791001041570969
0.00545563057746657 0.0190709580316625 0.0419902517117845 0.0848771479143485
0.00545084064026522 0.0204393869346674 0.0374287302395553 0.075838539645457
0.00514949851256468 0.0220888197222559 0.045591705544718 0.0697681652926223
0.00554072374852034 0.0229558268453881 0.0470660803061794 0.060386668476091
0.00523895268902824 0.0223092088643503 0.0454588382945332 0.0628934917550964
0.00535612409559773 0.0219853286943207 0.0469355568393268 0.0679040483792261
0.00542031559740172 0.0182758607918814 0.0479170924305366 0.0838381442139083
0.00510833610982853 0.0199589382329434 0.0469195293446617 0.0748445026217747
0.00469832595673488 0.0189975872803456 0.0420362668761612 0.07661955798688
0.00436769268698765 0.0220864368508163 0.0416403827933254 0.0771410566129314
0.00495633352852008 0.0221997120405504 0.0396450948399148 0.0732747707281154
0.00516649208836752 0.0225102986167724 0.0369496658409843 0.070561609368827
0.00537935490168347 0.0221129426444379 0.0405089365264356 0.0665506644376701
0.00560663771592943 0.0197903532828214 0.0433855279245634 0.0687880083155535
0.00562229029568658 0.0220250747428565 0.0425599955274138 0.0824679698617254
0.00636587511890175 0.0201390993955478 0.0454269006422271 0.0680676395072566
0.00585006965157159 0.0197190194778473 0.0397515606538694 0.0798479213652374
0.00580786063954978 0.0226697885047126 0.0441376242673966 0.0884699153834551
0.00524967007143796 0.0185265501044651 0.0445321961101162 0.0771196945130784
0.00601572065037345 0.0187805849122098 0.0389406829787547 0.090458765844978
0.0060199674523351 0.0162623331792011 0.03691057193737 0.0861825177412878
0.00593786832798212 0.0209168096955513 0.0359493969024266 0.090892478079543
0.0061794481131216 0.022136434042208 0.0392903087384917 0.0893200519093205
0.0059356723675614 0.0216997028890461 0.039533635784266 0.0833900185472069
0.00579226566052054 0.0202477847640209 0.0420133779916528 0.082298170226097
0.00560229003403749 0.0242247654549496 0.0459073584941273 0.0811437860548704
0.00607609180767678 0.0197870987277246 0.0385229144330219 0.0646958565587508
0.00686113654312539 0.0206049561011763 0.0383390868737716 0.0810109264651407
0.007281869796567 0.0197469612421492 0.0485607582818132 0.0768817332325504
0.00650770660688156 0.0205955271803276 0.0463357570690229 0.0657705246222351
0.00655989839676864 0.0200868295647637 0.0384575187860309 0.0710516032115797
0.00613467881919753 0.0223189301906934 0.0411069984571481 0.075286247107281
0.00559691724390298 0.0250100628066398 0.0409829058166802 0.0645734210738822
0.00597304773271526 0.0250407147728784 0.0473583913115493 0.06281381550493
0.00574219484863425 0.0220633524846586 0.0492202472521386 0.0727305582130808
0.00545938589816134 0.0244259028346812 0.0480943692777017 0.0729914757817827
0.00547235204681677 0.0266105008716869 0.047682649417628 0.0729628300325586
0.00578190102524226 0.026926372412014 0.0509972842206177 0.0860797484536369
0.00634184112150887 0.0238414518507381 0.0532722274125223 0.0806244397479705
0.00619628894967546 0.0185808198676565 0.0516511482942098 0.0853986266502945
0.00586880908683364 0.0221499789540065 0.0511306358577264 0.0833983814459374
0.0058850303003442 0.0214931536605331 0.0575360144288358 0.0854157001694103
0.00583062153151685 0.0206287389410313 0.0479733028481318 0.0758272605083418
0.00614521257619964 0.0191802491934016 0.0429584964827818 0.0748103723498773
0.0058504341004337 0.0208460335992009 0.0427746296998976 0.0779247611608072
0.00529667997742627 0.0205317306733318 0.0395596617183684 0.0761261471442493
0.0048870326382685 0.0187879863881851 0.0475610534537266 0.0682168004578804
0.00550129568792183 0.0177170344157484 0.0446980171009345 0.0659127558760702
0.00564035280238977 0.0168816603123379 0.0462402600815203 0.0727230728792575
0.00583462759311135 0.0158818684316085 0.0463978603295445 0.0604496590792064
0.00601124481528897 0.0162037775271419 0.0377471302202938 0.0718794222312407
0.00574470216820111 0.0227114129668362 0.0446754077540662 0.0885274818142817
0.00548171178955862 0.0201101156593031 0.0478988687574552 0.085731687592108
0.00596237623082531 0.01775778314135 0.0461446308829333 0.0832309065661015
0.00526176144638374 0.016758866921391 0.0431975697763623 0.0887946870017778
0.00491248949192833 0.0194400360744581 0.0418527629950364 0.09500591228592
0.00515525820077705 0.0222231023240801 0.0426790281409965 0.0785076838453092
0.00532227553235422 0.0228054937531839 0.0410833954788235 0.0642988955589813
0.0054178449644462 0.0196838754441637 0.0389650130528485 0.0576267933574705
0.00549165969610956 0.0194630338327525 0.0403163068759554 0.0594244296952878
0.0056029634700693 0.0192353847341051 0.0418338332237893 0.0687109928201844
0.00549157859236192 0.0194966440151559 0.0477755859319073 0.0739131372456484
0.00513768066708651 0.019705426714456 0.045258398968024 0.0835418665552312
0.00476682410655279 0.0170607404250399 0.0450836599844941 0.0730907655314611
0.00490889369847183 0.0181000534306914 0.0435155554264967 0.0657943858389442
0.00522696786954513 0.0186459161244875 0.044697193623334 0.0736443923153855
0.00559020354015347 0.0190227146361105 0.0421605805780786 0.0752475536629097
0.00594025386669129 0.018166487116084 0.048002333576161 0.0655733135556215
0.00544697677136833 0.0201753884954889 0.0459825711290602 0.068518259947933
0.00550983172208705 0.0220677006728535 0.0405062553431701 0.0702024342933438
0.00579255095478321 0.0196376761139262 0.040149339229293 0.0844073544717818
0.00660086503179221 0.0196501599607767 0.0434263480765966 0.0822042119598782
0.00668168516252063 0.0219327858378306 0.0403480269273329 0.0747815151756172
0.00660505439746941 0.0217634540147225 0.0412137631972928 0.0773048208967791
0.0061757042281205 0.0179466482804618 0.0385002342603568 0.0660402198798531
0.00560495680538917 0.0189224544426482 0.0389510948095033 0.0562584482986242
0.00566419372101022 0.0179996134943621 0.0435920064906927 0.0784734470726273
0.00543145752146794 0.0177201257350944 0.0436844489297474 0.0857797625478451
0.00535821623668772 0.0179465725140976 0.0421394418515451 0.0867331576880769
0.00566797429491118 0.016389565535056 0.0433835757811457 0.0630374724968857
0.00555786850473591 0.0163820107630084 0.045120574298571 0.0708616066361087
0.00502292657971187 0.0172013376055079 0.0402042632875647 0.0752844958181725
0.00473491579051972 0.0187092796189653 0.0409777746306137 0.0746504579810373
0.00514136517474422 0.0250890954298673 0.0417553076382913 0.0857293784522099
0.0048138069012916 0.0232657384085201 0.038427971706916 0.0838743622459211
0.00481967535040675 0.0241025389458669 0.0442354543252412 0.0724394956385048
0.00441430855126037 0.0250691408463852 0.05180348853345 0.0651771018743005
0.00454028325149569 0.0227693708713614 0.047468412270758 0.0766165243585543
0.00449632990792355 0.0184953583603611 0.0452804221806598 0.0761968678202074
0.0053194102370196 0.0191714240468843 0.046895947798425 0.0718642130045528
0.00543955672025645 0.0183690248062644 0.0424421301578688 0.0830470209175829
0.00561220778440969 0.0184121840678539 0.0451415313986309 0.0784229728275895
0.00546322102186174 0.02064835656242 0.0384944030953017 0.0715488504027408
0.00611345097509398 0.0170366936290109 0.0377891136949466 0.0744922066601998
0.00563068078319608 0.0189199672296808 0.0367842097172854 0.0814653540918538
0.00593702442551308 0.0177004167652207 0.04296052476859 0.0900751584520914
0.00615984528710906 0.021762859823469 0.0433155557751554 0.0872350942565555
0.00581776041302645 0.0189845612048586 0.0482955879051435 0.0813782784463689
0.00551210953437146 0.0212657703314194 0.0471243112271644 0.0734911033153947
0.00569685834291813 0.0209150271918508 0.0369707844084249 0.0740278223027642
0.00585062719389789 0.0251253056865978 0.0395069323145094 0.0658182244414167
0.00581742753441322 0.022852772682914 0.0454273352785991 0.0836349493960218
0.0061051710137262 0.0252072735725371 0.0436882576018089 0.0792131868494808
0.0057957373641509 0.025003460857956 0.0425418790220375 0.0736904072513202
0.00559183761975671 0.0224277022865716 0.0498111154539224 0.0733569267025975
0.00485496555416384 0.025624909029471 0.0437536176369315 0.072224530740201
0.00531106683301333 0.0211233417293521 0.0453407323884857 0.0663656839009358
0.00523985856300352 0.0217171574959875 0.0455979331719868 0.0770187368701406
0.00547594119151291 0.0200211417601704 0.0413473596850584 0.0772762391358499
0.00577132899471541 0.0206934862056938 0.0467856157756571 0.0722641845660077
0.00544771909012243 0.0197399810380677 0.0596444782639353 0.0793564616025938
0.00592899723379218 0.015830352106986 0.0515593794744537 0.0841293125212325
0.00579186992096895 0.0189357193183454 0.040020555811543 0.0939800395179771
0.00534448518901838 0.0193406167098737 0.043008633262795 0.0938345196251118
0.0053924984731868 0.0204472454579721 0.0391952474645616 0.08124375829821
0.00619125474248616 0.0189153634552555 0.0411594970870173 0.0716506734456263
0.00573896193465457 0.020102594740177 0.0395588249014021 0.0754212495011262
0.00551975403330101 0.0182690605041206 0.0462966062207679 0.0769206571062643
0.00574682264440973 0.0211067227581089 0.0481492677516287 0.0813488265410744
0.00595779591893119 0.0208113609532068 0.0437440824121485 0.0636155448882018
0.0060102676118289 0.0208071627808852 0.0466995019131453 0.0791151398306788
0.006099068315321 0.0193516806868951 0.053175202564925 0.0866568552485335
0.00596226770866649 0.0190426099927224 0.0459409571009542 0.0820991248391797
0.00607326294962094 0.0212836959857123 0.0449733113499819 0.0799277951443647
0.00609483805972572 0.0197096966763672 0.0458107048616078 0.0806703072434208
0.00617790902902994 0.019678871333394 0.0443212340943237 0.0789902286896052
0.00632403844516477 0.0217005914188614 0.0386561072884728 0.0804507713323296
0.00665123492781068 0.0192680790273835 0.0454128901178357 0.0786198180694615
0.00669689725025042 0.0184575990455548 0.0459518046491677 0.084709847338975
0.00654329635069497 0.0207680642087516 0.0455330500593173 0.0945982372733551
0.00616804233624288 0.0212040058453838 0.0493578173659347 0.085052253165308
0.00594260814265435 0.0203260525618519 0.0492865281607263 0.0852048871768381
0.00619877546333172 0.0204202447846956 0.0437362357952766 0.0736637179384148
0.00662017265536632 0.0224609630760073 0.0393642818333084 0.0772416414155224
0.00607492636673269 0.0196140401572508 0.0448817920745261 0.0796733132394633
0.00640835618046717 0.0212420490925943 0.0461906101719148 0.078992518427224
0.00571018713321751 0.0257605184403976 0.0466695483615251 0.0794863116920465
0.00599446491201217 0.0236135934515647 0.0436316640268289 0.0793866838172307
0.00607094716640852 0.0207040390579878 0.0419359113114881 0.0878315662303928
0.00575850356694462 0.0231887056723203 0.0350424682005419 0.090706427205407
0.00599970861500076 0.0218253689931712 0.0419509027559859 0.0866663020865948
0.00562325085012011 0.0199947693598342 0.0396286123480131 0.0782065362768437
0.00548757904186234 0.0211225121873031 0.0406119671546583 0.0779165124512879
0.00531531359640081 0.0227963514084321 0.0402620094765542 0.0827624057622464
0.00566944346321717 0.0193896004868177 0.0380772738127807 0.0770605837905088
0.0057296358352647 0.0198486972372678 0.032660282433327 0.0795423957011466
0.00511818562432669 0.0185019924901584 0.0374714562143806 0.086029399295783
0.00464453922218964 0.0206189260611385 0.0431837229686347 0.0819195386371335
0.00480325484860711 0.0188011612105262 0.0497761151287549 0.0788387621606062
0.0053230201012321 0.0160333584269358 0.0488150363267927 0.0786730429019162
0.00527240669978636 0.016322292457664 0.0515748286648585 0.0783909245673407
0.00577428621768252 0.0184650089896473 0.0480797229459076 0.0700239972884734
0.005804354540261 0.0184238968134093 0.044645592443564 0.0787995867085834
0.00577604652504343 0.0146647410991261 0.0463165130646919 0.0779718686879158
0.00543132456778267 0.0203485919499452 0.0444900405839242 0.0677825729914632
0.006392773295417 0.0193319838965025 0.041801361945993 0.0712875792588425
0.00579997095842979 0.0202246772288757 0.0394221339727664 0.0756023322490423
0.00573812873685778 0.0230567677828991 0.0408767526601949 0.0727102390054747
0.00641509392596159 0.0195491414292362 0.0435977969199106 0.0682919605350904
0.00679839240294806 0.0208272446765195 0.0388836805838783 0.0718368924752578
0.00649914591602819 0.0188334333653283 0.0398714785961903 0.0626335076671
0.006481981569927 0.0211533304395581 0.032045157973506 0.0613558972875243
0.00608741937832448 0.019862737746581 0.0353228722766281 0.0668513441351922
0.00587278701028495 0.0183516245301414 0.038930069392835 0.0697252284995818
0.00611026597858386 0.021070296244114 0.0401106432793314 0.0739560049295666
0.00619513880048341 0.0219440966850405 0.040969405114593 0.0691478347982484
0.00563665230040849 0.0161352856551224 0.0445244720513531 0.0886436440046898
0.00511205636207885 0.0196383233487704 0.0517217303176794 0.0844457782197186
0.00481397606844034 0.0203775165123332 0.0473409759828224 0.0845988908901419
0.0046734272935696 0.0209240782412674 0.052376939934566 0.0818429376637199
0.00508470243836493 0.0206489645129726 0.0451733216791961 0.0803665187805671
0.00514090170117367 0.0196180732793342 0.043965545912832 0.0791925030522009
0.00494270310803028 0.0175575219076819 0.0400862249639117 0.0816650693180531
0.00568441950451992 0.020174257195004 0.0364323093477103 0.0921247736561422
0.00586128707466798 0.0227551055280283 0.0389789681339712 0.101396728633651
0.00562934073430881 0.0231959575280816 0.0388823666867702 0.0838335249897259
0.00599412523683881 0.021877016229219 0.0343608481706498 0.0786339962826347
0.0054602476735084 0.0220149121747086 0.0413988664952086 0.087219901596955
0.0054220764621502 0.0223709052701638 0.0402767850232096 0.0942927579019491
0.00513894567344525 0.0194844277972801 0.0424820846243423 0.082999586245254
0.00526757727745035 0.0213816992508967 0.0378365234110012 0.0764444856293453
0.00524935706020523 0.0183604656084611 0.0329426933888066 0.0788581817543806
0.0061313275553225 0.0180253780528749 0.0324639139412171 0.0744172228831337
0.00600641487528466 0.017849056461299 0.042798564890577 0.0690213951217692
0.00549625685319882 0.0187617468490517 0.0410189521511679 0.0701445709531485
0.00608038864328335 0.0187430871395125 0.0416801795027582 0.0752648196090936
0.00637025136070641 0.0184808358066476 0.0406609431892213 0.0715604005634042
0.00691745084361057 0.0178756507977927 0.0389020222568285 0.0776848143884698
0.00684453665199993 0.0167935302729205 0.0380639523943967 0.0752379462177984
0.00656365143914772 0.0213052230311422 0.0420068431644824 0.0783326568423075
0.00700777448203406 0.019827742048918 0.0438353538824595 0.0726674277622156
0.00708010436624187 0.0187093497756612 0.0461386258132998 0.0774123387980872
0.0061507521283878 0.0174565911277046 0.0518372884322708 0.0703764259692923
0.0059858992507586 0.0194596518073083 0.0512682448480417 0.0757594586303741
0.00541191132715704 0.0202442647188796 0.0467967597782531 0.0771630647534304
0.00544701653873448 0.0221607370425048 0.04497428562013 0.083334292892915
0.00584218291165796 0.0196730500118263 0.049425858864626 0.0891345285167101
0.00540226055165342 0.0203575862240948 0.0516611793836453 0.0856050450857037
0.00454417111284011 0.0214394485070876 0.0484867908547505 0.0819201608208558
0.00457017341183963 0.0213758271052361 0.0548625232697998 0.0744422024023021
0.00463848656522442 0.0175392570894422 0.0535535974288948 0.0741154607213976
0.00481786360372418 0.0168126297743975 0.0487308986255378 0.0717323516724169
0.00533070429970948 0.0180282252503824 0.0441029977075094 0.0793010899651694
0.00518783206964342 0.0180870747213839 0.0434275977247687 0.0827583779362103
0.00563411981848978 0.0174670916541724 0.0449358264462181 0.0857470403211938
0.00549033613632357 0.0179486326241669 0.0419397054777258 0.07283231188971
0.00528154611821027 0.018969482547166 0.0415491963835113 0.0688354059571057
0.00584065049921185 0.0210784323684029 0.0393251633951569 0.0837791073570184
0.00595979294142148 0.0223472197192794 0.0462661844687723 0.0763254893357793
0.00572033965135319 0.0231805337719047 0.0439789075099522 0.0632327464332353
0.00621630440314998 0.0220770550085736 0.0439731636871511 0.0661193695057823
0.00643367525702498 0.0227971229929785 0.0392458838873799 0.0737910453513366
0.00614139949010478 0.021089870283214 0.0363777222526714 0.0773452789049342
0.00680626106949817 0.020411143268804 0.0420792074870956 0.0779291781114599
0.00697866878168622 0.0208933100343895 0.0411210702685963 0.0810692563340712
0.00671874134684391 0.0246287050347467 0.0398426626686678 0.0731083659407559
0.00657370541416776 0.026339979557374 0.0468746920705838 0.0682720536622237
0.00698441533251182 0.018019376055378 0.0375483352791232 0.0755384321389748
0.00704092144682496 0.019852653479106 0.040227540224037 0.0784774209087589
0.006569619611377 0.0214089378774781 0.0396699708928684 0.0761256693904235
0.00685171743435348 0.0192303952898904 0.044726531807336 0.0814220014509644
0.00647806279914776 0.0194444703631011 0.0438733143808226 0.0861715021434498
0.0059644837730166 0.0201025426591693 0.0403197163367707 0.0896576915450999
0.0058757293913478 0.0209817030756757 0.0440882650053712 0.0736458878203918
0.00620363445885093 0.0234215203941084 0.0414462601811942 0.0710379692418581
0.00607161030104643 0.0222873860481695 0.0419212060528555 0.0791159950525512
0.00575738931373653 0.0216099722485655 0.0359716882706099 0.0676119403396277
0.00602852740378078 0.0201431996884326 0.0393365443214595 0.0720785154866471
0.00631299392020822 0.021244031892548 0.0366846737255575 0.0704989541185238
0.00630988879586113 0.0233568912196316 0.0405003519988651 0.0781454274980478
0.00558963131287722 0.0207924744129003 0.0418037662578635 0.07986456201236
0.00494028587095956 0.0216340864758878 0.0419702169144869 0.0737128321347969
0.00511792078750617 0.0217891214393692 0.0375234691551051 0.0800402999501275
0.00505951124043816 0.0209199742468997 0.0360443550287929 0.0797622749518998
0.00566027440281925 0.0174585590570448 0.0462225101436344 0.0753662203931026
0.00641339802233688 0.0169257764905246 0.0523412368498823 0.0785682793256901
0.0070893435389699 0.0198429151655273 0.0492307934212523 0.0851130730665972
0.00709342722634497 0.021139658318198 0.0433571853074067 0.0799940659284675
0.00677947020207589 0.0193381498269092 0.0390242485664825 0.0826098129348247
0.00671635971840309 0.0192158856114597 0.0377177236659187 0.0759785630710816
0.00639837137015877 0.0209957492560752 0.0393320300247321 0.0802930986197956
0.00621503009867013 0.0214778641056558 0.0461200880344004 0.0699687640170304
0.00643323918917354 0.0213177915330986 0.0453363761442279 0.0815778893584961
0.00596982442447279 0.018938544921119 0.0451195019715328 0.0885480770389956
0.00602815093202031 0.0177177084153865 0.0459399095969751 0.0837294045862097
0.00617469613143451 0.017709485726427 0.0400215866903218 0.0799558433206375
0.00626165854370686 0.0187943700112732 0.042362876388215 0.0907908413871596
0.00659529414036518 0.0198672246924635 0.0451082049560346 0.0908443457619353
0.00638140334656884 0.0220130549414254 0.0414594888132513 0.0901307480762198
0.00598477951315784 0.0193570523196491 0.0420369519854209 0.088941106579243
0.00621489843347652 0.019731536032232 0.0408417271199272 0.100938212749718
0.00610496765905311 0.0182139008778719 0.0394434954878064 0.0807843476451173
0.00599911981650187 0.0199736569126769 0.0377445887605446 0.0805158395754475
0.00610486902373057 0.0184206261145532 0.0377291210109533 0.0745395231269372
0.006082440847809 0.0186780178836035 0.0449538967776487 0.0707552041633312
0.00585199125571836 0.0184220305012897 0.0440446870946054 0.0711338182833127
0.00579554799982489 0.0209355284692414 0.0429970030398872 0.0714627748578873
0.00622204017517567 0.0206513284689092 0.0368823383409184 0.0744102121334901
0.0059918968715507 0.0221018223985883 0.0449370838711404 0.077393356689136
0.00588080394320401 0.0249623154246924 0.043844794675245 0.0742033637389793
0.00581355247621617 0.023086312071882 0.0453480100644733 0.0781412305355685
0.00621672291239274 0.0249361208896632 0.0462084827719769 0.0743311640805778
0.00587160457932791 0.0247559232916264 0.0464694230773374 0.0831976573785038
0.0050231765912206 0.0238704533931714 0.0493992006310293 0.082796778270382
0.00508817082386586 0.022109781446474 0.0481292635859811 0.0714491521001234
0.00523269608836684 0.0243785778804677 0.0464406651181838 0.0761855914107487
0.00576906739074705 0.0240787375280862 0.045049969913642 0.0695231986625629
0.00600026764557601 0.0244936873779214 0.0442381712726984 0.0724468008593035
0.00609309994255291 0.0229287294899451 0.0445635551953426 0.060817801750036
0.00592651165247899 0.0194539850743451 0.049400405131785 0.0739659598136319
0.00545193893576843 0.0220056345405534 0.0456892925759524 0.0902829567780333
0.00607784054674589 0.0212865618037626 0.0467910898377462 0.0917736042226377
0.00580518164003539 0.0183485110041273 0.0468705647225336 0.0905270163046779
0.00550997867665138 0.016803623811253 0.0442144817824496 0.0874137426948748
0.00587042471137567 0.0181621881585221 0.0432253631648117 0.0757772226111551
0.00617981187825651 0.0193227286655832 0.0433581069815627 0.0738376144529091
0.00682109449418543 0.0218400169985125 0.0470023599355585 0.081410432397327
0.00688788406726801 0.0212433048935638 0.0510581517594415 0.0887469232100992
0.00634637588351877 0.0198759663380722 0.0451582151444807 0.0934088357186949
0.00605431939006758 0.0217989749481583 0.0444345537904306 0.0914901081137441
0.0059585481954259 0.0238195737977229 0.0455039217368246 0.0866394824583353
0.00560435400512465 0.0221236951702036 0.0448682355430255 0.0908073825364156
0.00581875397529044 0.0249585601716879 0.0475924656374035 0.0712122412569476
0.00624483955718524 0.0232848342131389 0.0447838606477811 0.0817556424714658
0.00632703844212926 0.02187640663206 0.0443673414299817 0.0875332152233337
0.00666410398073708 0.0178099514702049 0.039666956005903 0.0969535212961301
0.00663677698439181 0.0186642935059534 0.0386715251403139 0.0865917867643025
0.00635660788195245 0.0207584530522435 0.04208872461622 0.0740972624736391
0.00595959773162532 0.0233840000485345 0.042536480418218 0.0828881468914434
0.0067180967769152 0.0221941950141369 0.0412804989647289 0.0719194591948121
0.00694583307147205 0.0242303785367144 0.0405816142720441 0.077745635186979
0.00698486305228878 0.0245380182876349 0.04219339719013 0.078459801945582
0.00657393456667296 0.02273837101522 0.0423351004006716 0.0676364164607035
0.00751228128068363 0.0213787647426366 0.0470610155435419 0.0753665817431435
0.00671659921635681 0.0226750019010006 0.0439778512648032 0.0853878342294958
0.00628014798866889 0.0225033149981969 0.0380426033330126 0.0913189936021427
0.00673176269139982 0.0232640412616225 0.0430755842477998 0.083852881115201
0.00666549778262345 0.0220234175131712 0.0469490657386706 0.0767073183884563
0.00643264821680044 0.0220774354819436 0.0467357958064682 0.0801482123429501
0.0057944441762657 0.0193271989113285 0.0391974747198319 0.0760382466909027
0.00536091862855222 0.0169352370432193 0.0372799016301987 0.0781587139936841
0.00519969233630573 0.0170898534915626 0.04224441617733 0.0732885438212504
0.0050037555419635 0.0187416120313029 0.0402393467444168 0.0657247811011315
0.0055849776188849 0.0196574816834818 0.0390855611329687 0.0688330528645239
0.00584579968343487 0.0223397780589489 0.03822957749572 0.0694570537569446
0.00559978410124253 0.0190305914221683 0.043653942626478 0.0715846951674473
0.00596235232699176 0.0198574123944065 0.0490933526459003 0.0737736223384196
0.00608427920141954 0.0194828431264028 0.0451080277461018 0.0840975088123628
0.00598886396863817 0.0187394729072749 0.0405797032805618 0.0823624906505125
0.00607492993137485 0.0174021882783817 0.0417742608472994 0.0913575902437749
0.00564852223741582 0.0179289389643846 0.0476708242103528 0.0816121101120782
0.00570530555980159 0.0201991248920332 0.0400082890114644 0.0794220638308459
0.00571493097179169 0.0241754363596331 0.0362158108272418 0.073874784806786
0.00557695092789168 0.0190749609139413 0.0365314879376851 0.0789342784030094
0.00609706928779634 0.0209007688213843 0.0377479379268184 0.0844083276530095
0.00588737798034869 0.0201944781100772 0.0357165042055034 0.0798513259472019
0.00562516961134229 0.0211326491124361 0.0423635127278279 0.0714437724593623
0.00606404857230899 0.0186032235825076 0.0403841871254589 0.0569452784610851
0.00612689624235782 0.0218351996343499 0.0412225146316201 0.0673784908004565
0.00589519059844416 0.0234486387126574 0.0370829776312852 0.0797561533220352
0.00627048140689126 0.0217318158349248 0.0496588710042811 0.0859688688334074
0.00634410441267812 0.0234203342324684 0.0461208156113439 0.083365885399833
0.00642365855748641 0.022542642068759 0.0422574000241676 0.0820812280814185
0.00704183417477241 0.0244403155365205 0.0433967505291951 0.0862074683105661
0.0074479417548251 0.0230677170560321 0.0439139149689245 0.0912327676395238
0.00691670188757962 0.0228717518855514 0.0449325114907707 0.0912752600493686
0.0065802491086477 0.0208588556322018 0.0464206901197178 0.0813967994029936
0.0061562321735108 0.0211442704069143 0.0536529950486688 0.0752035324981916
0.0062728566464083 0.0210763812115915 0.0458209441507459 0.0718612221495337
0.00599658180857948 0.0215776065927534 0.050919808487777 0.0707632310335758
0.00658584215665154 0.0184764103923763 0.049260944348437 0.0629950911617523
0.00661626510032889 0.0201652062447463 0.0432561500414747 0.0679538109341635
0.00653643931909642 0.0224131520431253 0.0451917604636881 0.0707370569396767
0.00653005504504265 0.022108479168584 0.0493986545564939 0.0775377658855812
0.00647288179426245 0.0227406126046677 0.0487240542910362 0.0768964983443602
0.00645816686634149 0.0234177892221814 0.0474535110609278 0.0669919288877841
0.00706395602638089 0.02279191988233 0.0382040187093396 0.0887377929983262
0.00696080786107838 0.0197586240576496 0.0370949398165057 0.081372842381417
0.00730105994992135 0.0232015371233794 0.0395556981834153 0.0857163880559598
0.00718687567352283 0.0251655642076124 0.0395891258308486 0.0782032710030044
0.00663598195664016 0.0259305085484039 0.0405251734276303 0.0783001779182148
0.00703018294861734 0.0245513167527845 0.0409544953841515 0.0795889372152204
0.00702042382309147 0.019154306475298 0.0409619058166526 0.0825954660109481
0.00684616774149052 0.0183686921919765 0.0378660403839433 0.0768066591090196
0.00611327790676441 0.019559022452315 0.0389711964223639 0.0770937321881763
0.00591851824230786 0.0207671912612247 0.0448505690578318 0.0802008598943905
0.00609903185008109 0.0230106573838877 0.0418662378710223 0.0755041721749337
0.00613594304104699 0.0227930406970577 0.0346663414077098 0.0816106244502883
0.00600121190971461 0.0231432430377513 0.0435728091900748 0.080759633761995
0.00597123146340166 0.0223700741337027 0.0474430832852927 0.074451240303728
0.00601024019098738 0.0213205493338525 0.0508043432356774 0.0773740039589818
0.00587934809624479 0.0197391106665635 0.0474407456096334 0.0733743925255134
0.00599320430514379 0.0183413753905674 0.0420877252152363 0.0784060520559327
0.00652833321717143 0.0202840977868301 0.0440719198837273 0.0869850889319925
0.00671305532045341 0.0204009930104676 0.0388042056336897 0.0929174958264497
0.00639656049896652 0.0196483401613468 0.0377968734163781 0.0871563001934951
0.0064881182359004 0.0200690489791162 0.040134862649154 0.0975766957929922
0.00655195142531031 0.0202200223933625 0.0409619239670631 0.090965576286626
0.00594973106744707 0.0222415259734231 0.042485610677607 0.0818445469866242
0.00570879206371602 0.022766073571008 0.0405704391950866 0.0720649498213216
0.00522424146706734 0.0233555372640815 0.0417671409376938 0.0781961513376616
0.00531570296434448 0.0222420486038843 0.0376987134651765 0.0784187227682517
0.006072856432899 0.0201607083068353 0.0383787731118383 0.0812424979007573
0.00602411029383785 0.0207418435046026 0.0415258495679173 0.0815680263588894
0.00619120025979092 0.0240858846771158 0.0410776804601207 0.0861632469022049
0.00618891782821418 0.0220130747253429 0.0377369202694925 0.0725628321169084
0.0062024887744612 0.0226554630759734 0.0428414150305604 0.0690969899742935
0.00651689942823568 0.0220961787140182 0.0486913398080789 0.0805187322384649
0.00683294585813319 0.0222243109057268 0.0506620872211994 0.071071358934108
0.00704902143054645 0.0211747596318446 0.0471097586644206 0.0761270285202271
0.00669768303269765 0.0197942042234383 0.0458767266619597 0.0708100134440446
0.00606378956663437 0.0184580322061057 0.0380734640590414 0.076264350851166
0.00591323341516959 0.0229143389369041 0.0405997495550272 0.079706369819557
0.00603017654854552 0.0207813896854441 0.0470528078830392 0.0829477717897747
0.00597378825301401 0.0207663529917195 0.0417254455523486 0.0861415236710518
0.00594150116953086 0.0208733043832001 0.0389240714209444 0.0797084548279441
0.00569484460823326 0.0204182502258522 0.0459928654462995 0.0786586089589161
0.0052144645891833 0.0215533585757513 0.0482601957007953 0.0677465024521965
0.006085237980738 0.0202176181472161 0.0462272939172208 0.0726509067475771
0.00671442819518373 0.0196001478536262 0.0411290659843815 0.0687850054272188
0.00688149847350258 0.020818779029902 0.0448137990772588 0.0698229241119101
0.00681061962926746 0.0205996961413209 0.0485740988838588 0.074110834964678
0.00636779833020234 0.0162914055954862 0.0527749738638849 0.0703674193266145
0.00659184209711673 0.01790232848037 0.0481520354687941 0.0788629478740653
0.00637906788699018 0.0192655629819426 0.0447370621191705 0.0814572552646973
0.00575192878223737 0.0204646123064116 0.0452683416421354 0.082333567566858
0.0054652925999848 0.0247070063081009 0.0384782127316579 0.0886660136944427
0.00561151038047792 0.0224864900894142 0.0385444896672892 0.0878410735704751
0.00535947334984013 0.0231133532374114 0.0399569835594996 0.0897323962689421
0.00501535672547626 0.023190367234149 0.0405148048882095 0.0939520744685085
0.0050597407506654 0.0225120727957302 0.0452548800386493 0.0885597937866786
0.00544107140952515 0.023648455570936 0.0416223042698457 0.100748648773672
0.00550805592508904 0.0229537507417487 0.0439529578563869 0.0925359791928063
0.00545106322551031 0.0199002417349874 0.049368403844166 0.0838654040020842
0.00594533593233382 0.0226306040261884 0.0569283685176383 0.0857793188438298
0.00551629826560229 0.0191997887159108 0.0527572654955308 0.0912967086434806
0.00627768643267814 0.0189400549483483 0.0411553191431918 0.0772401819644284
0.00591921812273514 0.0184809207789501 0.040370211734384 0.0691430080003486
0.00564672422133478 0.0187082433029403 0.0404484677404855 0.071326450730951
0.00621440067744091 0.0199196425029046 0.0467067005072676 0.0716972556550164
0.00624624857679064 0.0203391345942522 0.0454569045856264 0.0821768357740487
0.00603335603139976 0.0188769953074927 0.0400553834914679 0.0775125542251719
0.00634158577860458 0.0169336923229261 0.0424821470701029 0.0721809574004661
0.00674426024024457 0.0156659831490496 0.0476121659301032 0.0723689956023062
0.00640413030108073 0.016643638611994 0.0522725994575209 0.0840548656179682
0.00560836666925823 0.019290398810238 0.0431689663572417 0.0905476169789696
0.00592388579752069 0.0196077728050137 0.0465602491827082 0.0789703501171747
0.00575954112592081 0.0214712561335078 0.0499078494873729 0.0842709714474412
0.00602720508119569 0.0218166214533394 0.0476650535052508 0.0754396042499227
0.00633883089008881 0.0194184247632078 0.0493434786629883 0.0855343900152485
0.0059538498568915 0.0184119332771683 0.045207775063321 0.0846982140475989
0.00658470230483587 0.0188191731782924 0.0466260698944042 0.0880037142412485
0.00671624186406264 0.0155122095384536 0.0426918795120771 0.0739649838174127
0.00682664540322222 0.0195660307174885 0.0436598214578379 0.0712292568746183
0.00654582745188169 0.0212016889065244 0.0446375400643731 0.070679768157923
0.00616571257257301 0.020613636511474 0.0441860639754103 0.0635437980722921
0.00550785037504586 0.0208490881020463 0.0411175313903132 0.0617205462735144
0.00632718891171426 0.0198034469185144 0.0390696508448881 0.0628389930871583
0.00599515276032184 0.0242656902424048 0.0432264777332445 0.0707906263090138
0.0059932615550228 0.0213755466472902 0.044765846447028 0.0734609421159534
0.00656927923255196 0.022427114939352 0.0465703715415667 0.0746783354045707
0.00596446964652865 0.0239508933343861 0.0483156568808502 0.0661561795291647
0.00613364153630868 0.0221696895782108 0.0551550779940702 0.0683731996010819
0.00663725668671126 0.0221420179384353 0.0475453927923839 0.0724210438417266
0.00656111855244926 0.02065287619089 0.0473578576710211 0.0833389437270601
0.0068480439579819 0.017968608791331 0.0500923537705025 0.086992407252542
0.00653708308974705 0.0190006099891032 0.0497531185132247 0.0872962290930377
0.00621640699042792 0.0167701908487772 0.047195621747034 0.079935116314381
0.00614186924963278 0.018522133862162 0.0499173969934895 0.0808871082567028
0.00623281742699904 0.0199625661811865 0.0493810349496737 0.0723167055486742
0.00606502868621908 0.0199012381367013 0.0519750721590883 0.0711259813194206
0.00577051578529082 0.0229169092716636 0.0530769930758482 0.0800695488584171
0.00667503969497487 0.0183262523173536 0.049355494999567 0.0769143268381472
0.00750843758761205 0.0193553858090273 0.0444503086173094 0.0781938693464812
0.00708894902724514 0.0203261559272834 0.0347872693643401 0.0839171170646563
0.00713314528811391 0.0238189768426014 0.039759372249248 0.0849516915065412
0.00715583244222382 0.019934213103558 0.04151421317953 0.0731089221969057
0.00774136066436488 0.0199943113565445 0.0462254604325563 0.0673846262581211
0.00705028494196145 0.0191913878757482 0.043211475265132 0.0794383054839408
0.00696800336785738 0.0191261498881749 0.0496335707667715 0.0788034047465004
0.00681288518140612 0.0188146718834773 0.0463689902279395 0.0676191489235174
0.00684807226515475 0.0191252112828675 0.0490593828107706 0.0660106215844001
0.00683555012522018 0.0198576193290399 0.0560705324894705 0.0592780215405589
0.00718641202593852 0.0201924508515936 0.0524363798315387 0.0730892553897308
0.00705902869843624 0.016264132283002 0.0506977653139707 0.0732534019710914
0.00688998896013057 0.0198546810932785 0.047070078011438 0.0746185888866057
0.00696231267141703 0.021448459012324 0.0489663779531855 0.0826844333841648
0.00667266117567012 0.0190071764114242 0.0421067750144281 0.0893286941201809
0.00666288511259301 0.0196364098188276 0.0440348493692541 0.0917791476384685
0.00673738207427945 0.0228032032113777 0.043927924000292 0.0865543842973491
0.00660460735546514 0.0197009985515684 0.0421734072733755 0.0889867002407089
0.00674484238190836 0.0172159087944521 0.0382152755840916 0.0838275375630538
0.00650067001553752 0.0168851182056884 0.0396782537954594 0.0842083393063721
0.00687768096667262 0.018179392602457 0.0438574350027049 0.072838696785645
0.00693558501861136 0.0184230623819436 0.038345727034376 0.0743926556617317
0.00670286463384743 0.0205328330507096 0.041176692503167 0.0822141473013347
0.00743586390552842 0.0227286099832022 0.0407101150287239 0.0883870456938122
0.00709207684359261 0.0227210204924291 0.0405362990076503 0.0779120456982541
0.00725313525319683 0.0195391866780133 0.0415934901107295 0.0639604369033613
0.00761105202130817 0.0182080738407279 0.0426322283269121 0.0708726051148918
0.00736150532781471 0.020960881384253 0.0478168752644139 0.0760465765720142
0.00721513309000822 0.0199296471581432 0.0439638284636342 0.0837465941945895
0.00672124547648675 0.0213664413444464 0.0376532922917555 0.0890081592100017
0.00689609279007677 0.0205113324428171 0.0419539076489079 0.0907621545117238
0.00672693845726495 0.0191551679501666 0.040193131070081 0.0924380795079456
0.00690644006549201 0.0235532548034807 0.0426138708806756 0.0913195624026807
0.00660652448468123 0.0217438054188201 0.0449766355864585 0.0797267414349168
0.00671159119091643 0.0214271820934996 0.0405434957906184 0.0822793430864918
0.00581551396257567 0.0213822273450287 0.035165672050715 0.0933810789375095
0.00562567958373825 0.020279839813944 0.0325304566236184 0.0862526056984405
0.00573411869584597 0.0197672344593365 0.0338170577504765 0.0926599187673318
0.00537470807990303 0.0221792935715688 0.0378276106977273 0.081153556505126
0.00525057176413207 0.0211922828011143 0.0375427543041604 0.088333066395544
0.00462145867875943 0.023113907128534 0.0407105965883417 0.0925058626012617
0.00453949546320332 0.0223859593754739 0.0395242493065192 0.0907182368929842
0.00498540163704699 0.0192641278839656 0.0439221889343968 0.082435360698421
0.00534164396271835 0.0186335248378147 0.043684473211045 0.0901351076631902
0.00612541596889164 0.020868819320499 0.0429516436981936 0.0890164813880212
0.00503971738985689 0.0199299094768425 0.0379340498120761 0.0783788211152833
0.00504502034896213 0.0210662271326803 0.0429376409545551 0.0839054228123166
0.00547055149738568 0.0219445413688652 0.0459313366041972 0.0735525359753935
0.00577678253468309 0.0214478184289982 0.0460946893027408 0.0647508153563429
0.00584620333341024 0.0224457632045278 0.0440553789393906 0.0700350269342915
0.00595277577221667 0.0220552644682406 0.0514899095851249 0.0788219396051577
0.00615674257016499 0.0241060308435761 0.0481768305525994 0.0767649481291275
0.00553309826579419 0.0235583641963433 0.0406861424859644 0.0805352670832222
0.00542115080779049 0.025342080935992 0.0450013812277733 0.0644963900692576
0.00523925247382232 0.0220265926116753 0.0425598480414002 0.0721742801516765
0.00519750454992933 0.0200665072262603 0.0453407827313512 0.0795687190884497
0.00518347327857105 0.0209782848155311 0.0449842412259818 0.0662909333796839
0.00520255618941239 0.0189739799684979 0.0482924250018882 0.0711055527010052
0.00528232426122174 0.0204184604976351 0.0458055149358863 0.0895194148020595
0.00512086475419243 0.0240484824651187 0.0425759994642229 0.09006809101978
0.00512726228628782 0.0203940708012062 0.0379460713337452 0.0848271764835502
0.00519721843001769 0.0192321954836325 0.037987630581148 0.0894119109430342
0.0051350713641602 0.022872696930212 0.0397054852453925 0.0838242415965795
0.00480936799266569 0.0201304228813852 0.044357053583032 0.0783669291822943
0.00513476818044033 0.0215456928622784 0.0500059717230042 0.0820726245859261
0.00577757749119358 0.0192704022729378 0.0428094207123888 0.0854149327081118
0.00605717219252068 0.0194759558199004 0.0486302895411225 0.0819024427877619
0.00667957322860296 0.0208347203951736 0.044740502827356 0.0717377042134701
0.00640734933204701 0.0235158541103861 0.0421583444298899 0.0830145731698998
0.00618072981634245 0.0231792612602 0.0384779809493213 0.0752844682971451
0.00614755458949775 0.0216336606436781 0.0358511743090014 0.080645511624448
0.00552160223896344 0.0210113424628669 0.0371644249108164 0.0692475091236216
0.00490816910632583 0.0210318685742889 0.0381798704359247 0.0687553223405045
0.00495547376908908 0.020145046177245 0.0503353845800992 0.0675064398381792
0.00503865492564577 0.0187706571880592 0.0460704938415449 0.0655263236326176
0.0055644125540925 0.0205479900799377 0.0466277803369276 0.0761603686962898
0.00567764322733114 0.0234863526452227 0.0492999697374675 0.0765411690329647
0.00596160623437203 0.0230370404669095 0.0413665430313553 0.0687444095972725
0.00582139859560581 0.0243507560458187 0.0402481923293887 0.0637554722321002
0.00573631085772938 0.0234180706141891 0.0397164933697018 0.0635858704826557
0.00568639138061476 0.0204787997981939 0.0414646220430111 0.055425415031271
0.00580129464886349 0.0220392797720916 0.0413969495678659 0.0695553036453283
0.00571164324520628 0.0239393801460978 0.0372567478916974 0.0677198397583571
0.00614475362648951 0.020942469540348 0.0374695379356102 0.0712440027924046
0.00599022740021763 0.0195936188416906 0.038814620415659 0.0777479741213512
0.00634963534391973 0.0207624293803966 0.041844735607848 0.0814489022880515
0.00620535638636776 0.0198681710080069 0.044176378778054 0.0775295438653517
0.00573444011628403 0.018163601716687 0.0428981502666951 0.0810442618773589
0.00596516913030015 0.0205992077422593 0.0481157123244683 0.0854795530264165
0.00536972907570158 0.0200214995596058 0.0505050040777883 0.082261837323751
0.0055954636920052 0.0200321027366459 0.0555065337918474 0.0790986768255942
0.00585448469896794 0.0191508975082452 0.0477775785529822 0.084463813583454
0.00577390611221197 0.0230306527875507 0.0481667092620155 0.0825032787942671
0.00574365638876383 0.0244860983555412 0.0515179734380286 0.0846385846330983
0.0057036321679276 0.0199851091282438 0.0483058086675646 0.0824970080382698
