0.1 0.3 0.5 0.7
0.844558836016674 1.16362446446474 1.65990730846298 2.44699038240266
0.944487908590213 1.54176626884787 2.44206865817557 3.84125633781457
1.03851848350445 1.88951231521727 3.12153348253211 5.00361843629359
1.1298011071331 2.19872942858476 3.69184344086161 5.97686438913052
1.2180880689209 2.45941834275293 4.16465302285597 6.75734910412054
1.3030509160195 2.70289524191859 4.55210985570062 7.43482430968761
1.38626946220074 2.90725605819108 4.87116614250731 7.96259190202268
1.46621340813585 3.09276268205766 5.13962224499014 8.41981892200503
1.54009134300018 3.23084650161553 5.36344157149383 8.85991594178186
1.61152191991595 3.3539592632458 5.55181931093206 9.13573017700827
1.68063702848902 3.45684371356898 5.65294217989982 9.36161104379454
1.74593779093398 3.53117941389968 5.78994742025625 9.57993639186757
1.8045206299146 3.6193816202053 5.94653388974777 9.79253699524197
1.86226039505805 3.7078337704653 6.03085083912429 9.96903949153798
1.92133360253179 3.75933374678521 6.12894963439028 9.97350437257097
1.97689893150027 3.81058935280007 6.25680906748685 10.0911899914547
2.02748881957834 3.8526159047379 6.35830843058265 10.3298217580647
2.07548344958056 3.90221897593161 6.38670523942377 10.4798722123509
2.12126089284163 3.95296579764879 6.46459348023877 10.5290988700038
2.16350806421165 3.95885492416839 6.5393170536821 10.6948459483606
2.20720535136337 3.98763894404662 6.59083506542817 10.7889589061129
2.24461575284761 4.02521406834445 6.70550482178174 10.897179159158
2.2799957885392 4.02871032002388 6.76645323242745 10.9643080020416
2.31048487285148 4.05881714032919 6.82335102063206 11.1168128133364
2.3426516048947 4.05752226459216 6.88490797649866 11.2838266848997
2.37040877873387 4.09614444357224 6.94132567784464 11.3432955035009
2.39702655151851 4.10524113503738 7.00826666414288 11.3916660785436
2.42613643214962 4.14322568843079 7.07886417890376 11.5364692712137
2.44890242495848 4.17190705670813 7.22342336116104 11.6890656597242
2.47524020388354 4.17485327274031 7.25217465246696 11.7365402009229
2.49595048247201 4.21606912269688 7.29688444688909 11.9559896984188
2.51734906965134 4.2510126524033 7.34081687326518 12.1015491550122
2.53695412262566 4.25556262904489 7.39261529423993 12.2257140220848
2.55688193777376 4.2711701994041 7.47022502109301 12.268443192226
2.5744627810101 4.2910653576026 7.49293857363117 12.4440183105714
2.59198271801592 4.32042546304988 7.52394847183353 12.6020278960765
2.60030790687968 4.35200871681208 7.56844163421622 12.6441529645172
2.60843136390317 4.38913653400602 7.57930229576098 12.7919932952738
2.61987421110435 4.39514416457296 7.63267705494488 12.8826029698007
2.6298014495269 4.41350959209784 7.74612541431881 13.0131428063855
2.63300742589682 4.43048681204445 7.77954983730529 13.0857664358829
2.63279939123787 4.48770879965399 7.80658876026636 13.1334080835565
2.64048792836663 4.50486867150275 7.89171787049135 13.2515074412561
2.64293101463245 4.54072398216682 7.94846911447246 13.480513696974
2.65078250565273 4.56766089914195 8.00174417149993 13.5344287805126
2.65606687387299 4.5727249009125 8.07960091107237 13.5654077168154
2.6667080730632 4.61515013324786 8.1451734122507 13.6345058640483
2.67014177733989 4.62664856487015 8.20914532313035 13.6731340915648
2.67666065278436 4.66046878463443 8.18612825466276 13.7235750588442
2.67765682245923 4.67050215084202 8.27286377596471 13.8728031484422
2.68533932385495 4.66288616157205 8.26540140215784 13.9051026300103
2.68628882773506 4.73053957190959 8.36874533897493 13.9703634799961
2.69592899094131 4.73789077500514 8.39016543153152 14.1742171034974
2.70076946547197 4.74347563857743 8.40693416876821 14.2874479039142
2.6971060911647 4.77405260511867 8.44799028117445 14.2310577368419
2.7048175938942 4.84668713880391 8.48328113467943 14.2470965149403
2.70579740861266 4.8474757109986 8.54211993370135 14.2534691654066
2.7076052377469 4.84716927086682 8.59629893307454 14.3878915833767
2.70932188873654 4.80915386100872 8.61079600553165 14.4342509669153
2.70911958616977 4.82371797288347 8.65033348023943 14.4647596534081
2.71373028924353 4.83896006377924 8.73714652546965 14.6011469441402
2.7133696830707 4.86885863290938 8.79066351313863 14.6754701197656
2.71550331150298 4.88994458579803 8.88971110420821 14.6606459631076
2.72134558026889 4.8947750416233 8.93707931005699 14.6352142017513
2.72770181083796 4.93482236168922 8.9164940848799 14.63610115158
2.72237465039005 4.9570108450899 8.94288083760924 14.7523702794337
2.7299744081684 4.94490582788119 8.92943179333238 14.702883586089
2.72812752980083 4.96230726537872 8.96100288465717 14.7398422344918
2.72898966307296 4.98825746273067 8.99679726761756 14.7305502375243
2.72782801159481 4.99910830880402 8.93142860938293 14.6723066544333
2.72616014949614 5.02810840960215 8.98636548383326 14.6510795056501
2.73072093853825 5.0375833813627 8.98273912270366 14.5782669949902
2.73584872077587 5.05943286680356 8.8901953049694 14.5958627322432
2.73785221739504 5.07310717212677 8.85808251505351 14.4345007054576
2.73477356530123 5.10901780657076 8.83985412090946 14.2563048625112
2.7346269197108 5.09708942733087 8.9074460840375 14.0818893081148
2.73800742401559 5.10951240207898 8.91989592510959 14.0466413677091
2.74153426255202 5.10752794472771 8.94295941460565 14.1642765078255
2.73997224537274 5.12735192730476 8.98299306717351 14.0155911400886
2.74560333863897 5.17948162713362 9.01246424972499 14.0569585618006
2.7400678238977 5.17810117702624 9.098367490357 14.1039102682823
2.74470274111754 5.20707774602094 9.08699523262328 13.9308618289616
2.75033887123394 5.19244673864762 9.10941498412615 13.8728374729386
2.75011362432636 5.20609522862233 9.0765280248663 13.7794890619507
2.74908819819541 5.22899151174078 9.05733764847983 13.6250418168785
2.75249668510692 5.24730879686392 9.04793569119946 13.5746530117601
2.75084733313934 5.24515141911604 9.05666264543385 13.4623836234673
2.75325216011697 5.26435471154162 9.02097299712537 13.2602473678219
2.74753514962988 5.24331329747875 8.99913776067833 13.2791515081133
2.75207608939823 5.25056335760566 8.92427077940225 13.2470371219166
2.75286466341591 5.28308306616625 8.8901321517564 13.1575439831272
2.75673657056304 5.30390823718852 8.82291814814378 13.0839239407255
2.7615933171489 5.26435149942342 8.81008356805033 12.980868838554
2.76370189805834 5.26345713320893 8.79694576631038 13.1068004364856
2.75796067313016 5.2897904262202 8.81276982079785 12.9612909733829
2.76504150223246 5.305863796856 8.7426629714843 13.0635006059708
2.7700049784751 5.32639636787108 8.63672250739596 12.9876108182806
2.76923805484385 5.33436697189387 8.64548493633808 12.8638934532087
2.77005941254835 5.34266221833068 8.57570869195072 12.7655981737279
2.77033365869745 5.34255464287553 8.51460395395972 12.662945385134
2.77528902913211 5.33549603261158 8.51647000060418 12.5902974902129
2.77821405624838 5.3065927656816 8.4929193762665 12.5451904088111
2.78234648415426 5.33606397655755 8.44377869526586 12.4304485255153
2.78663064498747 5.33760010893894 8.49090898162127 12.3176755790237
2.79103326582769 5.32691391350626 8.49778770116637 12.2653923840056
2.78725153279218 5.32884793886391 8.380007979442 12.2064195896228
2.78035468729114 5.33496870027984 8.41240817255888 12.2205139873296
2.77995943146627 5.32444000628535 8.32492076832398 12.0740877996296
2.78216181899725 5.30421995390556 8.29309970084138 11.9195968705949
2.78271986668838 5.34425667837593 8.26930797713698 11.8866701139277
2.78499976225995 5.39263987220086 8.26773900264389 11.8973827477551
2.78935511040701 5.37123840207845 8.23057746820215 11.8180402896445
2.790641097233 5.37525424697962 8.16918827622289 11.7474951556815
2.78977864650784 5.38451314759681 8.11723958909982 11.6087859004
2.78957123119711 5.36291212256139 8.0734248842713 11.5558876070944
2.79032305802059 5.31965800799984 8.06499511949071 11.4197719709781
2.78998990013822 5.32565221717073 8.01549288481956 11.3569174692732
2.78995725480264 5.32206810507305 7.99453534649753 11.424118857442
2.78744158996178 5.35434546024482 7.91506627702033 11.3679465544725
2.79103963453867 5.35405596676786 7.89021857242513 11.3573290584865
2.79164480976009 5.35193457757374 7.90792951291895 11.34507262693
2.79153001803079 5.3585568643632 7.83658657790662 11.2359884023279
2.8010487030884 5.33909165749795 7.84634919169562 10.9997129263691
2.79976059267053 5.31810749779387 7.83267597192036 10.9579076961448
2.80199235767427 5.29993498285469 7.81905564380243 11.0138970134135
2.81000002645489 5.31542341231319 7.71800584738852 11.0680975635382
2.81236832219882 5.29726178547458 7.7026409093281 11.1014597145529
2.81448761365092 5.27273675930051 7.67129541340602 10.9781401361638
2.81544288625327 5.25729368188326 7.63359539058591 11.1269706899054
2.80498232302208 5.23691116334653 7.58535355432149 11.1231090035768
2.80346591808676 5.23750201317019 7.54418414398931 11.0852119138325
2.80792195813512 5.2069838508329 7.53118502860496 11.056819841078
2.80546336512609 5.20645707869508 7.58273947635389 11.0318658311439
2.81171880890875 5.21191979258135 7.54082662639169 11.1169151976394
2.81532117338194 5.19612355235092 7.44975023475694 11.0508012148497
2.81944699247122 5.18809588438163 7.42170585433155 10.9092639985406
2.81938609880298 5.16481520673705 7.4190380697717 10.9137164967779
2.81952465501348 5.14301476340134 7.35151893303589 10.854017333072
2.82425139835981 5.14592318261736 7.29052918755326 10.8462881528307
2.82804427670893 5.1493341131141 7.289844277011 10.7479890843954
2.8337544744557 5.15561640899399 7.28503743123083 10.6864706759752
2.83107245200995 5.1246736148341 7.25616416546406 10.7593021562619
2.83801369393921 5.10310361674637 7.19793921003898 10.7516999319808
2.83477326475175 5.10468147291408 7.16311418931925 10.923844110538
2.84151519396334 5.10281971197199 7.14643949135242 10.8944614517583
2.84316060788183 5.10603252114917 7.16731668561333 10.8547882394219
2.8435148957059 5.08870866807476 7.11446667990239 10.7076603110776
2.84257551208975 5.05658823098368 7.03349717742902 10.6714670912706
2.84512469268298 5.06589319865633 7.02249100915887 10.7940618537564
2.85040850144579 5.04242710179575 7.02320305989331 10.6646192111562
2.84828697477706 5.00627298104699 7.04076951800337 10.6057991803419
2.84057765932791 4.99081920781572 7.01105478191362 10.6446620658869
2.84348552133286 4.97247725056386 7.00481385130719 10.5941244512439
2.83519013970009 4.97099926293042 7.02290829931236 10.6601860932994
2.83753807191987 4.97148616467598 6.97619296972426 10.8231682589569
2.84132556274652 4.93957827525965 7.00076653475314 10.8526001072506
2.84176227705431 4.90470447592612 6.97529611480682 10.8913228736255
2.84756203765529 4.92903747645574 6.95780517748124 10.907073507189
2.85254806346818 4.9266343786832 6.94438079496725 10.6738781087719
2.85293358212958 4.91318722507463 6.90579509783785 10.6314583969072
2.85244961206161 4.91175219756857 6.87345563648516 10.5872914246353
2.85406183835865 4.87863917438086 6.88198475484161 10.6640747669855
2.84851315083686 4.82658901458367 6.8331205927612 10.6454675617008
2.84595317330409 4.82685950125034 6.82321417723377 10.5375330546964
2.8502092594307 4.81211175515176 6.76983624103848 10.5771756937242
2.85324956318512 4.81139550587913 6.77499202714847 10.6634421928004
2.85116726606718 4.80563069878624 6.73392294206663 10.7375347639684
2.85042513588514 4.78192163167182 6.74203037796639 10.8119770781456
2.85205897136158 4.77216979980374 6.70964250613041 10.8602213100439
2.85300805059293 4.73754004024321 6.67609602717323 10.7571156405484
2.8593662076436 4.73806797395392 6.6723213947264 10.71360903487
2.86330029259763 4.72593203984969 6.6671769309676 10.6731257198843
2.86344009313063 4.69631074305396 6.70428613226191 10.5878858223728
2.8662193137876 4.66927304786659 6.67083043892289 10.5820774582815
2.86287630909236 4.70092435389368 6.63155865772048 10.5980777370995
2.86851466464167 4.68899159003387 6.62591479427914 10.5404607449644
2.86847238548124 4.69086173576446 6.61930792458851 10.6075089682626
2.87094382938352 4.70828945551683 6.56670655034151 10.6224540994825
2.87737375755082 4.69230470566502 6.52258994566735 10.6932808019833
2.88180115547646 4.63891019746882 6.55585458940991 10.5064520028413
2.880541425756 4.63460337142869 6.5121148058569 10.5301381299984
2.88018874147518 4.59772747310714 6.53953400048478 10.5573747025568
2.88037618741344 4.60716796030202 6.52858728421603 10.4448981062992
2.87327127340802 4.60541097379204 6.51616929182662 10.4186913590417
2.8750356383033 4.57960838790164 6.51623476490366 10.5579274819957
2.87987207989801 4.55069809201032 6.57732979811502 10.549200418206
2.88090697049407 4.53245963861399 6.55882127439477 10.5465926650628
2.88664172881532 4.50124472682953 6.49874767654178 10.4989441841224
2.88567222098187 4.51243874978482 6.50252517038941 10.4178971929615
2.88768466878986 4.4998510168106 6.50459081271453 10.3999642222906
2.89156226996912 4.51249287304459 6.45713657976105 10.3893913651757
2.88645970700147 4.48136145513628 6.43250035794726 10.6184731945378
2.88695756372949 4.47087876247666 6.40426912430908 10.5984203029677
2.88792040156179 4.4501435285687 6.41793951512016 10.6809308474351
2.88872584792859 4.45322028746529 6.47597278073097 10.7736957555573
2.89302630613527 4.4461556323148 6.42204369973284 10.6157658948909
2.89334152837942 4.45930245682819 6.50055944797766 10.5519863879161
2.89383143196142 4.42669150932627 6.54364688967856 10.5530504606862
2.89159219331131 4.44225690668964 6.50014713077041 10.4881585696539
2.88884734578437 4.45696383986761 6.47441010954161 10.5193225447028
2.88603267345856 4.44541521042832 6.51852157330936 10.5273179732499
2.89056217151494 4.43484942952845 6.51780542364582 10.3853554790555
2.88669452331977 4.41425470838349 6.52049805313978 10.350461250038
2.88292072255513 4.36760632995355 6.50390592867797 10.4610047364352
2.88941951895964 4.36169889784939 6.43870964630998 10.4153092954316
2.89349440688892 4.35819937980492 6.452939914369 10.3745275566211
2.88939605968858 4.36584063247038 6.46292552359678 10.4579818353753
2.89460837630746 4.34239408885148 6.43342832845879 10.4064190216088
2.89163003051716 4.32956087616861 6.45866500321836 10.319489965262
2.89013329337633 4.29591214737569 6.41725805861835 10.4178311589045
2.88983515121197 4.29229842752396 6.45912279815422 10.5010674763266
2.89877934289171 4.29707490244932 6.45195712124632 10.4680751155882
2.89880692493617 4.30672851420359 6.47977900668036 10.4470531819482
2.89636959591599 4.31204828736387 6.55872962016847 10.4962627037826
2.90001133953579 4.28007929248071 6.61682291395143 10.424264903072
2.90274389710852 4.31596440852703 6.54570619841076 10.3761961720361
2.90148347950869 4.28969454051275 6.49906669423291 10.3599811615105
2.89872086596876 4.2580094393298 6.55710874950047 10.3492567969003
2.89812316703586 4.22851539415677 6.50071850665672 10.4787636738098
2.9006321115789 4.22960278978004 6.55832296386349 10.4476171933589
2.90737604259056 4.21753574244337 6.5249314247457 10.4339337361498
2.90881796410644 4.20643975200862 6.47118079621745 10.3741270924048
2.90458764227607 4.21298811571274 6.43050939656878 10.3838240744615
2.89871278658533 4.2180907662846 6.4066043993627 10.4100970174998
2.89837877858579 4.20704400235385 6.37335183411923 10.3804569008145
2.89223704260773 4.15673118365552 6.39462649235694 10.4368536452165
2.89168986563593 4.12549622044763 6.37495721154486 10.5022793789542
2.89206031392486 4.12903420653546 6.35507137884289 10.4188428643725
2.89048466116475 4.15842520227353 6.37511386085837 10.4034548061912
2.89383363653816 4.13844226592818 6.3693911239016 10.3338777115966
2.89251438794619 4.1596838200779 6.41117010836969 10.2999397086935
2.89272927940494 4.15668444672107 6.40046626220501 10.2460672950081
2.89597080875626 4.14757152708872 6.43389211062005 10.2684594458531
2.89711957097837 4.1246206152344 6.4522066908778 10.3603349124247
2.8961175151192 4.13974167350395 6.36583422950659 10.3693667918524
2.89705471311121 4.12179473147139 6.39353637347974 10.3678823162689
2.89630650500866 4.07852580005952 6.33273990657061 10.2461562494636
2.89801937959843 4.0953605478833 6.35677751503574 10.3008861678333
2.89956902173631 4.12606485367643 6.32906768033226 10.3821954352848
2.90690805245938 4.15729844952744 6.30976667876414 10.4972746510523
2.91032293095263 4.15287399520455 6.34293830372555 10.3869127446798
2.90974107286689 4.14703039490223 6.32339026047413 10.4389547404726
2.91718104643524 4.10204662473658 6.3961363193548 10.4360765332302
2.92037590408921 4.10174348779822 6.36665869405171 10.3149318501575
2.91999945151276 4.09067287698677 6.404080783684 10.2950321528087
2.92217868709919 4.04840793452698 6.3420376539287 10.382657000481
2.92337437453459 4.04910672549461 6.39256142958254 10.4480797793972
2.92425235320832 4.0741539725333 6.48572270709155 10.4176973879451
2.92609315149368 4.05330511886763 6.45299625866486 10.4049077311865
2.92604544753614 4.06508797955851 6.45014716025225 10.3959679560438
2.92453569326403 4.08093185947289 6.49843437531475 10.4783535127215
2.92006462949258 4.09491184226487 6.49230550667716 10.3903326231433
2.91497880845892 4.11025980778724 6.46439144022748 10.3653814150929
2.91609545324148 4.12827660732897 6.46494320585838 10.5014250224052
2.9174848541771 4.15134618091429 6.45077341039055 10.4726418312107
2.92157923785029 4.15978758513934 6.43167284867167 10.4243054907031
2.91261730268544 4.12971253846351 6.44514435874857 10.4361591673989
2.91160184930657 4.15545887912253 6.44381925834162 10.4367485601725
2.91168239067637 4.15416424842796 6.40501531900135 10.3654405180834
2.90776247926144 4.15155530605267 6.36937779809277 10.4112473201525
2.9101294743413 4.14407087082072 6.3112063570017 10.4104414078616
2.91343355508933 4.11282687575792 6.32676342518936 10.4464505806503
2.91435541062025 4.10541083918523 6.38245200266895 10.4727233408085
2.91442611418095 4.10416006590075 6.34726773121113 10.4135548949297
2.91907286670212 4.12478678151837 6.38133236762611 10.3970158364915
2.9235767927256 4.1087270858219 6.36181638134899 10.5720206357438
2.92212929368052 4.10879133463818 6.38149748359968 10.5959357815468
2.92428410978872 4.07379199114523 6.35355919773885 10.5615965269847
2.92508999616099 4.06340588367919 6.31699926406729 10.4491913443866
2.92643896573804 4.08456727760611 6.25187939619271 10.4718530581595
2.93091733252681 4.0635225723708 6.22481522533611 10.5215151086475
2.92973837527077 4.06207355574051 6.23562233377398 10.6237300614491
2.92791884784063 4.03661551899108 6.2252322393602 10.5648610006466
2.92855529229203 4.06200402755797 6.2644984086795 10.608636059832
2.92821237196893 4.07076851269623 6.30780867734427 10.464552253484
2.93005785637791 4.05828607954545 6.35323743526999 10.3975570744203
2.92771311364322 4.03646723365172 6.35334608869251 10.3358216626723
2.9243585220573 4.06763635372198 6.32812849212423 10.3405168200646
2.92908352185417 4.09366725688434 6.34278122547294 10.3610892294611
2.9287456428384 4.0820220542011 6.36727348760901 10.4206079684385
2.92557399843148 4.0845990635519 6.3963649532737 10.355333859207
2.93344432193255 4.04925077702467 6.40120599800157 10.3990588190176
2.92965885899497 4.08191037427224 6.32125262322739 10.4683270502943
2.92385135923302 4.04523254202276 6.2942836794947 10.3667206767811
2.92519779113876 4.04020467778671 6.30108772081882 10.3442946788884
2.92536967456427 4.03636809888548 6.33055089251379 10.3090470167051
2.92716107613248 4.04513092128262 6.37599831804756 10.3662668225546
2.92736219324195 4.01613854768597 6.43860438452796 10.4251398185823
2.93295085951953 4.03145565642654 6.4033659479241 10.3796824464359
2.93534971593348 3.97596867169569 6.33823974726271 10.4092439469084
2.93315361025098 3.97126994581445 6.32274721111521 10.4194300057428
2.93931890048969 3.95595893187824 6.38413650836146 10.3626599365862
2.94293837234899 3.9596553710945 6.33706592538967 10.3164240724223
2.94008222422238 3.98488690085472 6.29112882418556 10.2665548891953
2.9396622514413 3.97376940417927 6.31535102994264 10.2964712756371
2.94356371796606 3.98488335692888 6.27863553156821 10.3155885765178
2.94541063412763 3.98798622988119 6.30470658190535 10.3184493954767
2.93638351818911 3.9549352516176 6.27324694148194 10.1950470795522
2.92843044205247 3.95554897635235 6.24643555505778 10.3222542104611
2.92894192523982 3.96743259077712 6.25059653302437 10.3943613481096
2.93087325866049 3.9498145776714 6.31598565825422 10.3741620706309
2.93035954325485 3.97853661094213 6.30821096975843 10.4017368262373
2.92191832396809 3.9686651970525 6.34085822662317 10.3585310796303
2.92268782029006 3.97747011119262 6.38983094201833 10.3250593152982
2.92911489775575 3.99550083827501 6.34604262396541 10.3827209951118
2.93199016690162 3.97352573880539 6.31345425955432 10.4209401348094
2.93204598540889 3.98974878525602 6.2872946037418 10.4349000362108
2.93803630703142 4.03323844903628 6.26795091649587 10.4318715806399
2.94130119629187 4.00550018880898 6.28330487223261 10.4101180846852
2.93884634390207 4.02024572589441 6.32338815588419 10.3327818469612
2.93428614800922 4.00904928975242 6.28514052471556 10.2979298875518
2.93992026630795 4.00983381377228 6.28107903318497 10.2950834260336
2.93538676922094 4.01688878054653 6.27662840307158 10.3010214227316
2.93809683260287 4.01620403518647 6.32112281018733 10.4276439268183
2.94105931359655 4.04448274140152 6.35048929060925 10.417699367393
2.94152427831638 4.05703966775254 6.42421277074108 10.4409410948227
2.94134584266072 4.04541237827203 6.41020436704546 10.5141273127694
2.93958273430525 4.07745833446018 6.49295195621245 10.5695435651797
2.93577482071041 4.05306361081362 6.50115445923927 10.5040567891096
2.93171592482546 4.03309915139291 6.46170281383138 10.4852242080419
2.93244053151538 4.01848434046249 6.47219671136203 10.4471472375731
2.93251788770877 4.02405665777293 6.45709151508805 10.4456505163801
2.93309949356935 3.99187114678059 6.47485823537792 10.5704275166368
2.92822048692838 3.9823678167021 6.44878567977419 10.5111792817182
2.9299059524011 4.00458268085944 6.43624283233042 10.5101044541989
2.92941426384287 3.98869927092367 6.39922572474679 10.4651964238727
2.93158394241364 3.99642031828971 6.3952303161596 10.4283880140694
2.93096505008907 4.0037700587224 6.43084080293851 10.4069014076442
2.92820430233004 4.01718823882516 6.46123608385935 10.3882027796476
2.92774720092755 4.04430502214666 6.39015230942749 10.3965229939421
2.93164300155002 4.03054959803421 6.38636055495784 10.355812231874
2.937328404202 4.01949626474185 6.35000614253569 10.2651821843481
2.93744641375858 4.01857111556886 6.41013783217908 10.2499459884306
2.94173966999271 4.00770574734677 6.30173362081787 10.1807745731271
2.94287226874528 4.0339883045974 6.28640962928677 10.2530814055779
2.94626436873021 4.03066576945117 6.3277754062154 10.3484530774583
2.94445968272231 4.05007716168087 6.35788739449391 10.3225353389221
2.94026718383346 4.03848162570336 6.38050140560792 10.3229011278271
2.93648658567911 4.04202429090959 6.38661384928952 10.3356936271557
2.93100741832413 4.0386429534021 6.37100504333701 10.2721513693266
2.93048581182466 4.0634538087201 6.35196356935278 10.3051920711242
2.93166480910816 4.05292284880711 6.35235152709116 10.3610418670382
2.9308264241478 4.04599558389443 6.31394992739375 10.4604474611359
2.93408724368835 4.01671014812101 6.27254823094646 10.3621054540997
2.93476705121074 4.03270730019149 6.28710765171221 10.5074411003887
2.93073147241262 4.03282034426366 6.19636794916982 10.5011834666254
2.93520907562654 3.99901769818166 6.19944289783609 10.504335402786
2.93129023694434 3.96564121061258 6.19369261782364 10.568713727775
2.93775139408987 3.97015769108674 6.19685945505165 10.4197413805226
2.93488161172294 3.97694433921716 6.14691554132468 10.4393264471376
2.93213745611815 3.97344651816577 6.17062748483286 10.4000697365729
2.93704560837619 4.01368970366481 6.10464212771552 10.55355127241
2.93932168183807 4.00003584262569 6.2042120545919 10.6055649257712
2.94241640333804 4.02342868555216 6.23113761604499 10.5655576768909
2.94506073117188 3.99766326761099 6.21635770670846 10.4596474706112
2.94314215245205 3.98908140932755 6.21725079524706 10.5681917070147
2.93843248091009 3.97328379840047 6.22754317216048 10.5715743158847
2.93642499071999 3.98708165892816 6.28128712731204 10.6896204198991
2.93397499406543 4.00594064045542 6.33678209107155 10.7765975948884
2.93342251708017 4.00602082885948 6.30384826205976 10.8156161203851
2.93065432884215 3.96849626080008 6.29544540297192 10.6739373284672
2.93456076458652 3.97046800669681 6.29062311957643 10.6484614826673
2.94245880933379 3.95278507936588 6.31209957001644 10.4999869534263
2.94379229158766 3.96011539850978 6.35995701267426 10.5312265911925
2.94375909687865 3.9696919174524 6.33814244507082 10.5477885960094
2.94237804425326 3.9998908946188 6.29492393543424 10.4794084814684
2.94604484343536 3.98041483919697 6.35858682984949 10.4503445194482
2.94407332658956 3.9834453166185 6.33486669297237 10.4022109215044
2.94288468154629 4.00533445198558 6.35588307865862 10.3816006883374
2.94370639711955 3.98958268830057 6.33207508691081 10.3049562089695
2.94252034510665 4.02639428238496 6.31146748405104 10.2047924128732
2.93853215274333 4.01390986817631 6.39567442481103 10.2670198436521
2.93713701066062 4.02831068869374 6.39301023269211 10.2902434224141
2.9333003856311 4.01210801242278 6.43046262269528 10.3125199787823
2.92987283010743 3.99742378857729 6.4359267606446 10.2658293074299
2.93370798730878 4.00512019531194 6.41467535535892 10.3742208795491
2.93428510774733 4.0240106383864 6.34513848722519 10.4433854667302
2.93763822852479 4.02998487179881 6.33526988997023 10.4679600215152
2.93517702474932 4.02077656466792 6.33298648210817 10.4591726550196
2.93715844334639 4.04836799208193 6.29685064407529 10.4402468617383
2.93874178845032 4.05995175584664 6.29269215725094 10.4190339641615
2.93887881871589 4.03655561782347 6.2861652054249 10.4762154609802
2.93318176170499 3.98987177196945 6.31154871990503 10.4395642478332
2.93329121997686 3.99101217445863 6.30488528325837 10.4433311545967
2.92945805874825 3.97369601987786 6.4054166334035 10.3560160412624
2.92531143922692 3.97532241657149 6.33368065007409 10.4480244865985
2.93029758822245 4.00308031531762 6.31085647955461 10.5289979059218
2.93208516831867 4.00383757007386 6.27261692804513 10.5089423467573
2.93789485857307 4.01985379502339 6.26149052560512 10.3452393828623
2.93380412093385 4.0236025611878 6.28483071566245 10.2918914338502
2.92878264292613 4.03297380327322 6.23062146905849 10.413423240063
2.9238169997805 4.00757817138718 6.29171856234075 10.4450597455924
2.92397332548288 3.99516409965593 6.28617413555009 10.4656656869663
2.91952939013386 3.95312576030607 6.34466041446111 10.4337096593239
2.92602490649366 3.98258944638244 6.33350035423426 10.4353718434759
2.92291807762507 3.99539309694963 6.3389746313385 10.445142873002
2.92181869509043 4.00063363265106 6.33753011145963 10.6210588053475
2.91685807778529 4.05358958673324 6.30701029043583 10.6157445447711
2.91661565230777 4.06135803072076 6.31943101316627 10.4473410017146
2.9233048828607 4.04994901190506 6.38472619837657 10.3837378453721
2.92436487926468 4.00938215399843 6.32744172646832 10.4097363270755
2.92063140203625 4.01190393064097 6.30528232047231 10.371344243187
2.92281084019517 3.9983632381244 6.34311679788084 10.3501052652636
2.92072789013269 4.00670872592175 6.31289367120777 10.3043578836858
2.9164651830112 3.99736213912062 6.34099431703503 10.3330350742182
2.91570249229572 4.00202124907167 6.35949446212125 10.3909054868591
2.91890911402396 3.99496749323335 6.35317051871219 10.5353172344026
2.92268686721662 3.97969822150902 6.34117592260766 10.4045455898222
2.92429037355872 3.99696776131756 6.35376874072922 10.3825475848729
2.92252859381334 3.95477503945301 6.3800258159202 10.4608898099015
2.91932696988072 3.97302122929997 6.3650590111957 10.525602644933
2.92520096309277 4.00384399768599 6.39699918193426 10.5889122688583
2.92495744536353 4.01654169516714 6.42352007698909 10.5839808158663
2.92184408376488 3.98482043898857 6.43492636957668 10.5915457645186
2.92612367652449 3.98227216637287 6.42861131819103 10.5632723557042
2.92367241605129 3.98216987699583 6.38307061658065 10.5800050189234
2.92095702982769 3.98133649256164 6.36683932580083 10.4575247798926
2.92391718361905 3.97304738679284 6.33207837158957 10.5361399655513
2.91308556758782 3.9923964279256 6.33881724578303 10.578099498544
2.92094299499517 3.99925069414245 6.33891837599831 10.518539943771
2.92181747761636 3.98710861567731 6.3014610666101 10.587570458016
2.91964156564728 3.98693298955348 6.32169138691807 10.4771305798637
2.91754039169168 3.96590344556078 6.3103089083167 10.4846175711274
2.92107323125246 3.9699991585599 6.35849448877576 10.4088092979584
2.92063983852191 3.94055791253846 6.35769500033836 10.3273028640572
2.91889618402126 3.98135613933386 6.39470021227276 10.3892493577175
2.91542776910671 3.9839218862644 6.41434540740135 10.4019644305197
2.91330173064669 3.97466349331007 6.43159543979447 10.4022647850528
2.92063162197292 3.93916266072582 6.38549921139857 10.3434445796044
2.91648835059776 3.94344452958426 6.38379301071337 10.4268130593538
2.90877710530814 3.95357732502255 6.3503505258927 10.3513797567255
2.91556354125996 3.98674187657116 6.36426922530559 10.523874528386
2.91231319241709 4.00616418796304 6.40902231230648 10.4822289809205
2.91666412070752 4.00790061604702 6.411816643447 10.4022217749713
2.91766344202428 3.98706793045349 6.45254419828775 10.469385963757
2.92013952243703 3.97971068102735 6.47159009788722 10.4300016634242
2.91632785817126 3.98271022524801 6.44893255852808 10.517879557899
2.91920435425194 3.99898698071781 6.43615231111246 10.6453581812837
2.91577771288192 4.00013086119114 6.38625559648925 10.6852960156295
2.90676087365474 4.0108632753173 6.38326543350251 10.5904627719144
2.91118850365796 3.99370933540886 6.3927476107966 10.5502351416066
2.91144725533357 3.96968590141041 6.40831239103377 10.594810469778
2.90547390399902 4.00764513150886 6.40970032241657 10.5821240107326
2.90782605349734 4.01785479837075 6.4070373193501 10.5252484983983
2.90723670358433 4.02671850190756 6.39408336444188 10.5482295134597
2.91412539396829 4.03910446798439 6.34100293737343 10.450510691131
2.91315315896644 4.03147608198469 6.25201460545253 10.5246576414443
2.91797401658444 4.0440890550413 6.21479716313401 10.4583803288865
2.91533276111969 4.02629878927986 6.24849733314886 10.4525959616422
2.9124561018382 4.00835102181111 6.26628451370153 10.3865112088981
2.91112517436997 4.02043526210257 6.25609959050294 10.3995095604968
2.91094195254324 4.00627690621824 6.26320065243948 10.3731410887952
2.90698365196205 3.98044439103611 6.36901119899361 10.4093548002818
2.90855112197514 3.98326311698954 6.40406921780212 10.452517148861
2.90451909136647 3.98932764036104 6.35962047410649 10.4970391634241
2.90790210359346 3.9607914212607 6.36911419408482 10.3822023291837
2.91105163635649 3.98973387063002 6.27980541822911 10.3810538269596
2.90925576494415 3.9838013403948 6.23927979916376 10.3889156146381
2.91108803085287 3.98439683046999 6.1842425570862 10.2858155716375
2.91046571986786 3.96614229154224 6.2929729036385 10.2801477587012
2.90698352754799 3.96986354205647 6.26798934869452 10.2174439759396
2.90530500236737 3.98810006781242 6.25714938999396 10.1464315433529
2.90398004406478 3.96195441718496 6.29661908567019 10.2204060060336
2.90530299037053 3.96202491146463 6.37821347289658 10.3242203771778
2.90784716010369 3.95474839077218 6.34215113351766 10.3337861731472
2.90758691624907 3.95789829494308 6.3031561123842 10.4499694157349
2.90285111119309 3.9778356162692 6.28191148863922 10.4749168323411
2.9015663614458 3.98138230552462 6.29790067385105 10.4852229878433
2.90381551083694 3.97387375916959 6.33037349319939 10.533193631624
2.90264399341392 3.97027956934853 6.41548557246057 10.4581508827319
2.90116580957375 3.99696373172799 6.37986944146956 10.4784981086483
2.90548603038071 3.98201298430564 6.36815175236349 10.5616176107676
2.90126327494879 3.9597947687379 6.35565352630356 10.4321032838491
2.90074105831432 3.94253864751059 6.32409139136305 10.4541601964305
2.89844987893417 3.94128177572369 6.27495244666158 10.3955478894837
2.89772998798468 3.93803321901745 6.19043512297439 10.3474963752463
2.89683164566755 3.9292611858367 6.16971023953436 10.4384517249137
2.89749694213571 3.93762811604618 6.22795520636804 10.4004856743003
2.89906021309834 3.96410398947789 6.28454438754599 10.4928474423873
2.89382595857187 3.97600706709831 6.25727394629024 10.5129355906629
2.90078847258296 3.97388294761958 6.30540676419372 10.4405221219298
2.90693095415816 4.00487846863808 6.27510553705285 10.4115067096505
2.90736752669568 3.99493747766757 6.27048359380479 10.4170422413704
2.91085823008773 4.02369355761682 6.31697263272508 10.3944385492092
2.90652759790454 4.02152399962061 6.37963527287774 10.4187298003101
2.89696303213539 4.02131717976346 6.3584832110093 10.557966776225
2.90299162975482 4.01049529090389 6.40611269689538 10.6183113700445
2.90435601210076 4.04339144975393 6.31480970870078 10.6921779895711
2.90276224346663 4.04705069279607 6.27539745988407 10.540206468657
2.89948161301717 3.99955948754121 6.27273506801015 10.5830881335697
2.89630085823888 3.98857648261379 6.26982408263481 10.5841948194901
2.89978653957998 4.01856124350426 6.26549247157569 10.6068916973321
2.90065224631083 4.04757450527477 6.28205533502986 10.6085043307039
2.89608471613318 4.02415620725431 6.3556593115488 10.4666688268974
2.89579783486137 4.03212511603802 6.39384665221271 10.5257963810526
2.89470261569551 4.01577085846587 6.45847760226721 10.5831699256807
2.89403023283336 4.01090895683692 6.38929571908621 10.4751911161505
2.89257737513765 4.04450977347232 6.33562275315955 10.3416322831219
2.90008857228314 4.02817212835221 6.35448712872489 10.2394789859686
2.89666988011138 4.03427373833525 6.2871926423061 10.2697999708678
2.89495545853782 4.01328132251796 6.30646120387975 10.3035276412319
2.89289503643191 3.97949522414962 6.31432410800125 10.4388716870143
2.88739853530812 3.97712534243786 6.29083570694446 10.5305398220771
2.88179316988456 4.00391884999885 6.29188188590651 10.5403139870857
2.88421932272182 4.03697031968645 6.31010824809627 10.4789931057517
2.88807595155063 4.00073646471056 6.33147583126261 10.5149084332975
2.88503687024781 3.99331107736748 6.3571933763553 10.3640830927238
2.87608373455353 4.02256144987361 6.34130611417527 10.3586795764158
2.86883329793424 4.01433534683041 6.39043259268865 10.3344696183099
2.86677249485479 4.01164468959998 6.33054227757621 10.3406705792193
2.86584539456858 4.00037926603702 6.33450676724441 10.4517737850699
2.86755350258303 4.0267043154474 6.33448945259402 10.4160892044238
2.86966897412846 4.03064803688828 6.35966818708223 10.4744500529931
2.87843550151612 4.00532669221221 6.37622613139604 10.5794935191172
2.87107465280532 3.99613874754973 6.42659465893422 10.6302600314311
2.8780176328641 3.98910806070604 6.44347125883052 10.6313831391103
2.87821732304103 3.99507359527202 6.47201335474896 10.5647352600302
2.87190845910069 3.98358371078056 6.41366568456931 10.5419772501365
2.87197740399028 3.98475137495616 6.38869825640074 10.471449404735
2.87184493146265 3.95281180037267 6.38288076312513 10.5007716408455
2.86841119109855 3.95217090376421 6.40387461624397 10.5484616129547
2.8697370028044 3.97003512714077 6.39278181993362 10.4984621147661
2.86411179265847 3.97582710279673 6.40695770306042 10.3645986238663
2.86365060177771 3.96387391358542 6.36994003688906 10.3150893587609
2.8770935915896 3.9813250419311 6.36546372469076 10.3350088854099
2.87951069232149 3.96953272727991 6.28442195171685 10.4029377707095
2.87572702280986 3.97434716223989 6.28915072415472 10.4603156191061
2.86931869565611 3.9611878028438 6.24974468908209 10.3721506760521
2.86405072469543 3.96894434862144 6.31481055641433 10.271430284143
2.86220398892671 3.96940252682604 6.36391190220218 10.3660589596889
2.86254093103174 3.95465091685141 6.39258962169895 10.3317371647063
2.85246369587298 3.94556690028513 6.36368237399575 10.4033325849936
2.85778878672362 3.9521230911328 6.36797135674547 10.3615482161656
2.84823396167511 3.98363806272522 6.41789246170777 10.4007823927128
2.84359274452861 3.99351910357129 6.42978364718126 10.4430815440963
2.84715758868984 3.96523961023893 6.36702360504655 10.4093201682939
2.84296431393 3.97332708910089 6.4080705482536 10.4723730862497
2.84352503017564 4.00755303738751 6.43735069148627 10.3459336798676
2.83989131801617 3.97951786560325 6.37589095912613 10.3234073412123
2.84195325500668 3.95295067783832 6.34036869867377 10.4437006825111
2.83659172482769 3.95369109057804 6.32909400452749 10.429095305857
2.83348347174712 3.96470606933294 6.36449338262504 10.3233195127608
2.83652372888421 3.97218269441784 6.41452555029865 10.3172815113598
2.84107771132749 3.94413401601414 6.39435289915019 10.4125988903986
2.83553014110296 3.98891736046567 6.33201397622553 10.4970089173088
2.83230876656023 4.00588136687316 6.31865760547225 10.554513639662
2.83830750539171 4.01562882283922 6.31942315028131 10.5343255088261
2.83810322366883 4.01680489890788 6.35872049134025 10.5202214849517
2.83785564101657 4.00042728193762 6.35389287851616 10.5072253136492
2.83495517296264 3.9838726959553 6.32826291099193 10.4329620805121
2.82979546193007 4.01408951827631 6.38544334770611 10.4003238107769
2.83280694864017 3.99153969076838 6.40380181510811 10.3936849123429
2.83838128847276 3.97467190701183 6.43397000456451 10.4562374211657
2.83448849303147 3.98809072125479 6.46219595409731 10.4845780073363
2.83583913868698 3.993637740191 6.42549596365211 10.5011291680399
2.8378038098749 3.99536469803856 6.42316180677219 10.443802466494
2.84037940674356 3.9917098818821 6.39587655489747 10.4594341159518
2.84426237431128 3.9892924620364 6.39120895815229 10.4989594182604
2.84599544845989 3.98548296174003 6.37111824380423 10.5535805638295
2.84813003144357 3.98161936826765 6.33280037121759 10.5039577340564
2.84677914214558 3.99940537718292 6.24833400959386 10.5698961293007
2.84939841157244 3.98805849681451 6.25704717416466 10.3897330383192
2.8476476321005 3.99304115504471 6.21499546246941 10.3857105672458
2.8466832038468 3.95188393449558 6.23660593584062 10.4033828275563
2.84171284664921 3.9297782500306 6.29162360523567 10.484687490667
2.84698153366315 3.92189387112704 6.31200077672363 10.5174007000645
2.8471404681347 3.95316644448255 6.31124572672818 10.449498733168
2.84462217430305 4.00222269741662 6.29578298662663 10.465095591087
2.84183007156394 3.98950328171829 6.32282535247245 10.5140867516565
2.84516774930714 3.99780352428493 6.32481148514274 10.5707442744807
2.84302358660009 3.98919066233753 6.33168261848507 10.5181899415693
2.84896523557593 4.00340922822203 6.32710638784218 10.5017178983547
2.85031513177108 4.01414676818106 6.31379820428845 10.4637032612953
2.84927697313072 4.0211178393285 6.29396878205625 10.4953988366491
2.84489882793266 4.01592916546846 6.25014402320343 10.5522461594442
2.85108707072851 3.99856532726032 6.29785115558989 10.668914794213
2.84967126367603 4.01061269402395 6.34777989662565 10.5623046828518
2.8465941473603 4.01529118343116 6.37875553754477 10.4511572009644
2.84598653821635 3.98911509354653 6.39201807126389 10.4358470420734
2.84265635966085 3.95781563590006 6.390804173176 10.4798721760651
2.84861887488938 3.96933455403595 6.39186318198418 10.4515237232537
2.84616891841579 3.96010829172006 6.34046143071424 10.5130197593964
2.84600068223319 3.93046141256322 6.3269933280109 10.3002171152787
2.83869653039035 3.92693779220135 6.43656300997782 10.2010657104043
2.8335076684554 3.94774510502149 6.42804574520779 10.3766932377537
2.82229080761457 3.95412039784726 6.39553695694674 10.5169775882769
2.82581873375725 3.95071772867218 6.3310824307895 10.4642775407971
2.81989608897325 3.95380773855379 6.33437719638164 10.3851458464662
2.81990329096692 3.98080050737262 6.31832049122167 10.2658416819229
2.81275382168876 3.97990264620803 6.29290738549743 10.2030877325363
2.81069032056459 3.96239671105731 6.37067452405001 10.2764607714827
2.80342547657157 3.96728930431256 6.41957592327561 10.3041450232948
2.8087302708333 3.96195584997353 6.39064736828883 10.3529597524161
2.80953753259803 3.96363973355428 6.36877214985511 10.4103791646299
2.80561535473676 4.00062869287261 6.35440283793968 10.4507577943658
2.80261221914423 3.99216067634031 6.36549212953629 10.5194707786398
2.80558682972984 3.98539955662754 6.35658177946682 10.4309006491792
2.81230326728087 3.99172832175065 6.40550580301152 10.4252380641082
2.8094811400762 4.00543607289876 6.41483181409014 10.3742272355969
2.80359390079601 3.98825019519909 6.30619630516081 10.3725718449306
2.80505642125136 4.00346580665063 6.30277347317448 10.41615471687
2.80097293783821 4.00493456177721 6.30501578178943 10.4320544614682
2.81094212614492 4.00153514545852 6.29884296402821 10.4201945468641
2.80861544172334 3.98056259145915 6.29850207739814 10.540267411179
2.80737877208339 3.96833927367414 6.36248539340311 10.5577260564175
2.81412449726221 3.98766191469373 6.37563925321869 10.5415734296787
2.80548012303687 3.95933664957976 6.31581343391273 10.4377979904816
2.80284058752632 4.00560374751578 6.32861849011568 10.4751707430259
2.80832039345849 3.9895297795403 6.35009043821993 10.4961510856266
2.8120897458218 3.98662947492698 6.36403328169814 10.5200054190398
2.81451581266953 3.98831758256617 6.34164900200055 10.4355262508472
2.80984045054602 4.00454451456788 6.31885495227712 10.4853300760595
2.80351186979056 4.00054115374172 6.31348352644638 10.3339061449949
2.80634206981411 4.03701440516747 6.35364474948007 10.359964980813
2.8027714008821 4.03112227361994 6.42752521537246 10.498683169006
2.80064721911405 4.01020495935278 6.34392071060308 10.5379317243623
2.8034878906433 4.0021867768389 6.33254540814001 10.4188844239856
2.80738790933597 4.03290592872068 6.32305554149561 10.3470580301669
2.79935434053889 4.07113965235052 6.29712966959389 10.2482569431306
2.79952009498774 4.04345339815844 6.28481219750099 10.313472982367
2.80047894326834 4.03680774016962 6.27718056152479 10.3736625282377
2.80344022165009 4.02445292180858 6.28165518034751 10.453976425485
2.79614717346283 4.02708959104006 6.24681089433183 10.5107027371137
2.79438226796144 3.99728850825803 6.21014965244982 10.557652572465
2.79653188454751 4.01854429041101 6.25773091996439 10.4060077387899
2.79903916186178 4.00248905366999 6.23367411634082 10.3647655931827
2.79865167195308 3.97849755545572 6.25385948929149 10.4322395657961
2.79667751880767 3.97469484502526 6.2788129195765 10.4474284957497
2.80052053699238 3.97557102807942 6.26676378135836 10.2984733464662
2.80169840344781 3.9883839210528 6.31914260896874 10.2778170166561
2.79847067919175 3.98046286565992 6.27144108381923 10.3990293267425
2.79869809998306 3.9777769988173 6.32523458830923 10.3908754716632
2.79788410389367 3.98872554900193 6.35585021643988 10.4261220634864
2.79865736697778 4.00933979517853 6.36820941003816 10.5224366976216
2.80346074547273 4.0297813501264 6.36041923008495 10.5739921691306
2.8042420027773 4.02798655874366 6.27978059197937 10.4985145299138
2.79398432973209 4.03802041087252 6.25319289467279 10.5375396015425
2.79846303941011 4.02043681809356 6.30405822041875 10.5909972226337
2.78930069265147 4.04072071178479 6.26657595229889 10.5664142992046
2.77823698737113 4.02415094677137 6.22594805504895 10.5316223047985
2.77824599148462 4.01115015534459 6.21856074286 10.5920297677644
2.77794383207418 3.99072484412881 6.26284466873467 10.5075340668908
2.78032679076688 4.0154889805499 6.37924566148271 10.4510058902896
2.78498906337221 3.99902391658535 6.40795152127701 10.4868357380693
2.78307329959203 3.98304152796892 6.39186359883358 10.5990598514406
2.7780042706846 3.99310320629278 6.35516533355453 10.5811050652151
2.78172424190917 3.99240186364926 6.33019650546126 10.484323255924
2.78497264637541 3.99303302519209 6.34410787895356 10.4710120085274
2.78545876148684 3.99784208449793 6.36671321758308 10.4482038014779
2.79419996257729 3.99052667536128 6.42834130980697 10.5521146214435
2.79308712200695 3.99144760561887 6.41778246610344 10.5304369390204
2.78596615352071 4.00096320138516 6.43689752160718 10.589273406997
2.78218575231159 4.03290466083693 6.40529217189602 10.6145849947215
2.78450953656234 4.01861569246762 6.3994152620509 10.5513303677945
2.78622246879551 4.04172984418955 6.33092065621221 10.4786046802787
2.78026850924042 4.04670318215056 6.29282103840297 10.4449023754156
2.78488498445887 4.03039222571574 6.30168118805199 10.4970658206167
2.78860505682733 4.03143125597107 6.29596573636725 10.5257204203634
2.79391746484752 4.01182711066224 6.32648852584862 10.584069230861
2.78963773410352 4.0116131363679 6.29451293467761 10.4961973312384
2.78444414065166 4.03584138859006 6.31854182852471 10.4164882673801
2.77762183071877 4.02321866540067 6.32484698260337 10.3339576225526
2.77893060129899 4.00549799170708 6.34737048638593 10.3108483829788
2.77639190774951 4.01459876706682 6.349757313555 10.243174257782
2.77272761153784 4.01472609084237 6.30900334827271 10.1897565635108
2.77454048283988 4.02142097954 6.31378613237143 10.2033287140506
2.77629996942467 4.03808496752277 6.27655959234082 10.1326552554484
2.77364328783682 4.03747513792007 6.30018405377219 10.1209830803514
2.77069185810168 4.01580324797607 6.35129460176643 10.2374543386382
2.77225613440649 4.01630346734624 6.3752987912923 10.2316518064528
2.76892616966369 4.01306456491487 6.40732453944521 10.3147931263706
2.77141630052148 4.00512419183579 6.40633246029943 10.1594975237821
2.77747689574156 4.00412807325129 6.35733714169746 10.2540289846004
2.77426868777443 4.01730369573957 6.34033786099163 10.2177243286956
2.77076254134463 4.00447475414443 6.29019345231548 10.2549888700041
2.77100916288631 3.99829615314207 6.27467282489056 10.2358112654144
2.76991199964425 4.01314604700665 6.26658420632062 10.2933288973844
2.77205173122739 4.02405492754228 6.2949533303642 10.2824827388436
2.77580448930332 4.00536061453831 6.25089845685996 10.1471826383607
2.76894216229156 4.02658894508854 6.29306701636514 10.1520287763837
2.76999372751187 4.00284805576016 6.32117897483478 10.1967733653473
2.76839995805334 4.01440052617331 6.29935390490832 10.1513012678357
2.76845548358987 4.00577198320807 6.28308832076239 10.3303143461423
2.76757367660634 4.00746531007575 6.29479062230377 10.3881144888569
2.77110995251617 4.00285025802885 6.31352195844762 10.3809794526217
2.77545089196127 4.00642958064213 6.29423833997238 10.3785053862506
2.77809613399999 4.0311326510822 6.35878928311458 10.3983207710809
2.76966181651886 4.00840627059292 6.39843023753313 10.4230566413287
2.76426427430743 3.98652227023887 6.33570522537019 10.3451990224941
2.76145291416356 3.97490363886521 6.33337481742769 10.3396184219182
2.75736030182494 3.96000475674998 6.29682284618253 10.3709087649806
2.76400120105754 3.9714809775627 6.29862450184997 10.4481947926417
2.76362976910487 4.00959654535984 6.26923373136969 10.4516969620874
2.76173926111507 4.01483878045881 6.25591196001208 10.4536285385141
2.75672807605996 3.98429403383618 6.20228018096332 10.4547552189091
2.76012816737589 3.97758205505686 6.24219716850458 10.4510455465132
2.75167749637365 3.9865648951362 6.30916474214711 10.5426663220048
2.76043681801971 4.01941426005546 6.3197396314677 10.5402203462312
2.760230525226 3.97552783862378 6.33970089355422 10.4686485087012
2.76449184278657 3.98089595590385 6.37468156729876 10.531124326546
2.76580271539222 3.97764157390957 6.42536514636965 10.4794177399112
2.76296495139811 4.00620066720618 6.39723615164526 10.47596499443
2.76000964421115 4.01222196120143 6.38324171280476 10.4092160648833
2.75601764525384 4.01056068101865 6.39271134894066 10.5022075347098
2.75052178199752 4.01517929393622 6.43395141802631 10.4694020320548
2.75289586355878 4.00924530716028 6.43077465651291 10.5409738661823
2.75124166834464 4.02206471754534 6.41042529405429 10.551760294002
2.75486010218633 3.98573751371283 6.38235987605047 10.4198517236099
2.74884148228489 3.99122486439876 6.36836998885753 10.4620333264943
2.75136101174482 3.99016966982698 6.35646668311485 10.4820957501159
2.7538742304776 3.96849250650966 6.36740283822565 10.5156879528506
2.74953854582007 3.96543478338996 6.44167933605971 10.4430357543998
2.75356277108219 3.97635712858547 6.3872309207621 10.4388130875627
2.75410881623377 4.01813312051884 6.42087795908173 10.3991254477091
2.75317922128517 4.00931756535926 6.41071855327184 10.4195331606331
2.75083006835842 4.00293803986767 6.34933673009271 10.4274226930037
2.75284339370153 3.99575473444195 6.31143955997595 10.4313772384242
2.7528385081877 3.98263923423325 6.3783409404857 10.4531068787015
2.75218515614767 3.97706202136233 6.3760418775371 10.4282374218041
2.74661491711094 3.96984094116112 6.43304812517284 10.4264966745418
2.74602727939509 3.99855852638441 6.4109609421975 10.5569261206415
2.74431898396199 4.02105341469317 6.37561146887515 10.4984727762744
2.74439568336589 4.02685199177433 6.30564704386918 10.565511999448
2.74164684511848 4.02530377557627 6.2620914196659 10.5109973438476
2.74424069830645 3.99048492299691 6.23714869794276 10.5227679661947
2.74089682997476 4.01185940176774 6.24461397890529 10.487441463628
2.7466891305485 3.988203315751 6.22885417473563 10.4722000657568
2.7490084119483 3.99686503094009 6.27495759967905 10.4847313343126
2.74369974836326 4.00908037482674 6.26489234656929 10.5544270503284
2.74095203857246 4.02111855429713 6.23141464367085 10.379191625795
2.74129239913768 4.05820380697251 6.25335402921093 10.3422863837392
2.74384173419064 4.08489477894035 6.27416413604425 10.3685471726286
2.73664223063496 4.05995911606878 6.35469706026895 10.3687189510791
2.73975444523782 4.03661758840511 6.39650279773876 10.4275913435767
2.73795509175592 4.02218806840163 6.35298409477456 10.2657127542751
2.73702034154918 4.02635767044692 6.41129279714492 10.4085510945163
2.73024180448184 4.02273370526268 6.37316555423822 10.4311677107025
2.73655257635397 4.00373273157666 6.40512506685098 10.3743157987212
2.73638489803803 4.02616911883893 6.35032788043408 10.4018793473379
2.73741553716383 4.04984568987411 6.38580180270351 10.3320654051218
2.73625342490549 3.99220862676261 6.3836763222122 10.3065862501
2.73932597469952 3.98499894106483 6.37046617736757 10.372259137767
2.74127312608448 3.97790175369478 6.30713419020242 10.3386557164241
2.74340800304475 3.9630656574691 6.36921589605477 10.3997577516704
2.74152443476232 3.98588177024932 6.37664776235356 10.2398143152974
2.74895611982318 3.98841025591913 6.3326425308851 10.3255779433708
2.74357787938799 3.95780947308407 6.23338319837008 10.2713971364725
2.74838886601666 3.93397090742957 6.303469412854 10.2630945930113
2.7473143740898 3.932590165762 6.32696643519452 10.3288319349141
2.74870492033851 3.96257716556708 6.3207360128724 10.2265695358841
2.74252912511975 3.95732044233161 6.30160513391444 10.2828283383914
2.74543280575493 3.99482294198011 6.34783528251701 10.1834562173973
2.74405909925035 3.99828813264047 6.35609617173619 10.1744342180433
2.73703231988209 4.00529057711937 6.34782279420547 10.2659470548304
2.7370074961989 3.99360516162116 6.36507190473226 10.3460251867607
2.74176022124129 4.01027014098678 6.36168369181846 10.4167626792154
2.73971780185832 3.98581556761456 6.31446727008341 10.5533597403906
2.74175973080049 3.98784903827719 6.30333620898842 10.5734165284073
2.74606009043452 3.97844012690792 6.38902664443304 10.5713592646262
2.74859894851344 3.98417088342308 6.40294222211958 10.6625997676344
2.74859534622712 3.97624198203844 6.41230513878388 10.5784905652914
2.74008437343511 3.97288701810628 6.39029135013872 10.4507976076103
2.73788689226347 3.9708068320167 6.40211139004804 10.4783072285952
2.74126910799708 4.00857763644994 6.36130216670823 10.4470482500499
2.74307541325549 3.97575727908681 6.40481742641554 10.4927732428553
2.74278860988565 4.00515652462004 6.43237232933248 10.4553179770852
2.73867005065672 4.00316169670039 6.41508908751758 10.4758671007511
2.73362262797152 3.99132753424655 6.43758362302846 10.4613600296298
2.72265875500805 3.98559744340848 6.4660742108226 10.50915582538
2.72932504036279 3.97308180082544 6.42312322620037 10.5206964948166
2.72133244875849 3.97323656272601 6.44155753878073 10.5625720437885
2.72299860780911 3.95600920899948 6.39844993316048 10.6488171954071
2.72471025240677 3.96402289762213 6.2903565897438 10.6880188414081
2.72580803296697 3.96252933489466 6.30105869154246 10.5220874512769
2.72262329597232 3.95668756944162 6.34820271328552 10.4837612639194
2.72931466298244 3.96279331452844 6.33169406297494 10.5860157409551
2.72461303258674 3.96408817612158 6.32369544411346 10.7134887862472
2.7253838632787 3.9464423524985 6.31019711613712 10.6816402173525
2.72519615368523 3.95235632787577 6.36495153465037 10.6386534404064
2.73044373695221 3.95608095164404 6.39036134156785 10.6534175330886
2.73086580584607 3.93407659873681 6.4026242536353 10.4917475974288
2.73282250559152 3.94801749231797 6.40328807543068 10.5009297156754
2.73465285354571 3.92610537535264 6.36788954577569 10.6779191763884
2.7297324364585 3.92855884964812 6.33929989463694 10.5276691637402
2.72655496919888 3.94578493316817 6.29156124089202 10.494290034788
2.72056463582741 3.95519363489628 6.28952444333781 10.4624101211376
2.72213546848465 3.97702494088405 6.29449944790185 10.3715519247743
2.72296068746938 3.97469482994868 6.30181203363386 10.4701892928072
2.72444660060176 3.98389987664837 6.3726624642448 10.5643759458223
2.72318570464503 4.00855125417017 6.43865307812031 10.5826979708534
2.72466483827044 3.96659017186727 6.40708677798444 10.5279103838887
2.72745907160145 3.9565734969927 6.38021643056133 10.5810494557098
2.73034800432151 3.94635766394768 6.35772390601452 10.6942372697025
2.73474033965882 3.93825204711576 6.28930386830306 10.7279817825086
2.73315363828365 3.96370969797147 6.27616583484782 10.7366533456107
2.73387870501982 3.98253803747412 6.3106915787364 10.6108376962434
2.72956711088436 3.9849667266835 6.27616260168337 10.5414010760226
2.7324117286275 4.00242373103781 6.28671747758104 10.4965156366178
2.72577624881297 4.01108713351799 6.350804787703 10.5294788986134
2.72343874682347 3.96680732901043 6.28724555449722 10.510226594732
2.71905920657897 3.96437098566972 6.32042684521032 10.4591684739174
2.71521087459951 3.95704584597803 6.30989309601907 10.5713255170148
2.72093462926926 3.95239509869463 6.32728737140323 10.4855966516372
2.72700500090086 3.92554119260968 6.29398135820232 10.5930862302432
2.72885228375571 3.92052027288194 6.27418385456524 10.4780002117418
2.72829871006985 3.9537324939289 6.24309556943832 10.5549567633559
2.72512887177194 3.92593401716985 6.27304998535046 10.4908824292156
2.72346378345018 3.91409966473668 6.2544425399488 10.4341580122363
2.73019460878112 3.90722724213939 6.38650418980138 10.3958068617511
2.73544890347753 3.91319041034497 6.33050488575353 10.3152989050716
2.74049003369637 3.95465615701012 6.3123843535557 10.34660300876
2.74533550962324 3.9369462188086 6.33671338516837 10.3116095121884
2.74271774413359 3.94312634576631 6.33972792542295 10.5174254294526
2.74302664292465 3.94122032189644 6.3835828850478 10.4970443040438
2.74037461854443 3.94832389715929 6.32840121386364 10.4380724380384
2.73615956249653 4.00440907842637 6.34677689994833 10.4622932232462
2.73328005386765 4.0212050903899 6.29200203640636 10.4770642537913
2.73275048957441 4.02697867198877 6.3150330473306 10.5254435265102
2.73377216857275 4.05837755504443 6.35595780353713 10.6518359975004
2.73268806332039 4.03625800915946 6.3733405863338 10.6133897638178
2.73048524320723 4.04027253006971 6.30740725800853 10.5174700351418
2.73170153775681 4.03096507226262 6.34693164964732 10.6195160333844
2.72603918447744 4.03152302254755 6.34694700243691 10.5235901398565
2.73159695997765 4.01764534044072 6.3089435966956 10.5099929692779
2.73060283853136 4.01526464345464 6.28448462237286 10.5071715974086
2.73187185671032 4.00283275513012 6.28131282633412 10.5477844352666
2.73443740868523 3.98273422793919 6.29659735875661 10.4784320789343
2.72582036244756 3.99393342416585 6.29699373739042 10.5570073517418
2.72466278565986 3.95660245315135 6.26016052478373 10.6031782547248
2.72098376551762 3.94931443167913 6.2117454763301 10.4490409741716
2.72483466053924 3.97393188270809 6.30910752965144 10.4794008839318
2.7263016823559 4.00634504603188 6.22614054276632 10.4759049197422
2.72596245755802 4.01710709907712 6.26955630373983 10.4165920750541
2.73273234485924 4.00580382415783 6.30533605011092 10.5093818451193
2.72782300673594 4.00724779856689 6.35721727709416 10.591564647176
2.72116813467597 4.00525431933576 6.41734317834997 10.5292228900627
2.72458854661686 3.98580189523716 6.38694816945813 10.4233809450978
2.72843151049994 4.01190593236915 6.47053540318689 10.4335670615663
2.73179717603369 4.03258674662852 6.43479224735251 10.3110618275055
2.72884643249787 4.05984032229333 6.36008983574301 10.2081816488682
2.72917143159175 4.0635465305413 6.37794002339356 10.2664964314543
2.72788500276351 4.050629757367 6.41858818182448 10.3571316815932
2.73025497278575 4.02929752548804 6.42813856193407 10.4585038016791
2.72701350171539 4.04313562665639 6.37233858252312 10.4276130149465
2.73670827565389 4.03016163515387 6.47554417344017 10.4587661502052
2.73519370533579 4.04280149502968 6.46377631057502 10.4161065141675
2.73127825849657 4.00612376216661 6.4219202341602 10.4045012736094
2.72730787971526 4.00642617538275 6.4437051845866 10.4215429729467
2.72332572044608 3.99543650195141 6.37683465898803 10.4062284204792
2.72446836474582 4.0102533184874 6.34106460058117 10.4455688516654
2.72305608585639 4.00917559012825 6.30804474259758 10.4686540067739
2.72896540170428 4.01294741510038 6.32726721993314 10.4646041484361
2.73394957479916 3.98066087667695 6.35844702937753 10.5486318351954
2.73059573380191 3.97440092078666 6.32449218921965 10.6240742897474
2.72672426662547 3.97143638782834 6.31012813043615 10.651173377194
2.72483019374843 3.98249674928009 6.32041530552383 10.6147587746823
2.71716516736043 3.97439326775216 6.3073613205669 10.5730875820822
2.71515679633332 4.00344644554236 6.33704130183517 10.3978458910649
2.71697042362359 3.98702289360817 6.25278061323739 10.3556568156477
2.71654058630398 4.0120534850543 6.30302593958603 10.4577027288541
2.72068222873119 4.01943359233712 6.32218809420872 10.4344807171828
2.71097815139982 4.00608718634348 6.31159182958242 10.3643904226739
2.71338553102476 4.02132446869524 6.26781288055731 10.4116311489478
2.70861810591741 4.0112656630094 6.2552628758926 10.3994136550988
2.71888016010659 4.02114660921603 6.28242073338831 10.4280252467498
2.72362297338512 4.01973214182339 6.28859243335202 10.4423415074854
2.72269551436235 4.03877554183757 6.21259759981016 10.4747572494055
2.72012526239366 4.03071797980113 6.21755919958727 10.4130600102135
2.72832897378063 4.02558701287079 6.20205381623398 10.4213805263605
2.72639610993938 4.02679118419617 6.27543542203989 10.4777981708468
2.73157511922541 4.02796265479531 6.34511049400684 10.4040789684264
2.72925562830123 3.99850748876378 6.35276877008732 10.4379111133894
2.72966802632836 3.99410649016859 6.34622633923192 10.4943134710758
2.7257669619114 4.01523772885378 6.31409276332435 10.5223903506199
2.72896822215451 4.00575229334462 6.29241093135936 10.5286921474345
2.72692244974307 4.01049243744392 6.27168976911301 10.4700399182066
2.71738269543873 4.01755800589764 6.28307198287713 10.5747092156487
2.71881067158693 4.02148191610384 6.34448043243568 10.4243678089285
2.71677516184809 4.04569274791346 6.36842766303722 10.4157225914144
2.71366003160935 4.02993992292483 6.34723343534829 10.3920017707906
2.72055553189461 4.04784253654225 6.35718083923096 10.3540288586295
2.71674997390182 4.02685906688905 6.30052673041927 10.198502784968
2.71133831176244 4.00653904851633 6.35592914427172 10.2670593992924
2.70956242279655 3.99245690616799 6.33107056848125 10.4163337014138
2.71527678705529 3.98843839540117 6.29412173306119 10.437296690631
2.71625284754238 4.00770983232601 6.27490284403035 10.3355985542461
2.71239436669268 4.02352056777515 6.31893220787478 10.2885830789835
2.71057374515165 4.04758883667259 6.2578389885943 10.2868574516552
2.71605904578147 4.04952293722642 6.20588723718633 10.3327225883511
2.72075439411272 4.07345796845433 6.16291673734129 10.3661396462408
2.72214598841305 4.08450531630294 6.23153827592286 10.342370270151
2.72097803452443 4.04253135625404 6.28269721125386 10.2399540848568
2.7193406371683 4.00842268237518 6.32629156815905 10.2141836691463
2.72024335143054 4.01169199331479 6.26864873263488 10.4008113964518
2.73112821472821 3.98134510924906 6.27032127462387 10.3333129260035
2.7301205783989 3.99383129698679 6.28907046704197 10.2149800496398
2.73121137268247 3.9830806060139 6.29893451217907 10.1799007511759
2.72312026493342 3.9813081415665 6.30048212432101 10.2122197955572
2.72131650518661 3.9977822239016 6.30272158750705 10.211716724901
2.71938953321826 4.01202286341797 6.31337515854292 10.3106691225102
2.72321915939334 3.99972866124553 6.27566985161015 10.3340825611796
2.72548327809864 3.99926430661329 6.28454474367306 10.3266704327097
2.72912101046327 3.98434353957752 6.32399581001466 10.3753840557792
2.73160959867183 4.00729913740948 6.31103046480865 10.357836239257
2.72677299014483 3.99480554629747 6.30571303075755 10.3997180336269
2.72644033355541 3.98841012618193 6.26667755983005 10.2474408204319
2.72920926050965 3.94207309012283 6.28423941718713 10.2634541332253
2.73078013195806 3.93342093343107 6.23437672292571 10.3313002956793
2.72823569798545 3.93686360605043 6.28973350722576 10.3910254747236
2.72613813581678 3.9606104255178 6.3111662246 10.4894779956615
2.72859285348307 3.96349226952771 6.29312748114904 10.5249379359911
2.72860770269309 3.95899986429783 6.30045827351519 10.4510831111635
2.71660256975348 3.9791710319424 6.30150576933608 10.5170928020082
2.71994521520618 3.96301823946667 6.31274761689224 10.5687284763695
2.72343279525622 3.96072836938411 6.32465097447298 10.422374043994
2.72433929777949 3.96150521401948 6.40049662261973 10.3322740415231
2.71997501856322 3.95531328781382 6.43226556145027 10.2447103195074
2.7155933937421 3.96811876906884 6.44706425593033 10.294941351685
2.71929437049889 3.96461712821677 6.45218079552348 10.4152296850044
2.71936032386857 3.95835794058897 6.41790019014251 10.2967803111263
2.71835134973469 4.00648295918266 6.40335319787147 10.2145319938097
2.71507738879972 4.00126941932298 6.35281834444968 10.2540445152733
2.71557182217617 4.02221591458369 6.34906739588531 10.335681337179
2.71623535606665 4.03236062250517 6.34219665360716 10.4051495355759
2.71668924791536 4.0258890504082 6.28463106229224 10.264614530031
2.71647349895779 4.04450159247813 6.29877681996025 10.1979723892237
2.71736985291436 4.02992385608494 6.31916268146553 10.3072591600968
2.71958234240233 4.02539798495486 6.28925432201645 10.3347675376257
2.7233882757281 4.03575494287767 6.28572977766561 10.4340879247934
2.7186459804497 4.02450864090436 6.30591547614807 10.4254589063428
2.71983128867123 4.02129585188636 6.30384635755483 10.4297297860344
2.72394183123038 4.00217080742332 6.32703177871127 10.3865811818216
2.73140729077102 4.02101777245385 6.33541629898378 10.3549743337769
2.72883310310787 3.97740684179621 6.34213480292562 10.324401700499
2.7256621622827 4.00217594222075 6.29605076143644 10.3510174577043
2.72108919427327 4.03453202341539 6.33448143014098 10.3241509913454
2.72309407668544 3.9992591112715 6.33006495883385 10.3443666237187
2.72331020249154 3.99593779663187 6.37304575202135 10.4010710719368
2.72240508156263 3.99772053166216 6.41184048246348 10.4213511648501
2.72329626520201 3.97098045997768 6.35581027321604 10.4031681778679
2.72191426552372 3.96677449827667 6.35158462977597 10.4083678103179
2.72778039047701 4.01404176511815 6.36324655375788 10.4107706121778
2.72725022270053 4.03534495600257 6.36023749031142 10.4263937347969
2.72185904281339 4.0448373190404 6.30570793671445 10.4356757281405
2.72451214115772 4.03201008697248 6.28457427842979 10.5010867637966
2.72315056772212 4.03683079626552 6.24110404679807 10.4701278852743
2.72483615881601 4.02807773959845 6.25052988095687 10.416858590183
2.72504009711468 4.02529445473355 6.2584725034566 10.3993590324844
2.72437651230106 3.98766957463201 6.26723483141708 10.4479284563867
2.72647575329677 3.96855073850566 6.24793071086306 10.3640894416333
2.72659360836298 3.97745494341165 6.25970449442273 10.3158921067124
2.72755347949972 4.01870468829997 6.31082651298253 10.3546077851924
2.72656637633513 4.02885823644572 6.28871996088569 10.3674885255444
2.72943692456279 4.04451917932455 6.34678890327507 10.4225079568809
2.73173733091639 4.0532193731246 6.29042732631861 10.3468000656854
2.73199951251063 4.02849915716834 6.30764919622011 10.2925869666808
2.73063636939347 4.01743472953428 6.35779048916005 10.3285196499839
2.73010705053278 4.03989833995745 6.30346992252851 10.3584970519363
2.72283162526235 4.06062696948667 6.3259781537323 10.2364209554987
2.72498861910447 4.01759405266212 6.34309046296792 10.2671866117872
2.72522861911505 4.01916085218867 6.33986038351475 10.32968759066
2.71925520743263 3.99748631776661 6.29275388407146 10.3910365172053
2.71291216599978 3.9979905849176 6.28072083000981 10.4229871165566
2.71062592253583 3.99283210893903 6.24523734500099 10.4431358832424
2.70596985937939 4.00618708929531 6.27025662248647 10.3603744084526
2.70655901747233 4.02713158523936 6.3163373137984 10.3634360548292
2.7116006074572 3.98250015142006 6.35662601580875 10.3759890789077
2.71174972613874 3.92240042284095 6.37065902145013 10.2903543727792
2.71893143001908 3.91896662135832 6.37445995380287 10.357118670879
2.7186426615302 3.92925980329172 6.35930927406348 10.2373608346036
2.72034352372076 3.93851058383924 6.36799021046054 10.2981011378001
2.72024291302884 3.94028194920421 6.29783865960165 10.3367771106039
2.71989803075775 3.96159018286445 6.2654834488283 10.3674377596012
2.71593851271085 3.94346534303595 6.26725795282313 10.483374009016
2.71460418036865 3.93365011309059 6.21756243964302 10.3681529389524
2.7200214809059 3.96547059299757 6.19456396665691 10.3925127503182
2.71951911139417 3.94198507074559 6.18075733143324 10.4910132844213
2.72587213682369 3.95493535176077 6.15436591684567 10.4570113821407
2.72845069709653 3.95235165375521 6.13392366007009 10.3253134838188
2.72756718854628 3.95086293539417 6.13000101698517 10.3304168182813
2.71767294843314 3.98272098874319 6.14450344811606 10.3666500449656
2.71490910216112 3.98429791770419 6.22842979783826 10.417100857704
2.72160198158242 3.97441125046416 6.28206192519175 10.4072924604421
2.72388080164891 3.97083724266409 6.26505299225778 10.4205247718891
2.71651088449971 3.97007060420983 6.30837467708366 10.4308298511334
2.70912102666585 3.96762594478794 6.31108773019287 10.5534320058998
2.7103970771697 3.99424118465504 6.27465260237449 10.6159966820454
2.71249347081221 3.95988010192655 6.21053428209047 10.5349791381627
2.70766210596195 3.96544663064186 6.27628797429054 10.5593467670576
2.71497785840718 4.00134620620507 6.2893781843054 10.6150240840242
2.71320823622153 4.02886978583063 6.26885116035407 10.4769892638284
2.71751133572557 3.99285350690735 6.25428458668332 10.4711287254213
2.71461810221269 4.0089246299971 6.28900715019789 10.4532278570214
2.71343000164213 4.00819967670474 6.33076354912959 10.4149253798596
2.71315548786945 4.02450639861054 6.3301241992039 10.3106986631765
2.71303567277496 4.03948871437106 6.3241922906104 10.3584246562974
2.7136644138039 4.03841495040081 6.29875915727063 10.3205407459248
2.71357845915828 4.04413348307803 6.37388028984081 10.4425043805665
2.70986462183131 4.01669642782462 6.32419977828291 10.4659923002626
2.70964908123061 4.0223360550551 6.25731133668485 10.5645169429987
2.71547450126137 4.02070298406968 6.25550929414559 10.402858330394
2.70802357971607 4.02115865623913 6.30071167428457 10.3945580944627
2.71207162961536 4.00122010626914 6.29799476111179 10.4168473760692
2.71339552497596 4.00328551819388 6.29395008348484 10.4493621326733
2.7134849268928 3.98286129627693 6.29795727847871 10.5423385847269
2.71434084755738 3.96791060922259 6.31829160967652 10.5742978686502
2.71072834073992 3.9705159239336 6.3414015806411 10.6349642528008
2.7107522800494 3.99409158097035 6.35204342381884 10.5186844795329
2.71478057027838 3.99970274532814 6.32302762231984 10.5221561673173
2.71943781346711 3.99484936540596 6.32914579801333 10.5768005423231
2.71518462949787 4.01219459999618 6.37081849212748 10.650113444425
2.71601766064195 4.01436769320353 6.41485334543084 10.7117811987045
2.72065049181744 4.00160225816958 6.45273282621279 10.7160622149809
2.72004619760278 3.97584727674764 6.4251591632137 10.7270436155542
2.71768316242568 4.00918500526919 6.42577364678041 10.8100005230372
2.71543735303777 4.02762471896585 6.38538297051591 10.6484878164152
2.72062131180568 4.02270353843166 6.37293354787343 10.7132681274799
2.71344591238181 4.00661628195069 6.36287303487848 10.6884738799984
2.71351091200599 3.97930300348383 6.41220494728432 10.7084760511678
2.71518617697649 3.975724842971 6.42000520298251 10.6960553496803
2.71538091174234 3.98764895722508 6.33195125760049 10.5638108272418
2.71860995917761 3.98562472150004 6.40159682993968 10.6805139971968
2.71472492161675 3.99045942224857 6.35033589798319 10.6162185683929
2.71573555956253 3.95972899788055 6.39161566062498 10.5225761812028
2.71146624701509 3.95584640064207 6.33070379013143 10.4878835558973
2.71163625993694 3.95112035634598 6.31131563669024 10.3914089447469
2.71403145684447 3.93515986097642 6.24538641548751 10.3977122325109
2.70984116026584 3.91954368955135 6.29108998293715 10.5600064618444
2.71060428068797 3.93691235642988 6.25271452877154 10.4832317072444
2.71131855124015 3.94230215664207 6.2495043306484 10.5407638314591
2.71181593080352 3.95591353180786 6.27149519455061 10.4813099463042
2.70701069346376 3.96573194389521 6.29408470599821 10.3376834510667
2.70740123823445 3.9787745843021 6.29306368079831 10.3650288261337
2.70340866393447 3.95761408605776 6.3004911977351 10.3276532019638
2.70202391429136 3.97554577409282 6.36980433104788 10.2124573829216
2.70376429387423 3.96016045606388 6.38066855637304 10.2999346442197
2.70576107352547 3.93013610221332 6.35631567209483 10.2930825212058
2.70423800902746 3.931644856996 6.38170935933564 10.353671516594
2.70219206303103 3.92920427204138 6.41384775556545 10.4048250630263
2.70134272577234 3.94687440998248 6.44925305687682 10.4718250888702
2.69707842646425 3.93172204295978 6.49581404130559 10.5530719105483
2.69562188484358 3.96914165278804 6.46611372982704 10.5279874933388
2.6976753658988 3.98386761002196 6.48167282325516 10.5456304816507
2.7000515053195 4.00717556704757 6.49669377860132 10.5620257598683
2.69395503541382 4.00992664663698 6.49266387623757 10.6080588883342
2.6978219169352 4.00170824696664 6.49875991977109 10.5821467107407
2.70740512101667 4.02941921768526 6.54535725783452 10.5582014796932
2.71092011254676 4.00178589354446 6.52502417551665 10.5301283605021
2.71437494038486 4.0093024759487 6.49239968058915 10.4931725723684
2.71857816864168 4.02460767082365 6.50238950672358 10.4567640429507
2.71705203450451 4.04933625589879 6.48407888886144 10.4224667310133
2.72274017658559 4.0531932084234 6.47511528639775 10.4879593388261
2.72141229861033 4.03712981086646 6.47395888358787 10.5049233176182
2.72235885810004 4.01858703259031 6.46234955376133 10.3272823632185
2.71809458143352 4.00506880061385 6.48512365514011 10.2099615476803
2.71764546979095 4.03554570769013 6.53552279745345 10.3469343362804
2.71799616229954 4.03448057801045 6.49414231633676 10.3019569166868
2.72167998044022 4.02797442336151 6.46487623770053 10.3398895613412
2.71982189487876 4.02178036150558 6.37925755419868 10.3305041555582
2.71636930462221 4.02007165470649 6.36478407839435 10.485476756332
2.70969962070965 4.0370135953967 6.33369831589909 10.5277344162459
2.70741616282258 4.03069252284489 6.37500324446151 10.5816998557489
2.70436664936291 4.03531643515929 6.36095889690255 10.575362701892
2.70378957253748 4.04669613619159 6.36856577401573 10.535627545471
2.7108653426643 4.05706202562173 6.45185617219933 10.6012046304344
2.70660995693415 4.04425307241281 6.40796932533641 10.5866626648556
2.70958347968352 4.03457313466521 6.42474505947579 10.5842486104021
2.71479940368532 4.00791536433116 6.40164047444488 10.4880589380502
2.71702791082244 4.02523229841146 6.44694711882394 10.4493551999755
2.72036486755198 4.03395914815097 6.44440198689274 10.3721910564469
2.72408420450833 4.04591492856889 6.46342013955446 10.3570768216449
2.71963633013151 4.05551508812569 6.45814605869014 10.3579872897572
2.7195087522585 4.04835035735545 6.44064121339654 10.4416945198486
2.72258890301702 4.02414565317949 6.37092911027545 10.3868344679836
2.72463570545938 4.03928032822898 6.40559784790394 10.4854923401699
2.72865414739028 4.01920273126495 6.34669378185178 10.3706457493399
2.72780796078885 4.02522121483376 6.32893154013665 10.4305897887071
2.72343906316745 4.0417901776091 6.31546330469586 10.4335439314987
2.71870710877266 4.02029297832598 6.31782776093538 10.5332649356195
2.72144661369527 4.03393958551115 6.37118246209006 10.5268696435579
2.72257638311955 4.04206598283563 6.41397013154186 10.4718937443849
2.71677524902822 4.04628885526027 6.40792122346699 10.4021887054452
2.71020002465102 4.033509148271 6.44066133812981 10.4396817278423
2.71299934705697 3.97844429219072 6.38584625603121 10.4312673638931
2.71321435797777 3.98792352356671 6.35438477536785 10.4059469284678
2.70880303129991 3.97840100920387 6.35682033909876 10.4839542546263
2.70154344490712 3.98015190641919 6.31904960572162 10.5022383849541
2.69363251088266 3.96809351557018 6.31734355121961 10.5430715083788
2.69532418652586 3.98768466180284 6.31813270004998 10.4700304462417
2.69510522896546 3.99972848494326 6.34520676915291 10.4581273585278
2.70196622616444 4.00531269500829 6.2949365685412 10.4942944474589
2.70983679872437 3.99753441010898 6.2756768572511 10.4537745367765
2.7121364247181 4.00873559295658 6.4196119864099 10.4512010641553
2.71559432554317 4.00022587795347 6.43684521755762 10.463243314147
2.70667176380964 3.98412162951849 6.40371492570341 10.451135690342
2.70161505628963 3.98642873864784 6.4314749957603 10.4780726862125
2.7005870554588 3.96163337341975 6.44167059853115 10.3954683694231
2.70033691406377 3.97589637391819 6.43115888716622 10.362843418751
2.70362985469352 3.99050898910522 6.42387594653354 10.4234704035325
2.70396082281282 4.02206894896185 6.47140755441802 10.4509766608005
2.70209321418307 4.01152557541975 6.37311741758195 10.4927154061582
2.71000947847203 4.01867391911927 6.39617934984697 10.4773893711933
2.71305235877377 4.04909133737934 6.42668575439685 10.4788148703557
2.7187762105668 4.02084054356096 6.42094612282453 10.4365450359693
2.7146706707437 4.02646999216752 6.41865891286227 10.4451502417581
2.72338384719247 4.03758688946512 6.34089330056621 10.380734295355
2.72364907984208 4.01536459217438 6.3540594761044 10.4986903503284
2.71904524605686 4.00159061630186 6.34069465013612 10.5748918132324
2.71843943323714 4.00328528456271 6.33732607842068 10.5165216208128
2.71645859995639 3.99138812643872 6.32867780782103 10.5448862449532
2.71404805994342 3.98461452313822 6.34160213390221 10.6797793673722
2.71817709605246 4.02024145406382 6.31213767346817 10.7879141375852
2.72227843557169 4.00886095345529 6.34314214020784 10.6720770922957
2.72629872953817 3.98552105644191 6.36427116439012 10.623251203469
2.72121542588244 3.98057370556861 6.34723396757965 10.5344606301437
2.72183772042561 4.01938971536881 6.30634109238618 10.5169893781167
2.72478229720296 4.00591623321264 6.35255746484543 10.5226135525861
2.72400070284487 4.01904745163779 6.36880402491893 10.40949060675
2.71931706863404 4.02831767357225 6.33694710842627 10.4924993065097
2.71850759674827 4.00559078608193 6.34420828395599 10.4426296571652
2.7170319663924 4.01764718867911 6.41890712661004 10.4621581222018
2.71330297504581 4.00614540804627 6.41833381595107 10.4521011405301
2.71519303710922 3.9865927203403 6.40311320861484 10.4789011279399
2.71513777197549 3.9909363626565 6.29420338444274 10.5908842010284
2.71225730170956 3.99315698256383 6.26236793463971 10.5239336883715
2.71629890913902 3.96490556690445 6.32063788717034 10.5498972759363
2.71510107982969 3.96295353877442 6.30928229213226 10.54578856844
2.71204060855963 3.95313867826308 6.28378812124677 10.4422952073055
2.72041052060638 3.93881485408166 6.35026682163771 10.4033224142116
2.72195535285941 3.94038497324572 6.33822069155648 10.4663647516932
2.71094762137304 3.94759201645366 6.27139562956168 10.4943139917507
2.71549990995698 3.96123139317527 6.3309488434546 10.5064017317853
2.71559065756375 3.98055487639695 6.31082964479845 10.4424797238172
2.71436893511362 3.96902105339983 6.34453234776832 10.3035971437576
2.71534115609708 3.96278375465387 6.35508529989607 10.3495415691286
2.72223409849584 3.97331934955985 6.33347708504312 10.4789078911287
2.71968497841462 3.95136654378781 6.32402139577975 10.5186801705586
2.71527238943561 3.97879128407805 6.28224912137489 10.5432953035361
2.71862882497497 3.99787636343013 6.29955142601401 10.471744595285
2.71245195803592 3.99623314723247 6.37802426295062 10.4640778840607
2.71707799579405 3.96497789986082 6.39407717103645 10.4060791476037
2.71631534908184 3.97662759257147 6.38527877407679 10.4722513965297
2.71621169683626 3.94210323159494 6.41332860111994 10.4742834063704
2.72237245091854 3.9408797705311 6.42749442161804 10.4739721757792
2.71603179095592 3.9464944753613 6.43149310370112 10.5091158016802
2.71168867253614 3.95043773486357 6.46221662829007 10.3741200264302
2.71094239070089 3.95083292998292 6.42970828691096 10.3645932037736
2.71136421873192 3.94628314048993 6.48959713796439 10.4016058956855
2.71475593121039 3.95762942071337 6.4270425241874 10.3083096057186
2.70644690602021 3.94191858602612 6.41482656406868 10.3285031649956
2.70889711049261 3.9729837144768 6.42511781752647 10.3706817269129
2.70808611565973 3.9473856520367 6.48126786404476 10.3590446020881
2.70585710831483 3.93305362769707 6.44981060782384 10.4763553772564
2.708877317891 3.9584421266872 6.3893994423768 10.5326266338022
2.71295629940807 3.97443998090399 6.35367506752288 10.4958169326406
2.71655338112863 4.02178266840963 6.32697166324731 10.5361274344575
2.72270463892508 4.03626050338523 6.33998372100605 10.470861233273
2.71927512076511 4.03661324636046 6.34435544615203 10.6118177251476
2.72378320672975 4.01465944982767 6.33425802821061 10.6449814685665
2.72605354678964 4.00894579603001 6.37230773131808 10.7073239762527
2.72755363977542 4.01709965285125 6.38998728099984 10.6741864452452
2.72402956920496 4.0121495202126 6.31304625949493 10.7204851996947
2.72192236732487 4.00464398439408 6.26796373863873 10.6365341529074
2.71637535983755 3.99071102080608 6.24313293752948 10.5123289335913
2.72024335269374 4.02861670814259 6.27476768593239 10.4866327295384
2.72332141527537 4.02947638625281 6.28695965925472 10.4727213542055
2.71713465260559 4.02464507089074 6.270735520976 10.4234532878946
2.7140982989734 4.01316823250452 6.31913466802486 10.3053622340862
2.71500083555712 4.04374384273141 6.33747685224694 10.3536280268463
2.71171147175214 4.03862272624144 6.2974879098581 10.4466230268337
2.71330316239308 4.04051707435505 6.39314327013664 10.4583782983917
2.70739939162237 4.06476119864129 6.40413664314615 10.3238543205344
2.70784102808781 4.04592675311289 6.44173497275974 10.3570638292598
2.70895038107535 4.02853228495985 6.38288872487163 10.3271088884939
2.70088397693254 4.02495987410164 6.37512093627604 10.387049901507
2.70107832975809 4.0061425019101 6.40248764437224 10.4764570091681
2.69781919804488 4.0608972814288 6.37318758805267 10.3944651054624
2.70480430231367 4.04138610971023 6.28587532345171 10.3037405443053
2.70910370761611 4.03739340759719 6.27527797238778 10.3997303994311
2.70873984183361 4.01653655008395 6.27136483442447 10.4469998376574
2.71195683528515 4.0081328263382 6.27988803300884 10.4685909101966
2.71032966838936 3.99408317164623 6.32592355190071 10.487098906748
2.71021371581601 4.01274013959462 6.3514721901372 10.4749752780214
2.71380762164503 4.00220244187832 6.31086433922364 10.5023311156405
2.71906811727692 3.98635256783303 6.30586285988316 10.5135948663706
2.72018686408216 3.96724562585584 6.29073290101373 10.4634000713721
2.7232842841387 3.92791450167569 6.25722849895514 10.328744333781
2.72162672793285 3.91450710388698 6.24499673011074 10.3899100693466
2.71552249956845 3.90145966722991 6.26936416061925 10.3392590953766
2.71855905892133 3.9266388189502 6.30217096953336 10.3180793977279
2.71433603124572 3.96254351240516 6.32429059282545 10.2581844460756
2.71711103443733 3.9671358612283 6.32986270568858 10.4029186533574
2.71487359133806 3.95935743302909 6.38900194752697 10.4202837372026
2.72020701607763 3.95689410545246 6.4006124793719 10.3931305319699
2.72112423484633 3.96520514623543 6.35828173012244 10.3701274384747
2.71458808564281 3.9939099791168 6.37683440758489 10.4103178887027
2.72315171961792 3.99965719769128 6.33471177005327 10.4506743825375
2.73187403481763 3.9635251444833 6.3293332906688 10.4271466885123
2.73178723272378 3.97759460471518 6.36154595205075 10.4815386809411
2.73190273108252 3.97709433920493 6.37633651299429 10.399408775568
2.73157746120874 3.99599681391165 6.36669792955529 10.4063070019956
2.72833425843006 3.9909156467944 6.38865995981566 10.4709208932741
2.72760011088869 4.03720383294633 6.38508907927134 10.4109302938759
2.72070741741597 3.98436872115625 6.36235503937444 10.3892660866024
2.714068814426 3.98573680993711 6.40161041482367 10.3834593711417
2.70931010477084 3.97996875657846 6.46381928030803 10.438825746495
2.71857609017871 3.95641844144713 6.41570338785542 10.527490885898
2.71200890389731 3.93067322783311 6.39994782113453 10.5828573535152
2.70971048007477 3.93657938226407 6.40387069433221 10.4601678941647
2.71071535144641 3.92902822081911 6.40415894981617 10.3522500352542
2.71367215721684 3.96298398420565 6.37768006665149 10.3347578477988
2.71599886272315 3.96211624429864 6.34515589208281 10.4022212690611
2.72169822833891 3.96778306731526 6.3259282958056 10.4576299839792
2.72548740807573 3.98484029038769 6.39530765565234 10.528233197182
2.71820858968713 3.99279154410672 6.43279836291501 10.5145838435466
2.71803974548944 3.99858559146049 6.36975207873617 10.4384140954993
2.71839013720713 4.00823657243099 6.40746228260792 10.5730314956402
2.71773241378818 3.99236953096591 6.43958963704662 10.6163698209194
2.71643395380076 3.98534665036167 6.433893899489 10.5304839728379
2.71587524799401 3.99727805213035 6.42738364307997 10.4746476796511
2.71428727514324 4.02527294087562 6.40270184484379 10.4008392684736
2.7160166926908 4.05514391344504 6.37934411898173 10.4031798312181
2.71509603082749 4.04130550982914 6.39156248143765 10.3788129508082
2.71065038045641 4.02795245694093 6.39327702131784 10.3664965156429
2.71180739097056 4.01754390352813 6.34627479964151 10.4566213949118
2.71568272318044 4.02039514289344 6.2239385380282 10.5057947818908
2.7189085835158 3.99563123030986 6.36474841021291 10.445759616313
2.72161476714724 4.00655779815127 6.31979935248633 10.4984206169375
2.72129956753832 3.99735503172001 6.32523859806379 10.4836273535159
2.72152598044436 4.02313649972545 6.31955284970753 10.5425029755409
2.7184091227123 3.99009534923594 6.30629755022172 10.4757560660769
2.72077402970394 4.0045949874587 6.26453564121964 10.4839584809932
2.72742923060109 4.02242065657858 6.2966910196533 10.4754918405137
2.7243011002073 3.9974320259016 6.36054297371891 10.5118022108887
2.72845626724847 4.00145103674816 6.40981606733697 10.5689608720144
2.73103606650945 3.99927431008492 6.43284575331407 10.5559251331512
2.72981926970043 4.01627144459556 6.44946980772457 10.6174283083189
2.72904735493451 3.99511148940727 6.30235220338404 10.423617196288
2.73056558503403 3.9916700107159 6.37659779327243 10.3805144866436
2.73346722359299 3.99232246472077 6.34461208305949 10.5398107399771
2.72976707714343 3.97870479651542 6.31954594967108 10.3612545473525
2.72702559813931 3.96440755247734 6.26405421244814 10.2937757839162
2.72403764856842 3.96850780820433 6.28545704063716 10.2361190965116
2.72140280666034 3.9657518993004 6.28227323662713 10.392416146319
2.71979564135599 3.93246881944034 6.27829606092461 10.3984460230295
2.71750456043595 3.9316773524082 6.33035991087222 10.382090300896
2.71628246198323 3.94164380627569 6.3083340204558 10.4319475536698
2.71496122481793 3.93427779515727 6.27923872847242 10.5200791679761
2.71351015131078 3.93320349175929 6.30012018726889 10.5299036976417
2.7104568219236 3.94587567192757 6.29656905130855 10.4267829926536
