1
0.724427160078864
0.785898688905865
0.770432241611667
0.756946188892411
0.750881933462892
0.742178250116022
0.736680385775317
0.729224005715806
0.728338992092376
0.730554329263491
0.725921553858608
0.725061076471065
0.727176811595858
0.73102136056738
0.73467304259647
0.729836971346733
0.734675224611905
0.737620780247222
0.742110166248572
0.736113099411111
0.738526622752997
0.740054764598263
0.741666651880731
0.73852607288565
0.733472240412028
0.73659816288743
0.737052543760363
0.738247123166219
0.741453398309064
0.736918217362571
0.73465345108134
0.734991234632791
0.726285270650912
0.72198363035331
0.720547330324132
