0.1 0.3 0.5 0.7
0.822827487503709 1.05260770924673 1.43191324852976 2.05303171376269
0.895749098718104 1.32378242657622 1.96724795172276 2.99876515289197
0.964831228237609 1.5460302670496 2.37062506630092 3.62182872134461
1.03214256738539 1.73535253338551 2.65576500794713 4.05310577023431
1.09638274909535 1.8774337260338 2.87555233342509 4.38333960054539
1.15635653330391 2.00448069378989 3.03609279746242 4.63863435901437
1.21204101502009 2.10135369457733 3.13623088848351 4.80378641473916
1.26644314901254 2.18952721851546 3.1917530626788 4.94318852660843
1.31403491801896 2.24723256364113 3.2530344696814 5.0760782139603
1.36157572881219 2.29310945934888 3.29221215944866 5.206601001378
1.40694553383467 2.32994045082443 3.32215310563268 5.26066974833961
1.44785064452558 2.35965820693874 3.38821669824209 5.38131327603625
1.48719517794142 2.38052930199483 3.44211660291216 5.410810615493
1.52177392579524 2.4008970642796 3.46132001003476 5.45696050692712
1.55564521739698 2.40404109059345 3.49632597613336 5.57701436591867
1.58484771605581 2.42275540442498 3.53966266190691 5.60694233694315
1.61315504737337 2.43088810825378 3.59471937220705 5.65355261782511
1.64149975320499 2.44934102187205 3.67085620194713 5.79429821895039
1.66587847056848 2.47203193362857 3.71081070318646 5.94373014893742
1.68816646086221 2.48592218372212 3.71983432154929 6.03031815422051
1.70971044808976 2.4996901937509 3.76348108721347 6.09487955499352
1.72935967792466 2.49396067626369 3.80393729600116 6.20317233003183
1.75227101683847 2.51152808979136 3.84052599895203 6.32754880313123
1.76865725756686 2.52228497725148 3.89985736379505 6.42863586602033
1.78264731299625 2.50984002568409 3.93226962887958 6.4826915207649
1.79518884506326 2.52119293134488 3.95344304602318 6.59117132471777
1.8065928657057 2.54570591150495 4.02896287727266 6.68167569908192
1.81678733844185 2.5513129331392 4.05411281300835 6.7690238811413
1.82762140212327 2.55464937190463 4.07706143882899 6.81259963467371
1.83659848865433 2.56946953386017 4.15400735504469 6.79896828050108
1.8420484321952 2.58569068997416 4.18544882335131 6.89350126345301
1.8526647126359 2.61644813491443 4.21106928786026 6.97083222365279
1.86119249972222 2.62549345144639 4.24460920942475 7.04757831773375
1.86581110539067 2.63149985558162 4.31949767407747 7.12718217206159
1.87185191404072 2.64515364764894 4.34351557140106 7.18773246089153
1.87765450150767 2.66752792769271 4.34280203635848 7.17546778576524
1.88166317469335 2.68330098846972 4.33964991876297 7.2285753977172
1.88386817542083 2.69532502342038 4.36152457860971 7.15006412597504
1.88684785811362 2.70610322647886 4.40951617258336 7.18195709060368
1.89198496540706 2.71039899947254 4.45927966933789 7.15415367911952
1.89427096327345 2.71961637503909 4.48214286465645 7.19025905792815
1.89598263304229 2.73454573608153 4.47608599043687 7.1481235004779
1.90238328433992 2.73382558372983 4.46396989247047 7.21775825203122
1.90499188846635 2.75313471687831 4.48488430243161 7.15394020053063
1.90968846240145 2.77100300838161 4.51578365416325 7.1680531181781
1.91305747703239 2.7614097744777 4.55974947792881 7.20116556574024
1.91511773593475 2.77836363102425 4.55595169726345 7.143826184491
1.91401912194557 2.77448214485159 4.5869882993202 7.14943998900043
1.91260698376042 2.78259336305682 4.62444851078213 7.11092250124526
1.91370672227822 2.80200119291886 4.66147561541543 7.06460544734086
1.91492534571361 2.82462564905918 4.64643290548545 6.97464519696334
1.91617552110401 2.79659961171388 4.64298894118376 6.92329540048355
1.91845014982845 2.8135520819762 4.61207157565911 6.78201778821352
1.92065049985698 2.81817764918497 4.63809354332285 6.74415898002375
1.9197235690566 2.83188197220669 4.70078505736572 6.68862782803422
1.91961699074794 2.83136367926818 4.64878130177516 6.61419319300575
1.917802320839 2.83281140193006 4.65397511460695 6.64127087689865
1.91635088703028 2.8465051031388 4.63770045691382 6.61245568731339
1.91799492998798 2.86315834321553 4.65997140943604 6.52849470883075
1.91836285268062 2.87016769953552 4.62617828330559 6.43879674637215
1.918327167576 2.89390161353928 4.62762957538653 6.3485358140595
1.91886658897892 2.89885241737234 4.57754787620742 6.26822769887138
1.91986607067056 2.91654806019385 4.57678219106627 6.19493760797602
1.92275061480336 2.92265751991966 4.55550387064409 6.14543552011685
1.92284265573679 2.93563224344865 4.55271546285259 6.11871206440022
1.91968260320586 2.92603492563693 4.51748238629976 6.04383749545503
1.9203838625708 2.93471775893485 4.47601543917322 6.02313467578853
1.91699802949258 2.92666968123157 4.47331638594201 5.97297005927734
1.91866666794063 2.93680398877654 4.44652969055575 5.90477014809454
1.92142102472582 2.9440371882982 4.41582768260125 5.83787725751887
1.92508670859995 2.96346170580693 4.39673662290573 5.76602335412195
1.92336974661645 2.97548538991858 4.39405957524599 5.72177767254516
1.92481914218566 2.97464346193167 4.39506610303137 5.72091709309157
1.92221221395094 2.96754852756471 4.34639825182583 5.66062850622701
1.92420664809107 2.97219804326776 4.32803231669415 5.653594271702
1.92405119311866 2.96522042167356 4.2715867726609 5.62733432360023
1.92267967813997 2.9758773116361 4.28083047252039 5.6163865476414
1.92276145334054 2.96896579774759 4.26859821240717 5.5365085724637
1.92359859397421 2.98275926746781 4.19021536248167 5.47857688578825
1.92797870737099 2.98298405360004 4.1382467116664 5.42214338771304
1.92477576938198 2.98694200073591 4.1423767332728 5.4132696249702
1.92211475918618 2.9801407209346 4.06638614595625 5.39778201495642
1.92153670848548 2.98773093828099 4.04420798221458 5.4125952008238
1.92229852426782 2.97638492088233 4.03046159906808 5.44692615404203
1.920467696788 2.95758023071587 4.0279621172785 5.33450811666586
1.92280715872634 2.97016654142634 4.00233173657557 5.29605783165311
1.92333613032637 2.96154631520719 3.98687819696658 5.28881635259596
1.92289275179451 2.97158322812127 3.94656903308633 5.22486824144046
1.92244424454315 2.95918785013125 3.92059603644995 5.21676078274303
1.92336310216308 2.97377436368877 3.84758245536874 5.24881959262138
1.91825930834863 2.96651135392626 3.84584618657412 5.21042680682695
1.91926795912067 2.96128226262818 3.81473737477339 5.2047178289392
1.92101662103572 2.97386484439207 3.782129787281 5.22611611857393
1.9242059000034 2.98743513617107 3.81000135502806 5.13333357085798
1.92599322967212 2.99724282441039 3.81556547635016 5.14450992067647
1.92544907764951 2.99323793970493 3.77970065552607 5.07024623455736
1.92474704983411 2.98693987764877 3.71025126480994 5.02234105046998
1.92584309790672 2.97876587158849 3.64365150351297 5.00428512411187
1.92482604234385 2.938332523734 3.61690895000297 5.00024535107678
1.92457376455651 2.93026378752237 3.60964020448981 4.95384285028568
1.92627322161382 2.92341363033967 3.61656488915753 4.99492427016887
1.92545098038524 2.91423586022745 3.61943173087406 5.07080838686687
1.92542026648376 2.92817000012025 3.60710748522001 5.00812562676503
1.92691993031325 2.93084835536546 3.56660135423606 4.98302955523699
1.92467203014836 2.91861220690709 3.55495845195745 4.96679684120106
1.9225774264091 2.92622708101237 3.51666719189664 4.98069154593558
1.92153571982126 2.92880343428354 3.52238246570127 4.96366115226011
1.92374805957384 2.91257160468954 3.490468264425 4.95376098448413
1.92239261666283 2.90139024168795 3.47073222895869 5.00808700311288
1.92299442624609 2.90139183596227 3.45945704091591 5.00238073726549
1.92344408622 2.90769244563783 3.48060519345846 5.0222169097373
1.92662885969593 2.88399880431156 3.4795295843024 5.02523371459438
1.92513737135666 2.88869584118053 3.46721298731074 5.01573261945238
1.9249244108696 2.8789947464111 3.47193776277957 4.96847782822644
1.92459900076281 2.87927798585248 3.45643775896463 5.02997818068954
1.92805342285163 2.88725379064114 3.41714976049882 5.0560707121301
1.93136844698121 2.88292902805897 3.43410946048226 5.08096932037051
1.9325694609884 2.8662893938703 3.40799602333464 5.07551378809847
1.93416373812972 2.85565059571883 3.38658705857698 5.06598883137612
1.93305974427475 2.82824870143494 3.39433417572183 5.09852922987179
1.93109563931456 2.81914951803841 3.40566148452994 5.03518663687842
1.93197953306965 2.82197321306564 3.40339333699754 4.96558580729199
1.93019650149023 2.81928629889691 3.41667336467368 4.9647861104484
1.93044834033846 2.83036882244634 3.37837485970075 4.92819534594415
1.93109659003349 2.78998902224261 3.41104707148909 4.87549593415791
1.93350195480681 2.77678181105062 3.38430005728508 4.9419934976678
1.9345969590145 2.77990756123158 3.41428868698982 4.93473960537273
1.93239187930604 2.77945032536097 3.38134324094888 4.97245819837028
1.93349369932633 2.77613395800621 3.38869018318617 4.94708145470688
1.93428972400099 2.76502756262375 3.34289989462803 4.9096738600272
1.93292404547521 2.75584356076719 3.39487218617538 4.94037933371789
1.93479250763149 2.75064388487952 3.33640004434544 4.92229306614334
1.93487980855798 2.75012008631392 3.33939830805229 5.01864402951702
1.93629406574663 2.73034056177741 3.34656848084366 5.01476942889384
1.93876485134699 2.70140324159049 3.34075538576498 5.04037725188281
1.93849551843109 2.69530478316968 3.32602758263736 5.0134884059438
1.93859743198513 2.69079277803163 3.34382001255789 5.00705447411267
1.94265583963912 2.69955380577506 3.30618550124366 4.99477642368161
1.94153905684017 2.69129501662156 3.30767471799128 5.0925576616158
1.93921517857241 2.67454140975166 3.32248148458505 5.05849237396661
1.9406731004402 2.67856749533699 3.30640298582865 4.99545292185711
1.94263848269648 2.66347756694546 3.31448126658918 5.07807814008311
1.93944375014054 2.6529334504061 3.33132835392781 4.95690613598605
1.93947086640896 2.65794937794982 3.33101710297855 5.06434796001233
1.93717002280947 2.645283600707 3.3058360768411 5.03928444285797
1.94055128547266 2.62982175159018 3.32685967352234 5.0700946958609
1.94341795051901 2.61765051761275 3.32306275606931 5.10451353677224
1.94134609793322 2.61500903938727 3.31000736575997 5.04043589400323
1.94297286083886 2.60611527585896 3.34674176229311 5.05980990490932
1.94186682094388 2.61244272828429 3.33464220398346 5.07221559206395
1.94193265718307 2.6216549515646 3.32828893935929 5.08057555014032
1.94235489892861 2.62306394068934 3.34170136558819 4.98545835708924
1.94095954473574 2.61728200452724 3.34130692167095 5.01343891186527
1.94150644209251 2.59825991887506 3.34487387206212 4.98787291240578
1.93848480724696 2.62020040992978 3.36804916799005 4.9687817569702
1.94065127414326 2.61001545048024 3.36424903302511 4.97025190409622
1.9425604890392 2.60317968330446 3.34794186962487 4.99348263838465
1.93975039921427 2.59496890796458 3.3590830099362 5.0340983498518
1.93979292402745 2.59846655669407 3.33975520154886 5.02374990306536
1.94140136706918 2.58925721969991 3.33568837958173 4.95514318308906
1.93910222407871 2.56464007611969 3.31681663109121 4.97745652051588
1.94179495570064 2.54552347625506 3.34883680155076 5.0570430072049
1.94050506442427 2.5416846139259 3.36983667910179 5.02191102372727
1.93912531297529 2.5267455661428 3.3843139206821 4.96796405238846
1.94265158875121 2.51438420895432 3.35396070953876 4.95634250866492
1.9429435054373 2.53238427784226 3.33013630754145 4.91924565495336
1.94545909467208 2.52706447483484 3.32622040704612 4.82821251937912
1.94328197983584 2.52568226494753 3.31453921793672 4.82237192055623
1.94203197907188 2.52479412279967 3.32784559853859 4.87395333335198
1.93978521051879 2.54236620079023 3.32842852119927 5.00234539773709
1.94057009403631 2.53068397205552 3.33892785935433 5.04182888697902
1.94299845700393 2.52911322675548 3.32678329983386 4.99884388772569
1.94214589429198 2.5100157722004 3.28588793880832 5.03785317374802
1.94496025136803 2.52005612078757 3.29120403665587 5.01898351365815
1.94470813154219 2.51707353864711 3.28741897824108 4.97220915343756
1.94276201413709 2.52817930312967 3.24958719983769 4.93719892551759
1.94047996145304 2.5219623494103 3.25217671385816 4.91304295291667
1.93877259921045 2.50874000900633 3.29876756085184 4.94347976257969
1.93983827301032 2.49840991115006 3.28635206859815 4.98935365798842
1.93931689955408 2.49762403614041 3.27031700346738 5.04222982982679
1.93907045906143 2.48079664016194 3.33230778460832 5.03582912774973
1.93981395798042 2.482534060264 3.2884183230964 5.04401387451934
1.94213562357207 2.46733085294533 3.28728322414949 5.1064801369525
1.94267265844963 2.48007324355847 3.27763626050693 5.07779546899808
1.94252997059221 2.48317204596946 3.28604557631672 5.03766443473279
1.94163060463099 2.48634564766039 3.30942511504908 5.07288471318232
1.94137782444913 2.46800664181497 3.28972957265948 5.09693000049045
1.94295436066233 2.47721191087958 3.33291230896061 5.03838751663525
1.94409284358221 2.48294446213999 3.35415431218628 4.99673278154068
1.94501905471591 2.46872916487467 3.30538900862811 4.99698303230152
1.94630243073852 2.46001229167362 3.29460903256752 4.98518513335431
1.9477436625271 2.44943458852417 3.27172024410515 4.93679018745251
1.9456341230124 2.45447561884345 3.24638139143971 5.00756847783522
1.94965613027315 2.47835825768298 3.23106769691091 4.99433650635608
1.94705980715475 2.48842391603271 3.26970100882078 4.99560360205454
1.94627383660345 2.47230511689489 3.26058220969761 4.88860260188686
1.94559863183571 2.45869545740073 3.25480409436855 4.95401936545063
1.9471566246839 2.46937424763386 3.2883455603784 4.96570336577889
1.94559546799578 2.4505775135593 3.2985081568653 4.97561414657175
1.94837687342118 2.46528103830355 3.3315669409319 4.93615476632377
1.95000749650254 2.45708633656732 3.34008213357067 4.90116752230881
1.94927930944351 2.4551732653683 3.35436898430116 4.93495691633213
1.94845408828587 2.43448704665618 3.35495992924207 4.95434981768333
1.94895742929385 2.41877684668704 3.34305877891466 4.89035767306616
1.95013454637395 2.44988282412727 3.34140388900351 4.84612634826544
1.95308660135141 2.44498065795388 3.32823900899186 4.89539069819586
1.95669075085326 2.43511283260204 3.30598267689881 4.83986297228031
1.95552898738957 2.420956617161 3.33691886126823 4.93610740437921
1.95693654579969 2.42787805020109 3.32744731272811 4.90037540480972
1.95602880868898 2.41796307454504 3.31807703173273 4.95360076354817
1.9577185720973 2.42265625455392 3.30926686308709 4.99085536892214
1.96000440866973 2.40793748176672 3.28438083356132 5.01007186939545
1.9624042514059 2.42473047662854 3.31422403144127 4.97859686699743
1.9634861729796 2.42668773769773 3.33368095567225 4.95139373282524
1.96117067721396 2.42706731010223 3.34797218498735 4.95754419642946
1.95869881019283 2.43918073414008 3.36219334302085 4.94978167079509
1.95943099933902 2.43960028419102 3.31827914909178 4.92956228631193
1.95858371284431 2.42714074095417 3.27916648094083 4.86687249958068
1.95925327674934 2.42583260852961 3.27054379293183 4.91783417636777
1.95864039552688 2.41638181054506 3.20904825077556 4.88509333186453
1.95799403298044 2.41133977295434 3.26543644662817 4.89392318475388
1.95511573895713 2.40648998217989 3.30171622210439 4.9296905905839
1.95437912319235 2.4214782701931 3.30910614082045 4.9795753531224
1.95606088180204 2.41130715984172 3.30683153428998 4.9572027335251
1.95588512529819 2.3983753119245 3.34126602769419 4.94283870881554
1.95718805258992 2.41682271589916 3.3593790186366 4.9426737779407
1.95607251560287 2.41198096276461 3.3339146462415 4.9706599358991
1.95590924109579 2.41290581178253 3.36973857816348 4.96575676635031
1.95954869106346 2.42260972125825 3.33752141127025 4.95055066708798
1.95849688055136 2.41977871363342 3.3532784830863 4.95399210601999
1.96090538198332 2.43022791307065 3.34488549193522 4.97494837589144
1.95977662916481 2.42817097426917 3.31868088543785 4.99823928297511
1.95759289823346 2.42124929718422 3.28613295129447 5.00808644448781
1.95400865088819 2.40332555638476 3.33730847875021 4.95249644412897
1.95757201432668 2.41169610493155 3.28941218687524 4.98215984448523
1.95821342080497 2.42764850318872 3.25786980822458 5.00598273839873
1.95857863555841 2.42294345085014 3.28638921447346 4.95177944804573
1.95689682077713 2.42213562633828 3.27735945934023 4.91699974528169
1.95796903441251 2.41666579436227 3.28675607922829 4.91408140606038
1.95946338270487 2.42150469575394 3.31252645638131 4.91508614403601
1.9592484459364 2.42566898296962 3.30961346396122 4.88487693544035
1.95756778285958 2.43047900871852 3.32603920765643 4.93642314028282
1.95854234309998 2.43775980350214 3.29511487718202 4.93738309431313
1.95831513691609 2.42409070856853 3.33000992768021 4.95877454147506
1.95534879519035 2.42573478596093 3.30417872809188 5.00713699979372
1.95635602193464 2.41525043104342 3.32660555249099 4.9359756016039
1.95796375089202 2.40508492701296 3.27778389819732 4.97685772202626
1.96109653178558 2.411152567695 3.2988577811768 4.92889221982143
1.95930716726261 2.42147538569628 3.2598294021881 4.93464753781631
1.95275189359466 2.41274729680997 3.24727961879108 4.92511765771082
1.95362635623105 2.43006624273932 3.24872777764857 4.91514099772144
1.95240079619884 2.41481522049054 3.24478919514668 4.92498865522245
1.95425445680045 2.39546631382489 3.2732123510755 4.93851854392269
1.95366351057268 2.4153141329476 3.28770225708412 4.95359664485289
1.95343215229974 2.42092741295269 3.26397688006731 5.02330188849464
1.9580188343987 2.42117776050071 3.26743338332728 5.08129073766468
1.96008278176987 2.41635182908515 3.28926270838847 5.09317035745792
1.95982724299306 2.4069129543031 3.27507160939654 5.04785135021124
1.96159200419499 2.40868387668854 3.23900294959815 5.02849544216788
1.96289881017686 2.41157825320402 3.2195249559186 4.96104713225195
1.9601761940483 2.39963294795227 3.20376378402477 4.93392215039863
1.96035248623943 2.40732660855133 3.2456252477769 4.9741197547574
1.96135919540461 2.40492839305255 3.30019284010204 4.96653075622699
1.96034588125465 2.42268017573646 3.30922430486099 4.93523543147827
1.96135033769649 2.43274042718104 3.31107651547298 4.94401407960159
1.96501213866623 2.43161774319534 3.24889802511324 4.93268448274634
1.96779691919988 2.42730645297273 3.33133932282406 4.98456291743168
1.96774956747597 2.43647633885218 3.32801520201667 4.98822677043005
1.96704223622924 2.43013683858258 3.31790826154914 4.99681898466945
1.96678949993329 2.42862456662258 3.34608743909564 5.03962176361678
1.96340423844325 2.40597763578022 3.35031023693763 4.96356832596256
1.96518788888663 2.41192078907904 3.32201804184003 4.97066202678426
1.96324754335439 2.40315040276181 3.31017750018597 4.96048296076964
1.96283880254997 2.38713119872958 3.33323072964768 4.97944513129409
1.96013323718535 2.3820974449648 3.30675834225375 4.97011360027732
1.95881123733834 2.39271070558247 3.32415173815162 4.98316796460138
1.95895704467348 2.40777883234823 3.31728381311475 4.94724135113936
1.95877304246957 2.41133429470554 3.3292543599887 5.03425923705449
1.96174134228045 2.42949252005478 3.33694186150472 5.03159834283797
1.96080525025423 2.41349685200096 3.30114151219438 5.00435503655878
1.9609247502668 2.40463439851689 3.27362569408516 4.97175542811007
1.96326926549891 2.40074668881974 3.2691405555043 5.07256037271718
1.96209746894192 2.39651120855152 3.24897539699857 5.03457481276552
1.96125042927578 2.40401807181985 3.2559030580877 4.99587819058476
1.95864159959082 2.39390286944353 3.25143315327637 5.06681280564599
1.95951217847189 2.40021721121193 3.27424171197296 4.91399659973095
1.9635171162253 2.4038311269923 3.29673320320378 5.01309558899182
1.96571621984717 2.39265142430485 3.2567284530287 4.99126415858543
1.96602431888006 2.40394281186709 3.25693801469238 4.99913263866505
1.96636227852516 2.41424373851772 3.28498622942169 4.91954209963992
1.96709758101565 2.42960241488312 3.2798362261888 4.92022021362077
1.96457022848495 2.42595038926312 3.28515142163871 4.9492064575946
1.96399629270847 2.42036081349373 3.28948751277552 5.00717983504204
1.96534751189596 2.40617346230227 3.30694012267319 4.95990474411846
1.96071402488653 2.40693829589371 3.32598019569773 4.94768648709474
1.96197736005452 2.39833315922954 3.32881911300995 4.87893456159804
1.96321575988854 2.39276370097511 3.3309550990149 4.96813865072528
1.96178060192858 2.39389035884859 3.31256699438243 4.97611679666161
1.96461815335834 2.39779199571454 3.32607461437855 4.98275003209601
1.96249657422347 2.41527807444629 3.36211910092489 5.03835558625935
1.96229256139247 2.40379444662148 3.34264008141254 5.03744545557448
1.96206208259008 2.41044556487885 3.32178592787451 5.04637259586361
1.96239254342239 2.39387932305176 3.28987230862693 5.0057022098207
1.96011242740313 2.371244394538 3.28477761264231 4.91178335903457
1.9604189105808 2.36887161871837 3.30753809173806 4.91790470168934
1.96085451984896 2.36218960763957 3.32348710919203 4.93283696005979
1.96182296187185 2.36183769463385 3.32361499174109 4.92556748618605
1.96002619616581 2.3939038415706 3.29189804861659 4.9520272530911
1.95902266645008 2.40024576967878 3.28368213038895 4.91212986611489
1.96045114610872 2.39455466632187 3.31235030264086 5.05152560925605
1.96101713881788 2.39198962444445 3.32946971970866 5.07169206237247
1.96213569249584 2.3978236396109 3.28569544362042 5.07542649214493
1.96189722739208 2.39906699913701 3.31381490107682 5.01817692765627
1.96337664196985 2.40447991295092 3.29284379431809 4.96460421387838
1.96477119274027 2.40140944631987 3.29271775465895 5.00039980149918
1.96549030383994 2.39373264109677 3.33068354474361 5.03027018951479
1.96739206571565 2.40350916740261 3.30780167742748 5.00479222295533
1.96761392494109 2.40710216828526 3.30771746503569 4.93637939360888
1.97098802996927 2.38344191360073 3.29775032142551 4.91071511301956
1.96855957055224 2.40360435572243 3.32193304355149 4.97486169359974
1.96646505416166 2.40050779847147 3.28636984441052 4.92247938177251
1.96534741774901 2.40683293111236 3.31400132017004 4.8753852253543
1.96627179921212 2.40986127398958 3.30653433544417 4.88814342645772
1.96737762116271 2.42769639369638 3.30774928671022 4.92748006935545
1.96779038489113 2.43769872019712 3.27635707177044 4.97240076511937
1.96662480412554 2.42549192770133 3.30039069705469 4.94783481471592
1.96403557003743 2.41613807109841 3.30211642436792 5.02903041096533
1.96147064176021 2.4155027493367 3.27692305627108 5.01444489602492
1.96126751608376 2.41373232215558 3.29609149915457 4.92849042711925
1.96252424638316 2.4330118176994 3.29687996066495 4.94139275220215
1.960900182696 2.43413904884705 3.28773833118283 4.93992598124169
1.96262064417994 2.41550182728932 3.26810923295912 4.96311165551734
1.95916512596487 2.43003762465655 3.26681765473268 5.00070776189019
1.95994309105972 2.42125675196147 3.26868590901459 5.01686740672459
1.95953334239952 2.41945596698122 3.28840801368572 5.07130789815387
1.95908097027681 2.41913582797876 3.29061804054009 5.03117690403157
1.95975128322883 2.42043588570035 3.27468274003925 4.99653553180324
1.96183102809147 2.42801080956503 3.27286673911215 4.94922848717453
1.95953384804792 2.41664924276867 3.28423101431219 5.02710420699757
1.95990029240237 2.40066467286204 3.29641606173599 5.00444341866749
1.95884875013545 2.40349212680393 3.29422998141415 4.96818169140677
1.95870438830993 2.4014461128255 3.32419157978855 4.94013220755184
1.96145769946622 2.39146963687703 3.28711869838606 5.00722210663042
1.96160760204067 2.39441218841038 3.30845006160663 5.01010597101875
1.96515037155914 2.39422274528876 3.30467677948428 4.96205139074612
1.96565964069338 2.39064846696029 3.30869989174131 4.92522465196268
1.96694177409632 2.40917236075549 3.30989872708744 4.95234030443153
1.96803567771973 2.41901392546847 3.32673484421212 5.01217505797111
1.9692255110318 2.41914800989317 3.30367256165208 4.95093434756
1.96688775639914 2.39693516274983 3.28283293093788 4.93954951821561
1.96667984326403 2.39162423075137 3.27497434770207 5.05975836696147
1.96607161744061 2.38746982395091 3.24831558238985 5.00449065309578
1.96349564644641 2.39290856229453 3.27401343305731 4.97905542249522
1.96534188959228 2.40638848322593 3.2952841108439 5.01967776058481
1.96713682866696 2.41730829335971 3.28998353409473 4.92636514765239
1.96830720191017 2.42104990107459 3.2801796868478 4.93012544648205
1.96602691159557 2.4217683950673 3.2891904988706 4.90478781827066
1.96494859781657 2.41348911687162 3.24833310340086 4.95757881900015
1.96696153021411 2.42406831291954 3.25772564538201 4.96629359186806
1.96539226653395 2.41151609001701 3.24831631902384 4.88908786431718
1.9641776344953 2.4203493644803 3.25759306106091 5.01083568372668
1.96709360215817 2.42443742923141 3.24977168222256 4.97759185955893
1.96627995334656 2.42636297469207 3.22065708325714 4.93644440911535
1.97066285153653 2.44339834849186 3.28461337665809 5.00369848249277
1.96930109248848 2.42544744932928 3.30526327514313 5.04440155940484
1.97034717530536 2.42181440307942 3.29958763112638 4.98813776870613
1.96917834336656 2.42675250070439 3.33415849071623 4.97488858587106
1.97082185569301 2.42555175291551 3.33131592987134 4.95057105964938
1.97184591286754 2.41499333996532 3.32308675097962 4.96987591687676
1.97312206155224 2.39973607934931 3.34487496610483 4.94988083881975
1.97287794745013 2.37014278766821 3.33335530323762 4.98610673867576
1.97559999806225 2.37950263028417 3.2955977782056 4.90951975192572
1.97414882447407 2.3915617935429 3.28646192123176 4.92462101015699
1.97354219433654 2.39754565932865 3.2822795965339 4.88542083425367
1.97028375208847 2.40428196276959 3.31171043486908 4.8529354859606
1.97067008859234 2.41593993816438 3.31937483705071 4.86348221439349
1.96874968777165 2.3937891776795 3.29566108357861 4.86679547257152
1.96935559529975 2.38499985196909 3.2777904619587 4.88404204509891
1.97038476516177 2.37570652597363 3.32676051452819 4.89370750162407
1.97111908819635 2.38786507009142 3.31172121896087 4.96445690431036
1.96885090506276 2.39146076777497 3.28474920907761 5.0094977734436
1.96707716857879 2.38587904481042 3.29717306840115 5.04390464567734
1.9710487763755 2.40023640092719 3.28215252323949 5.06963184405582
1.97001475465962 2.39932203453413 3.27503429453003 5.04235767682098
1.96880808151822 2.4111089208594 3.31674065051393 5.03258927520183
1.96912237824026 2.40234445242473 3.30201613676622 5.07282037026235
1.96954457943313 2.40924670010778 3.31837293899128 5.03380480174434
1.97026137167008 2.42058567211515 3.33203785067906 4.96170429674875
1.97021657383653 2.41524939125602 3.28927619690163 4.92035571963874
1.97142594982007 2.39955764195846 3.24844294006372 4.92685964518877
1.96842617419138 2.39229770891204 3.26203230546722 4.93265103581391
1.96583730724792 2.40265269944583 3.2870769028766 4.9557553941368
1.96285005815332 2.42213589275013 3.30301512316414 4.88389255357175
1.96492867567863 2.42698436163574 3.32572449296743 4.90631743080204
1.96572275438734 2.412035578049 3.31542956908775 4.94772669840569
1.96494828265958 2.4050616896216 3.29202194049114 4.95629979771426
1.96545483166112 2.38352445149905 3.2510581465467 5.015424269159
1.96427084729595 2.38904472588546 3.27134576036303 4.95500906154024
1.96729942955622 2.40175179650014 3.23972231396939 5.05544163143479
1.97002280819268 2.40049842443427 3.27047115633695 5.02874625098351
1.97147154707476 2.38689412264016 3.2976353584729 4.99818868895845
1.97056923639555 2.38825893083057 3.30380266580315 5.0991090702459
1.97146233572466 2.37299670366713 3.34957689311745 4.96203185675718
1.96938558878053 2.36901533221694 3.33695631788198 4.97767865819651
1.96783961956654 2.36732363745545 3.31284576971192 4.99955278596276
1.96717598363692 2.38433099229192 3.27665055932059 4.93792538144401
1.96427809918216 2.39888712253104 3.25732493378896 4.92501020308903
1.96272222224518 2.39768382973476 3.23476498195592 4.92331836482217
1.96310012495372 2.3869102840054 3.2186180543685 5.0134236929568
1.96554916698562 2.38687938470342 3.2839772368162 4.96248985458183
1.96785841944537 2.39304399648407 3.29187130947868 4.92594456528402
1.96563156082179 2.38353042735838 3.31758989944605 4.93178231062796
1.96523758882673 2.38515414245362 3.33037814289672 4.98594936676657
1.96434447035939 2.38778277610226 3.33368235264457 5.04725896673317
1.96394966013803 2.39605219838843 3.33146369954697 5.05653078197219
1.96447418017504 2.39635454285352 3.27857428234021 5.01518210226315
1.96554279407997 2.40652182732445 3.29177521656164 5.00115813806951
1.96789019008826 2.40637626457444 3.31662618839986 5.02358544974084
1.96652803855118 2.40370468663358 3.334879668608 4.9971970447496
1.96547980338491 2.39770317628765 3.31548262290206 4.96974347617289
1.96417227786028 2.39101699853744 3.30682703937804 4.9840972645343
1.96257064593332 2.40097232577444 3.28337250309799 5.02030670033518
1.96094029752508 2.39038327468405 3.29944870342494 5.06528778751858
1.96139670996459 2.4015597572353 3.30289992117066 4.93645514726403
1.96328006123705 2.41115196706675 3.32796920233556 4.94984815259662
1.96274641682851 2.41096832893418 3.33597631798414 5.07921234004085
1.96168974262033 2.38757529376919 3.30064066964021 5.01748900562272
1.9612880434589 2.40234052133287 3.35751295803833 5.04754196877701
1.9645705884938 2.41345847922034 3.30977181439555 5.05500961023152
1.96276034251565 2.41606680568984 3.30830673212235 5.10183328797028
1.96458201990643 2.43489218177344 3.29123843750649 5.03202651558097
1.96775584067188 2.43034710092398 3.27300118098248 4.97031659667528
1.96444283741418 2.42371514663176 3.29750781691952 5.0480320482494
1.96632820935039 2.39754651893485 3.3088686786418 5.02807676755264
1.97054187261911 2.38947023218465 3.29977052490606 5.05619963444867
1.97148001817802 2.38318782829435 3.31152042029548 5.07405777940629
1.97274239965195 2.38936219356783 3.31138843811967 5.09610140512871
1.97396859559639 2.39793128471686 3.2993323997814 5.00141975939808
1.97363592251649 2.40621162953979 3.27124561983986 4.9706857572622
1.97143842023948 2.39627393024284 3.27195791566188 4.98652695381412
1.97379602027941 2.39258169140378 3.31922637857711 5.04685690088411
1.97484415733276 2.40679401449564 3.34124601829231 5.02651377346292
1.97021664492407 2.41876198786233 3.32613602828004 5.05729097438341
1.9705259037205 2.40462860225537 3.31414697946933 5.00358509077534
1.96606684212809 2.39487499263093 3.30827706202111 5.0818778330815
1.96738503366363 2.41368917523831 3.2986070167368 5.03157302851817
1.96905793861392 2.39877026766376 3.31346079235747 5.01028197128704
1.96677146852752 2.40512486414344 3.35530101471269 4.99359351354406
1.96421232699577 2.39354820821907 3.38033196349569 5.01908514176554
1.96420313076188 2.38618259495842 3.36704772219504 4.9922055850143
1.96350206859409 2.38378698635875 3.34861391898616 5.00674866298982
1.96525986230281 2.36505700652771 3.3394712307124 5.00186303436817
1.96788337353017 2.39451378010712 3.33390011916942 5.08764003540626
1.9664318838061 2.39902920907798 3.28755547059294 5.15052051755643
1.96524835109103 2.39437462801485 3.29030258515422 5.02175357781182
1.96454236019151 2.39735792162153 3.27228346012635 4.99514596016444
1.96717228550487 2.40377750133103 3.26456435747887 4.88999221689987
1.96780883307076 2.40365610282679 3.28732746455485 4.93303929659007
1.96746291747493 2.41138101528114 3.30577144630079 4.90953861630565
1.96703478562368 2.43142996442649 3.27500072404819 4.9438484887689
1.96768005378555 2.4139189016766 3.2944196721699 4.94380109843719
1.96844260754167 2.41242389546243 3.27879789883304 4.97820572706055
1.96525121839513 2.41378969621649 3.26029566812264 4.98261865151099
1.96598872799658 2.40975459789655 3.25169441148748 4.9649532372321
1.96542138746057 2.40226958129247 3.23618190359948 4.96739929506079
1.9646283866423 2.39419709379453 3.25657712378991 4.97680501583249
1.96033266946647 2.3956696757217 3.24945987914231 4.94908201002806
1.96193211528219 2.4014481761144 3.30197339812787 5.03145962635083
1.96136083619413 2.39394715246627 3.29991212388661 5.03099633360604
1.96295163179212 2.40332759173733 3.34981943683183 5.04829062484558
1.9625306935986 2.40620829363763 3.32798699902912 5.00700018719271
1.96268440866267 2.3864297208947 3.33017245054598 5.0236359621397
1.96283854307748 2.40409625490172 3.29741806497297 4.97435430842905
1.96232418402899 2.41335441764657 3.31517953816229 4.99568290541232
1.96133540760205 2.4147112399744 3.31732852411608 4.9674546206354
1.96311845112956 2.41674280779308 3.30968792851867 4.90476360442269
1.96540318918541 2.39663315224513 3.29568135190921 4.98178052932783
1.96748627738008 2.38940623862555 3.32891722315664 4.97563281782455
1.96322915005316 2.41556095628771 3.33983669227817 4.9681458137256
1.96409931268634 2.416888865927 3.36767729321184 4.92160698434328
1.96518100001138 2.40465096356763 3.36413996727896 5.00065307705119
1.96275356472327 2.40814464128353 3.34277838226256 5.06515050371824
1.96441489767626 2.403155492156 3.33552919445799 5.05423777380428
1.964679141393 2.40849839299997 3.2772250323828 4.94914008560496
1.96257464476714 2.40769345030499 3.31006611892063 4.96552988502662
1.96414042197253 2.40421009724029 3.32193733137012 4.99148886641957
1.96407250248728 2.41947409301367 3.33544703874954 4.90913873176497
1.96283994968868 2.42014723567751 3.3475065551063 4.9524621179456
1.95964024644032 2.42584900939907 3.35894366767935 4.9268208284697
1.95875873141981 2.403476217782 3.37682959104679 4.97779840592388
1.96193156365494 2.4065152981281 3.35965892592458 4.96092135662037
1.96541480483953 2.40337931161446 3.33704918514871 5.017540701008
1.96522410432019 2.39517146453656 3.30107166797203 5.05471661197425
1.96060115928467 2.38970070412591 3.29907782818492 5.03287019091472
1.95794894495707 2.38662204247438 3.31559286502075 4.95226429085703
1.95830544513627 2.40036303834501 3.2935726820373 4.95993569689558
1.95995581592627 2.40634223137342 3.32717805564377 4.90473427522174
1.96074433507967 2.41299779336837 3.36160433549941 5.01103795753948
1.96313712548358 2.41527313986978 3.35409766962144 5.04179515713687
1.96353597707081 2.40948858138779 3.31199902241543 5.0127784976146
1.96295804934771 2.40126578291958 3.28853807365886 5.04803292976869
1.96113258018073 2.3892528934637 3.25363225757069 5.02249524848885
1.95970566697253 2.38872683118543 3.25397840954487 4.97501902740649
1.9620520776803 2.37508515898136 3.26903868706557 4.94777455411754
1.9642506187677 2.38210485218372 3.26075328826889 4.83601459326523
1.96597793079107 2.40343330798312 3.25881250735403 4.91767846503027
1.96928040188985 2.39371987140102 3.23946286127812 4.96308609865192
1.96773070948927 2.3943836655881 3.21688138382451 4.96691104322353
1.97114134051985 2.40096514398319 3.29186387433073 4.95961929210583
1.97008492817351 2.39988827366561 3.28164503146619 4.9239374285924
1.97013467172465 2.4110230754716 3.27517452528824 4.97913751667201
1.96862419019079 2.40422560106976 3.29159532526561 5.03795942429052
1.96745982993487 2.38804718032829 3.30783315202617 4.99266930366703
1.97028515027731 2.37636380999104 3.31861679494004 4.97960963861405
1.97111624786283 2.37337900760904 3.31958550086665 5.03324170930357
1.97053975437977 2.37128470606187 3.28143699000749 5.00876678722301
1.9667433989635 2.36115298087128 3.27754382267278 4.95615471227222
1.96737112710254 2.36784159304732 3.26285981152948 4.89667402975373
1.96702937274254 2.36548132897704 3.24652474129839 4.95102910880144
1.96736702073731 2.37060342885598 3.25841307831068 5.01787075154342
1.96549870805917 2.3684296112163 3.26715331005546 5.00037135394714
1.96805054865713 2.37926996456163 3.2696246618045 4.91607591101148
1.96613838418671 2.39202153309934 3.2794531658903 4.90495796103187
1.96308445657349 2.39354943229989 3.33297342920488 4.94265563995487
1.9606370278599 2.38055165929258 3.37251705680214 5.00438060862223
1.96083645632536 2.38704791217072 3.32403286426892 4.98863225510353
1.96187860869345 2.39901470165885 3.31942005762574 5.04132850121582
1.96190537747832 2.40064651731643 3.2901902628996 5.04649323121901
1.96088347599582 2.42426908301805 3.30094549797503 5.09415815120785
1.96226476892699 2.42727476846383 3.29865660320031 5.05281281946326
1.96378438176566 2.41072237511681 3.27974960677992 5.04116578180338
1.96463683186517 2.39670826722217 3.26626147905294 5.03417763632234
1.96089632277027 2.4171526021027 3.30463892027211 5.02883932351994
1.9602094309034 2.42132001588359 3.32315328041599 4.94880599214034
1.96013812839436 2.41493927174577 3.30893363411987 4.99529627606466
1.95843912964968 2.41501611405874 3.32554350518073 4.98625690024989
1.9608987002244 2.39524886018486 3.32972868479317 4.98185786187282
1.96403167689007 2.39983290572366 3.32959277896316 4.96773213463049
1.96575193365437 2.37419679049679 3.32919167631354 4.96288322247226
1.9660233726593 2.37665219426773 3.32692545329198 4.94287897346584
1.96836180892657 2.39275561710894 3.349737429371 4.94167762341781
1.96771448654029 2.38487167400987 3.34447737362159 4.98294275771467
1.96918624194601 2.39978205092026 3.35346350003936 4.94002083373821
1.96488194578493 2.38603424739934 3.29952462190338 4.99154752002513
1.96606680836643 2.39281732484922 3.27261885907359 5.05467354739196
1.96412664769414 2.40118942147226 3.27618257552761 5.01961050935422
1.9655717302904 2.39241040797783 3.27304020315316 5.07439303266719
1.9656159486828 2.4038324156732 3.29259773856338 5.03628325924404
1.96315796939253 2.39988774460748 3.29008868022087 5.05038286664213
1.96002586125791 2.39958474750327 3.29122944722082 5.0352127315128
1.95715495098569 2.38887992671825 3.27068106922253 4.99734986369201
1.95661784709045 2.36834633872253 3.25545468779693 4.97466257742599
1.95752686164819 2.36428478357317 3.2783343658289 4.96011358085513
1.96012416454124 2.37683835484401 3.2676194377085 4.95681852059367
1.96365595151761 2.38751539090125 3.27039757950022 4.94378942687599
1.96328709962839 2.39834552558164 3.28305342961853 4.89205071177432
1.9641974311939 2.39531377367142 3.28022539292252 4.95042556818693
1.9659498761636 2.39948835094765 3.29506013560891 4.93637313727809
1.96395126141473 2.39235668205657 3.31439425695062 4.92674935982582
1.96482356708694 2.40096385607742 3.28430152006845 4.94739622221611
1.96305794156554 2.40041899098716 3.28140639603529 4.9947238222824
1.96063392947528 2.3852611067351 3.26918870583524 4.99958255416822
1.96114919744854 2.38724995151491 3.29233976412154 5.02527807658085
1.96100871410614 2.39940354660164 3.29649787584478 5.0149217623707
1.95735303049028 2.4019482962162 3.27120148739262 4.94693799217366
1.95790602990938 2.38111594625926 3.26963410992678 4.9512350410665
1.95967699041932 2.38507673887775 3.28430683879701 4.99373790088907
1.96024426656563 2.38648621201038 3.28185521014495 4.9995335688489
1.96152500668336 2.39769101461454 3.28708752490591 4.98864629306217
1.95919125659077 2.39199975332477 3.30461033193298 5.00724882495477
1.96131991147309 2.38058961543369 3.32002149411913 4.99882271277351
1.96116544029853 2.37425454757436 3.28223750232254 5.04926459751128
1.96138918898091 2.38123996792678 3.30200061313185 5.05159968887792
1.9601281722987 2.39518026294711 3.31859674728806 5.11861816048759
1.96248770379571 2.38372583381743 3.34181601232841 5.10060912646606
1.9651636393035 2.37588653151685 3.37724614721729 5.12956862321762
1.96272620678753 2.3679992947304 3.31780852659526 5.05826249389703
1.95862358538237 2.35871746857597 3.27485487769595 5.03110310555103
1.95937840350717 2.38073179231011 3.26654347148451 5.03140461196966
1.9579103329974 2.39176053520317 3.24086804272147 5.031354281492
1.95679590985595 2.38607216184504 3.27679284934375 4.98097911424695
1.95573462214927 2.39450372774076 3.26758066552346 4.95438061806331
1.95442210432817 2.38869197819909 3.30619340286586 4.94294597779194
1.95569565440261 2.37066120351759 3.29850954113025 4.95233183902621
1.95562799329399 2.38729592344079 3.27018968670574 4.98888149232086
1.95732174684345 2.38904239122579 3.283430929685 4.94614980771231
1.95502761424503 2.37868054468241 3.27765173377412 4.9612111632525
1.95650253779062 2.36347233574464 3.30358717407685 4.99775875028662
1.95886866616815 2.38030846903461 3.30710088178565 5.0465836294134
1.95880924215557 2.37362117132936 3.31149487301066 4.97705612498036
1.95481454294246 2.38134466261714 3.34868954780708 4.97257159548163
1.95651148122058 2.39241821185076 3.36436941638494 5.00300125836664
1.95543552062343 2.39663538841177 3.33663264998947 4.97036835639469
1.95738303009928 2.40428637424523 3.33876622305036 4.92097182334378
1.96155180849953 2.40160271236123 3.33940155886542 4.87124228272384
1.95869948237395 2.4071830303294 3.29680577422027 4.93461173348281
1.95762137583307 2.40820410336359 3.26828044784973 4.93106139895837
1.95616881656592 2.40152020674994 3.29235398464548 4.90283414419589
1.95917483737774 2.40438218957779 3.32054392240996 4.93357742387957
1.95910640363266 2.38180120351139 3.3116020565884 4.9932532494727
1.95741962671739 2.40728625092048 3.33555458510688 5.01961626310075
1.95895671222084 2.39501872343013 3.34820217534046 5.15105198451352
1.95502307711905 2.39825961321456 3.33308871453692 5.10193296982997
1.95315269487545 2.39215804322298 3.35116480117559 5.13179993161623
1.95577254630816 2.40778880702875 3.32964796041162 5.12152812022623
1.95356476016953 2.42247748382084 3.32465975465247 5.05225558785259
1.95273552922613 2.43231340172399 3.29416755341907 5.06107636686139
1.95416731524764 2.43494212138656 3.33224893073985 5.080203304097
1.9563756054302 2.42200942317201 3.31980812211896 5.08962952059504
1.95487036821532 2.42733855746795 3.33624117920197 4.94445876185289
1.95407935303501 2.42230114656822 3.35846135660799 5.02558022891199
1.95117154756574 2.42020493232449 3.34961112559366 5.03433745326018
1.94670254145483 2.44048532607278 3.35638419668342 5.03087883913022
1.94761897564706 2.44228620012658 3.37075903868565 5.11644730106048
1.94763534679891 2.44631819665091 3.39501999317768 5.07065388766806
1.94644982847919 2.42844802307514 3.33948157808427 5.14979526495649
1.95208090120758 2.41997350576716 3.3297466911078 5.15344067478508
1.95046915466863 2.42144800175552 3.36441322478372 5.14287429246733
1.9508575372013 2.42324094078477 3.29892332151574 5.12661495203083
1.94697835454684 2.41267893478756 3.31442720510034 5.07504739071369
1.94645928338662 2.40540629125149 3.30090275459753 5.07916350150818
1.9517470328888 2.39730343642236 3.30516152542429 5.12603444612843
1.95588867217388 2.40445062393337 3.29389663757817 5.11885014871651
1.95709761378591 2.38565209181958 3.2839120523871 5.12465712080718
1.95376628078706 2.3821646546001 3.27872269175908 4.9991300421001
