0.1 0.3 0.5 0.7
0.00149234334968158 0.0032393682424805 0.00411513444311816 0.00582334039370283
0.001909689874655 0.00455644100868865 0.00813843174281742 0.0140934709243678
0.00199244158207806 0.0053752721305481 0.00923640623980476 0.0163937586647329
0.00250254840862296 0.00646652793130306 0.0133573225371521 0.0284292133484921
0.00270834468149285 0.00726007144474337 0.0170590243083195 0.0338426289602588
0.00260289096300862 0.00846730183370358 0.0257864317754427 0.0449085742968251
0.00266483666335544 0.00963208568766118 0.0282012771504841 0.048440561286386
0.00281004687085805 0.0112372389148914 0.0268915576302702 0.0666844589753346
0.00311015463266783 0.0154292701673731 0.04016672393548 0.0672666692226506
0.00300216749127453 0.015030985113159 0.0414602644726144 0.0707161174435271
0.00281139173047489 0.0178986585473506 0.046028892462808 0.0796513911449202
0.00313676225615548 0.0220992088330301 0.0540417890373377 0.0911539809307585
0.00302577839564137 0.0246314229209475 0.0548750392632579 0.093984132096487
0.00317572954023801 0.0273147714267767 0.0517456800517146 0.0867044366653909
0.00312827566026155 0.0253180518654305 0.0523452179071979 0.0750450842810313
0.00321495540496042 0.027836998401099 0.0568801895709728 0.086245036665042
0.00357454314743617 0.0258068395761117 0.0548632425415194 0.0958368151193731
0.00433631946843925 0.0249036586815436 0.0571138384062417 0.0890398994996317
0.00476041045239396 0.028847332264243 0.0596963882346678 0.0964471153475745
0.00483848117227136 0.0307464304316505 0.0609177199284766 0.10643604904588
0.00439214315632554 0.0304138115276086 0.0619102814478807 0.111947216317127
0.00473250304386491 0.0270550137242294 0.0559412249136152 0.116231291820829
0.00529634071526664 0.0298373896338641 0.0537123048854775 0.0928291577351431
0.00522457656876392 0.0284167590874236 0.0523828552831241 0.0955563242471127
0.00549974890284093 0.028967527658564 0.056449939963894 0.116367173624079
0.00538316997356282 0.0304893667860286 0.0646499970464336 0.123539151381764
0.00540928900757215 0.0281749778081735 0.0731120734762716 0.107779574713964
0.00565990610451818 0.0287886344689608 0.0726280709642635 0.103383172826004
0.00548677687098695 0.0336135989923468 0.0741349762137316 0.110797165469484
0.00538241171872801 0.0289347220889204 0.0720536500227979 0.112856176922234
0.00549864178178777 0.0233297000146085 0.0721245366971992 0.124385167147623
0.00597556163799841 0.0231641238377635 0.0714526510042428 0.145188336937208
0.00660555723064231 0.0260164291197597 0.0750976025193597 0.14422849810584
0.00676760873683508 0.0263307173546521 0.0659285184932113 0.136846315369852
0.0065956116013275 0.0268806644227979 0.0549821208539317 0.122193453191026
0.00718225961802518 0.0297865232010968 0.057367999653279 0.129319514319804
0.0074403200791592 0.031551222476477 0.0671482708026602 0.140594463207371
0.00726071471510738 0.0329269339332353 0.0601261190285421 0.141393402529688
0.00709905226150899 0.0296913182636421 0.069845550139823 0.137623772504469
0.00674303222292665 0.0291674277263688 0.0669809700907799 0.151470936877048
0.00622923777535461 0.0319627034705701 0.0695085781715289 0.137859287824961
0.00620738191801186 0.0319127679232039 0.0702590041890351 0.14523889302464
0.00584050445845644 0.0286810193860626 0.067708377457282 0.153629690799531
0.0065035038938732 0.0366599027312463 0.070537752050998 0.140810992060859
0.00621031542017198 0.0375129258121401 0.0739433181105751 0.137260001165478
0.00651919364147888 0.0378778640213942 0.0656034391400416 0.125323484975857
0.00668864968488325 0.0416551690613632 0.0750264302579038 0.123338833659289
0.00633289972288051 0.0397442093951781 0.0717651005151764 0.124270994563788
0.00707991392716988 0.0373098595083225 0.0754826958592616 0.121289375215917
0.00763008883655322 0.0391555398950513 0.0729916123529119 0.117169166188106
0.00734175533880704 0.0339614280072965 0.0774038751895389 0.103309547553181
0.00796388923549119 0.0341035061843294 0.0830613281161505 0.131372757160395
0.00802044951786758 0.0379299193896931 0.0749034429883377 0.11976816176437
0.00820996277563119 0.0331414338079832 0.0716388941503902 0.13102460925144
0.0067288485532199 0.0268719493377704 0.0652681000287988 0.121506340607033
0.00628158342229036 0.0301604017312548 0.060888393767411 0.126837321549316
0.00708630029689612 0.0314604395857502 0.0645166382730892 0.13228539523959
0.00774456614635577 0.032366504903201 0.069941565207396 0.142607436499193
0.00689442218331577 0.0309326647508786 0.0702791112508479 0.140806714232099
0.00642748871279895 0.0347727566565734 0.0699923065096716 0.138835525460173
0.00665442649445629 0.0383492751833553 0.076500519439789 0.141898648044225
0.00789678592823891 0.0383130582787703 0.0784460629345895 0.141479989972854
0.00770006912189964 0.0363609819065032 0.0698236328979917 0.147110508344502
0.00797755025848748 0.0312148254209228 0.0715790791547826 0.140957351298503
0.00757590871342223 0.0306841616237701 0.0707304788639907 0.137236266239011
0.00694342616523768 0.0346997378532463 0.0671997520652039 0.149560837668531
0.00723991541553497 0.0336880865065194 0.0650461039255797 0.169628156220758
0.00589389781920573 0.0355461487727051 0.0637997128908009 0.163428332878202
0.00617769952052 0.0362834258038722 0.0562155600314052 0.185402321221162
0.00706909427181508 0.0367697325848914 0.0675439827838225 0.208280204336583
0.00709816966249071 0.0348964980696077 0.0743642542778723 0.209210959121503
0.0071857016608565 0.0356449145561602 0.0727278204266666 0.202401717978237
0.00633346807070715 0.0344072134301737 0.0740286802128618 0.210532416126921
0.00663232632829552 0.0351192125945052 0.0637873061186776 0.190056408487227
0.00698938870175718 0.0307608294220377 0.065397157809202 0.171147644927128
0.00720472301093298 0.0312787217383861 0.0673336321970943 0.180783314905801
0.00737990382614024 0.0268817105628011 0.0690024513297769 0.175172270454021
0.00712256309117598 0.0295797379640132 0.0720891679280609 0.201766785562438
0.00680975104270201 0.030419406830724 0.0780260434876346 0.227871526589438
0.00729594556054805 0.0300414566225852 0.0716633484091295 0.224478786817842
0.00775717183381574 0.0301691252640241 0.0809544053673617 0.238752343368674
0.00684481278937287 0.0314719061812872 0.0794287751734335 0.228681026970823
0.00669210186963327 0.0337687710933729 0.0783248769929064 0.236041433192827
0.00624819283879256 0.0319608187912644 0.0831918202007151 0.247358861813712
0.00530534587724251 0.0313646716732002 0.0952596105739516 0.236801455893078
0.00569316422977938 0.0305325491960567 0.0850807636732856 0.248774395667097
0.00655206185908289 0.0283690569850922 0.0892627240453595 0.245630219235046
0.00712891126456934 0.0293554302265846 0.0968411525072727 0.237861425196868
0.00668192241599837 0.0292816786107745 0.105754214129509 0.249958917353409
0.00657459770907152 0.0293490344894779 0.106426265965365 0.249751597050414
0.00790389919311751 0.0328913043089885 0.113566378144661 0.250371701470089
0.00793630012790543 0.0347556964931039 0.116698128063322 0.264471192289871
0.00793717780348442 0.0343306958664765 0.130467944408064 0.265547666198173
0.00770194607345736 0.033445838924312 0.137184715294392 0.25508519485092
0.00787500696889725 0.0326198992876582 0.141462062270207 0.262222864659797
0.00745674603480521 0.0356391595627769 0.135011321216419 0.245209558898417
0.00752982661692824 0.0378521564273003 0.143887499388249 0.245698994133205
0.00786345665479579 0.0371868459746721 0.141663643532095 0.244457268973932
0.00818314403769819 0.0364020466486721 0.143273159632216 0.25564858266469
0.00788539387557159 0.0346313257791415 0.131943667524676 0.238024369291127
0.00801454986046146 0.034705765764144 0.134873725442347 0.254281917088036
0.00835130415630501 0.0359375861534115 0.133396118117307 0.276097410718947
0.00924322818792005 0.0359291099783332 0.13629826872598 0.2774575679623
0.0085628654747361 0.0358010895624351 0.146879533415064 0.272952897799661
0.00944763615682969 0.0375013283462303 0.153455616261745 0.283206780581087
0.00905253546381942 0.0356863418749695 0.155785094583687 0.27222291848061
0.00802253343717559 0.0381321589543288 0.157098410094096 0.257444511236907
0.00894793505371949 0.0372745862112223 0.161104615043621 0.26605265761655
0.00910766190263423 0.0394094930621744 0.15939190486092 0.261426100717223
0.00839949440967149 0.0387719916197121 0.158707526084749 0.261482611442924
0.00872449904584762 0.039987632403725 0.161282485913211 0.270835843701187
0.00812144173852784 0.0416881902392009 0.157561932685307 0.265588599432807
0.00749384846568406 0.0445194858320483 0.160959965505118 0.244817522956192
0.00782973254556006 0.0472742779224001 0.157414231410343 0.249440807263285
0.00787485079310438 0.0457285238719092 0.154047346520888 0.252197991553029
0.00854083529401232 0.0472536310892099 0.158445144161683 0.241634926646415
0.00842833598718301 0.0444762380040353 0.151257070011512 0.240116420533392
0.00776618323521293 0.0457021003473953 0.148578605237595 0.238449393422175
0.00746849133463005 0.0483528495138165 0.146472029786707 0.230254823922112
0.00801959263066358 0.0525291321938098 0.156024104339718 0.228521091771467
0.00727679052560281 0.053826690090722 0.154103035569811 0.213696019585786
0.0078220481995234 0.0503785730739455 0.154881053393194 0.201612075901548
0.0077722328600418 0.0474926962326018 0.151073007159363 0.206333170967164
0.00739443295252792 0.0434008993309433 0.158406549642547 0.207248908473656
0.00772751959908546 0.0459668039478814 0.163476205497677 0.221133173553957
0.00858331766422368 0.0491008303055019 0.156258100169357 0.217615240000937
0.00838569794369932 0.0486161087057136 0.159827811712083 0.213532714825749
0.00853864829869786 0.0495535888308736 0.153349765944551 0.221750273139041
0.00943606742616734 0.0520675909387145 0.154838232182127 0.204368263707452
0.00835225382186899 0.0507873153412893 0.159109773677893 0.197670794791262
0.00840390819107448 0.0483061412328369 0.159631871443358 0.176455824621117
0.00777770524645916 0.0511191280569994 0.165916787158996 0.160775934958313
0.0076408898465619 0.0513465501434293 0.162031509061956 0.154359369486234
0.00738994495338665 0.0547326840193601 0.158058127091568 0.168351575873144
0.00793863874079437 0.0526094799563773 0.162028659408285 0.157737439728763
0.00736807329628473 0.0541283721366698 0.159145062594467 0.147269740577316
0.00706898482182377 0.0587212133143346 0.155984881993164 0.148193156345357
0.00696700090378707 0.0648124740697921 0.152552698725639 0.157637850222651
0.00647942018872268 0.0655831485092773 0.152615285523479 0.151113802094325
0.00668799185780031 0.061834129961927 0.152000635983176 0.162232574389224
0.00691468264469425 0.0648212703263647 0.156920377454762 0.155722805500605
0.00802471458716267 0.0636110651132693 0.156986735349593 0.149337918862154
0.00779118079560654 0.0674817356732805 0.146682314125498 0.144066524039299
0.00749174153277649 0.0674416734189273 0.13681150556311 0.145806845850071
0.0082548754590924 0.0630244276960089 0.138040616212214 0.144651966066512
0.00784651051981607 0.0639842770440141 0.136570841184195 0.133407444251311
0.00773638989516781 0.0653171972793915 0.140758261061238 0.135995655376516
0.00824986755938067 0.0697699770945084 0.13744415645129 0.139956936219832
0.00788089951682318 0.0668721826646944 0.138652888456988 0.128708642285941
0.00705313551393115 0.0695721305960482 0.12933232695698 0.130226436710504
0.00739873446303159 0.0717732386587535 0.130212420069795 0.131416994700586
0.00808212814036263 0.0724927517185709 0.125641431766541 0.139468645786926
0.00802358358176382 0.0687401387284995 0.122264615716952 0.155201643465021
0.00782268949189134 0.0744447937446547 0.123890770603537 0.155833946996057
0.00766990940253148 0.0774619840191346 0.119847983644963 0.156231281590066
0.00745167395629807 0.076660619374333 0.127269533869853 0.137602808968597
0.0072789213780037 0.0754408692242762 0.120510147591806 0.130465790690794
0.00779221751447215 0.0783715101769678 0.11741614036575 0.1112587446283
0.00840836522176439 0.0813845254559085 0.126216972325326 0.118131781566435
0.00873316053927359 0.0823869864638342 0.118837074350587 0.126963090118868
0.00762643040319783 0.0830561517293924 0.113011028208299 0.135627917127491
0.00739152509584719 0.08310939881507 0.112666989162317 0.126743111573373
0.00735030996896837 0.0830050205435961 0.120442033865612 0.129608339579984
0.00739056563338161 0.0849312419774228 0.127544685175346 0.120730356184613
0.00760074191750511 0.0796251906969687 0.114738985803797 0.119130884143161
0.00768287427415042 0.0777398283199036 0.10847463715418 0.101933851206232
0.00703884413627677 0.0782357807428706 0.104446345537426 0.0989662997375619
0.00727077024072597 0.0783294914101424 0.108789682482492 0.0956739878276742
0.00781278371409559 0.0765266062239516 0.102245170185314 0.117380056587243
0.00738850001649971 0.075406656724982 0.107307564829917 0.115555258443286
0.00673019154175551 0.0794020058424196 0.0940374193589385 0.132436190665473
0.00711926293058381 0.0768926814352281 0.0936134101870501 0.131251828923143
0.00724934785705122 0.0765150844513484 0.0907732222952018 0.125705170933854
0.00721694207213598 0.0771076266299371 0.0825480879850456 0.136869967537239
0.00760184817613145 0.0748793614417479 0.0899692791387802 0.130277980887811
0.00824645878008769 0.0763781612302795 0.0859582368013273 0.138550280620002
0.0090800249517917 0.0757143907374128 0.0831223538262349 0.120950562738263
0.00849573506108375 0.0754462679726283 0.0789415990611929 0.125111279626637
0.00848595954662464 0.0757231547408576 0.0872017381506041 0.142491710443951
0.00838919295689586 0.0749641463764578 0.0892983356868753 0.152375668679016
0.00885404036795818 0.0737217721968627 0.0769544715279501 0.145463986297214
0.00872549099672196 0.075736936033978 0.0762588445758115 0.126817407050102
0.00891812045258751 0.0734126602190361 0.0898058419055784 0.116162693319948
0.0082432443657409 0.0698941277788281 0.0858552912426999 0.10533481993462
0.00774642312805064 0.0758163579191484 0.0902860373172964 0.114630771076676
0.00814692477218358 0.0762985305761545 0.0905749557759874 0.121014198082547
0.00769560197422454 0.0743731163363765 0.088609428743367 0.132608731806575
0.00772978530771729 0.0725278286310795 0.0881021634342334 0.125507419792097
0.00776974156610938 0.0726073843395537 0.0783978939587874 0.137612397738894
0.00769754973173866 0.0720712704687778 0.0795944413793004 0.127142819877793
0.00834705205539614 0.0709974112631653 0.0769898245776556 0.125604755664842
0.00792297362533826 0.0709633851819361 0.0787987155830384 0.123568707605125
0.00790912578006659 0.0745522511343292 0.0693383710880793 0.128058595985902
0.00764991175187836 0.0706343706496797 0.0668898925718816 0.12615134256562
0.00755870269652603 0.0735296889070599 0.0692777735150665 0.136428796196347
0.00773559318281903 0.0685008321557818 0.0693147463425803 0.13717515667002
0.00841556512528766 0.0708857328401997 0.0653531013146437 0.13700346085782
0.00778689115867062 0.0705500945573349 0.0650839220305641 0.14813862016872
0.00774130842701967 0.0719204248148046 0.0741509380893589 0.143542638774
0.0078105162781306 0.0727776788773332 0.0728646099308857 0.128444010217251
0.00712473115262801 0.0760523707660726 0.078657729769217 0.124479985208652
0.00774222155332892 0.0759930830445487 0.0802288085562282 0.118773180569478
0.00794066565312399 0.0759796317213171 0.0759694715816762 0.122139216421725
0.0081872398780438 0.077105168118817 0.0808953274481992 0.118505491511188
0.00861393775174412 0.0721396190736791 0.0721734042937954 0.115377074690761
0.00881754094785538 0.065148802855084 0.080567069125355 0.121526211436605
0.00954566930124258 0.0639305827308555 0.073855352537824 0.117417741126645
0.0102109105575217 0.0671181163050862 0.0822625927430771 0.115867043612096
0.0101758172974837 0.0651532856528061 0.0760052515884353 0.127343400684211
0.00904650671518296 0.0650021679375103 0.072059352328444 0.131931468176642
0.00959160251622092 0.0652339169810401 0.0670463752493988 0.100805647704025
0.0100190952961433 0.0681358204767157 0.0705233727027873 0.10227241651404
0.00931511138396105 0.0654927150550728 0.079549107705826 0.101439073004039
0.0084080076021004 0.0660130338836833 0.0765192523877536 0.101942940509952
0.00875794583710359 0.0604928689687294 0.082422519581773 0.104220330869978
0.00913207286227976 0.0561334435028188 0.0934781979651581 0.110823867515058
0.00847567661544735 0.0531624435488779 0.095221597734357 0.105291579502615
0.00891105247459818 0.0553616723357237 0.0865376987633492 0.127184544088619
0.00910493914701548 0.0545290178054121 0.0896597572906103 0.122170709913365
0.00960571991368486 0.0568127795595027 0.0941613175411319 0.125784364229325
0.00982479111231185 0.0587518581473604 0.0821711003518983 0.139414729260782
0.0105145233096309 0.0589690000333433 0.0812114418941672 0.139478270260078
0.00828617191530948 0.0575590768174115 0.0697517661886322 0.143349372800965
0.00765877742140066 0.0555621260292831 0.0637913241221591 0.138414471105197
0.00720191977058947 0.053124027231844 0.0660965836975681 0.129961188592175
0.00782630624730478 0.0556168801430147 0.0669839574021833 0.121846146551262
0.00789262226873219 0.0553643457537825 0.0689068108077587 0.11533692717156
0.00800688565994083 0.0537389393580016 0.0724886288239072 0.114167775733686
0.00756837220637439 0.0524507862391519 0.0657345185731552 0.108506845996819
0.00775768473472717 0.0499406915864696 0.074110425566499 0.128597325396205
0.00927646770172715 0.0470159590954173 0.0724015789186798 0.11546238237356
0.00910886036739959 0.0497551755625038 0.064602788129785 0.110163366538951
0.00897055610404036 0.0492636344110472 0.0648919292509943 0.114847907697865
0.00970072066744761 0.0484924004796412 0.0622695122437461 0.109888694034377
0.00935695186971287 0.0564910052500088 0.067843272003352 0.135871502631539
0.00874681431558968 0.0540998243845325 0.0670623550517727 0.140782791467541
0.00935071420670956 0.0520501083551497 0.0717769735843114 0.145328732591664
0.00818515362724318 0.0507834151518429 0.0678136142785082 0.151000133224199
0.00866270598477223 0.0518293405724019 0.0732330915707475 0.143902826746732
0.00823666076219147 0.0481411980851646 0.0738005915265377 0.143459365997147
0.00736977888828886 0.0500934306831338 0.0769885724397028 0.129276248424958
0.00714228633319394 0.0486483071220206 0.0630963344618794 0.123868444690538
0.00723343283845979 0.0454620263891063 0.0633967880008691 0.122317447142327
0.00698632619122975 0.0475887927824001 0.0666507963010473 0.123843091255311
0.00743900371207411 0.0490687001511672 0.0659483781102639 0.117559306798292
0.00710834883969384 0.0478245020439761 0.0671422482880431 0.119766772825473
0.00772552999989708 0.0456069722636711 0.0688661994128662 0.12898208071628
0.00779971695155839 0.0430612842874279 0.0690135530219205 0.114757304481629
0.00862266621519654 0.0445679289229654 0.0713683072438662 0.112492963834783
0.00941981439798541 0.0460256391975487 0.073131476323497 0.132053336310084
0.0092160212013484 0.046543467326589 0.0677933068829193 0.129011022164127
0.00928630835258988 0.0514062660725707 0.0677962931968236 0.124541339688643
0.00936107802518335 0.0559083256844884 0.0600520802292982 0.129913537858105
0.00874499394807992 0.0494512268638008 0.061772067746596 0.122343381761974
0.00841492047336701 0.0518816921018344 0.0554790199006338 0.120401508844812
0.00870553496541483 0.0539226744815703 0.066172451637079 0.122096848169715
0.00885833883631233 0.0564167457172406 0.0669912235305373 0.132453088056187
0.00846419390611733 0.0574119560234762 0.0671236963704845 0.151010226373293
0.00807176821236279 0.0522847706022559 0.079457903503007 0.148740473520926
0.00763103022982929 0.0483933083322013 0.0713915881708665 0.138695691327128
0.00752944454518202 0.0457812869009681 0.0663876267275756 0.144433600350398
0.00829947952760695 0.0425706102114448 0.0602683267385262 0.13513202762915
0.00801928837686994 0.043728741365531 0.0603430984522103 0.109618180503237
0.00871569461684253 0.0449945282560528 0.0693937761462991 0.0979564593379089
0.00890396231389558 0.0406653519037772 0.0628363828229051 0.111079425367624
0.00902476122443252 0.0444674332038162 0.0603872767239867 0.111031000673837
0.00982308057733769 0.0427219410749422 0.0651619767165447 0.123838503938769
0.00953747493820812 0.0452319424600906 0.0564256214562867 0.114869810011887
0.00974820897785099 0.0432283904457637 0.0561069865575936 0.110825998740819
0.00917790649502221 0.0423678080499829 0.0589138454347537 0.121805977625028
0.00837856538189698 0.0401990509300068 0.0554130160496746 0.104148595630931
0.00856526243112432 0.0374701725763842 0.0613709765965299 0.109593635999426
0.00857508141888111 0.039375330449037 0.060263697968901 0.119139622863643
0.00815541919005565 0.0381987662990133 0.0629787420090678 0.113460204107448
0.00851269779201616 0.0377513717128561 0.0583175946803926 0.116153428122791
0.00835992159544245 0.0364671602022598 0.0633370260243977 0.121263751594039
0.00843887346106252 0.0415410479453146 0.070606637175381 0.125298441581796
0.00917263797167722 0.0417500205091181 0.068571179512355 0.116553307654394
0.0091271267672511 0.0417626468160435 0.0623790927481768 0.114412733178915
0.00876831947449435 0.0413338411526863 0.0639687047428456 0.109063649074267
0.00870955344053472 0.0437369838070631 0.0727285467627388 0.111901902813547
0.00844802648118056 0.0415396815364367 0.0656441565215728 0.112008648359217
0.00776927397007101 0.0391447065997945 0.0615036803845979 0.119362949980129
0.00753975172012661 0.0424990646698469 0.0560876641030544 0.124046204257407
0.00786267068236035 0.0424007415082217 0.0594112049363738 0.124082959108857
0.00657824874609584 0.0459887463682471 0.0665878763264085 0.125077217964073
0.00742069630610425 0.0439034175041338 0.0662317163742369 0.1347374872877
0.00758129682399735 0.0444754066531725 0.0656158479262221 0.142470037133418
0.00759650657503187 0.0451955084641971 0.0659646018451944 0.126074069960046
0.00825991667027729 0.0427079750050813 0.060338484207191 0.134176872152571
0.00844051388343812 0.0383479140043703 0.0624373829111063 0.126075047677799
0.00821453829553503 0.0349718016983376 0.0587241246279863 0.128336034768936
0.0079699682158552 0.0338441945854332 0.0659006462698582 0.111897438979454
0.00791325159770877 0.0338047098505555 0.0730596726554524 0.124796107320232
0.00824148830078966 0.0342555747669148 0.0638851706562046 0.110600912396701
0.00803409368344386 0.0313690294301314 0.062870411210221 0.114691891594027
0.00851046837186877 0.0304031519858985 0.0610375201495039 0.114899665065902
0.00902106467135546 0.033939694110148 0.0666131700257965 0.132737454944513
0.00973366233492162 0.0342967631216221 0.0599679826145383 0.124596628300045
0.00939627427038892 0.0387755152604493 0.0655810332566729 0.133920504162512
0.0101314828072413 0.037420044427433 0.0632196686213131 0.130232993679023
0.00939801561828917 0.0406629522590467 0.0595764182623219 0.135259218815695
0.00755140621407098 0.0392054135503981 0.0654390726175832 0.128525132057063
0.00672435802840051 0.0347194141043215 0.0599810425478877 0.127424669809466
0.00756035210711561 0.0321101639981701 0.0572546942499789 0.131399268906389
0.00767258850253434 0.0285891219062125 0.053561794856812 0.111866727947927
0.00827926556931593 0.0278322650703331 0.0589330990095472 0.111182920153833
0.00799980855271001 0.0289201276229593 0.0634633479252951 0.111500452679998
0.00795609706331162 0.0362461864208554 0.0607607984363169 0.116831395772993
0.00845407618527978 0.0324302775681882 0.0593303320359009 0.109497078386355
0.00800693780164526 0.0351467581399681 0.0647075114370286 0.116360302873988
0.0086800431868194 0.0336538095196115 0.0594878104983066 0.112883581885413
0.00936667248977953 0.0335275645095553 0.0573152971728173 0.102643798882044
0.0092160061787145 0.0306969007676306 0.0606690395513907 0.119641214100856
0.00951418829288104 0.0330201866377325 0.0602606230273129 0.122454545038345
0.00888133584834547 0.0320626092906935 0.0607062968186005 0.129222782027253
0.00895386908064803 0.0328406221839656 0.0681859968865428 0.124654209508235
0.00987764370165523 0.0343316049137986 0.0685848658669019 0.14341585584192
0.0100125442739375 0.038056112921526 0.0700143327011582 0.135819477299223
0.0100780629566491 0.0342513136820707 0.0778368743596013 0.133376798308697
0.00999829309129247 0.0348413889564168 0.0844715092673016 0.12349853364945
0.0100754095577361 0.0343490747445535 0.0793491476643467 0.129186974905137
0.0105334663624286 0.0348903207854958 0.0759782682469111 0.12650413536733
0.00911293910507356 0.0349719496478925 0.0698599038989295 0.12031820604409
0.00870919753121802 0.0304189186677426 0.0643046953766822 0.114805078666053
0.00823814631045947 0.0294640612776436 0.0667326134957456 0.110051870008053
0.00882675313010921 0.0301867534375996 0.067263930281211 0.117491874508212
0.0088943118807374 0.0325224778492297 0.0684428561358729 0.117858085725494
0.00925866785511202 0.0306648308480154 0.0800383190091466 0.107097617744152
0.00897672038846931 0.035587398137939 0.0820452526422655 0.115153384327607
0.00894075447743113 0.0340312419866306 0.0758583952368702 0.107961333795582
0.00893448796704313 0.0312250330352304 0.074207550130829 0.129467097437035
0.00878997470095712 0.0333427116189593 0.0712785135682218 0.138143528719168
0.00876862269678766 0.0360786944782486 0.0652068063660323 0.123181774567675
0.00925507359179316 0.039322845789519 0.0662080021091263 0.118447248326303
0.0089238080145534 0.0407982422195843 0.0693432190318307 0.120205336062998
0.00884926955813522 0.0362252837461743 0.0702186427594325 0.0994728990882974
0.00908181714444562 0.0320771461750167 0.0595581664693207 0.119687706081514
0.00832018384994656 0.0347059152732985 0.0555159792015824 0.135924088765632
0.00740906747032626 0.0325867805689488 0.0638405840945978 0.134818485034234
0.00712028718596594 0.0329901599267364 0.0648447366866453 0.12003695516003
0.00775195587909296 0.032705031349827 0.0629383601339414 0.134283814227535
0.00765638171797918 0.036996176895116 0.0650277298122055 0.136627709965879
0.00807651920751751 0.0373593269225434 0.0698428658496554 0.126003179781783
0.00820280570946936 0.0328707671293718 0.0686750690879712 0.138192832892134
0.00930868795265756 0.0333161741312405 0.0665923683614044 0.12923813405397
0.00836864793400505 0.0354733777265136 0.0604910390005637 0.117129701157451
0.00929204776832957 0.0300616756996331 0.0668647703371473 0.116824203421599
0.0095890218388961 0.0320444538154339 0.0675274947200501 0.121660617964942
0.0096043679937516 0.0327522689127033 0.0656063375243832 0.105362590747414
0.00976614432184866 0.0313687107331051 0.0695012816368263 0.0989515524234101
0.00981629669022539 0.0305853584848099 0.0675544624847862 0.10847901051283
0.0101346601148565 0.0331119598584229 0.0626161440714781 0.129131574700042
0.0104156937653795 0.0331319825957723 0.0664150128437559 0.109706371946749
0.00970969423088341 0.0270262595011736 0.0631988585454381 0.11031850214801
0.00956983636437326 0.0292381178714974 0.068525159472335 0.119848078881538
0.0083760907776158 0.0294224607233628 0.0658728464938598 0.118075344498535
0.00765310417822536 0.0287655599669995 0.0592301214202908 0.129090431790033
0.00815704409932878 0.0276727211520012 0.0692867103647112 0.129705986767899
0.00818366267971398 0.030804841923933 0.0659390875502072 0.12853174201813
0.00803825169688379 0.033282997442839 0.076283769719248 0.131962978804004
0.00783719658813577 0.0335123489537142 0.0744743704764842 0.128552802803161
0.00770830475086771 0.0329743659512096 0.0711750156002731 0.14142523998366
0.00808599948729253 0.0311399312196749 0.0707164578260593 0.137245630510219
0.00781777319698499 0.0355903704890508 0.0735935886222654 0.134563047360796
0.00899283005334214 0.035973229891302 0.0727582285812045 0.133542932879372
0.00993376051849152 0.0292850116589745 0.0749751266363528 0.122187746888717
0.00892779675389125 0.0298874786705614 0.0780749997605176 0.123252694614319
0.00938786165331804 0.0335562603807996 0.0772578059270031 0.118398027488846
0.00902731166152915 0.0326536091141588 0.082945698281084 0.106925314059627
0.00853958418867903 0.0335187215382864 0.0908684880463941 0.124377911191472
0.00821619918557977 0.0306800004173908 0.0814594872312383 0.126726439816643
0.00779751150655385 0.0314610733735534 0.0823232099882617 0.116222130069927
0.00834181072255416 0.0348504601024572 0.0675718134900435 0.109396656196721
0.0085613141460104 0.0295313722972674 0.0662327573030337 0.117579854739317
0.0086271700889171 0.0331886251006048 0.0697437760819158 0.110276167963988
0.00966031652827395 0.0321095161013355 0.0680753152020558 0.118151783228951
0.0102826848229655 0.0340861393045377 0.0624673977437219 0.1256334933333
0.0104517831777963 0.0304056619696021 0.0651423806931689 0.141836203216844
0.0102935087386997 0.0299973945349508 0.0635827479672245 0.142733997436298
0.0105438101991217 0.0292558202213493 0.0639969499463884 0.128196245970229
0.0104287925950831 0.0296274266024509 0.0756847531613548 0.13025816404356
0.0103821783657244 0.0298691283860653 0.071713210459994 0.129746328925311
0.0101410364105785 0.0331050696866364 0.0772024356855027 0.119214102918076
0.00935066339531426 0.0373110164920941 0.0673419112303134 0.125501661111702
0.00990949566360914 0.0382056562070586 0.0718572587571278 0.126797387108021
0.0101992586596397 0.0352143672434028 0.0762185840538693 0.120476813764607
0.0102392594197229 0.0349289743849728 0.0714682874170779 0.126274850735985
0.00966407659677178 0.0314382022299864 0.0742400598187953 0.124330735206547
0.0104284995217992 0.0335311009424278 0.0691354496595546 0.12931768566307
0.00945329161502442 0.0339388638842091 0.065723585161185 0.114946984593353
0.010163693042892 0.0308595024640034 0.0675557866640943 0.11308296707163
0.0102850945464021 0.0320697328391161 0.069674395343859 0.112663685615214
0.00906701914619863 0.0336050929259445 0.0679805336664257 0.116834771070821
0.00829135511587758 0.0350264516585106 0.0625528206272742 0.109420776555492
0.00861072911868524 0.0333138104868156 0.0621099580732938 0.124437699542838
0.00931200061200894 0.0308683313385936 0.0713482739907032 0.124887269839189
0.00920697500479493 0.0322327677911165 0.0707709094659683 0.125068068359797
0.00942752501694103 0.0338469970012536 0.0703809028308414 0.122758562065689
0.00982711041511516 0.0334805645973867 0.0722400548753197 0.121183549506837
0.0104453413885688 0.0322400733580236 0.0748818752817244 0.115923177090501
0.0103871544903162 0.0328666378523826 0.0677060723423707 0.123693712207985
0.0105961608835483 0.032248209875118 0.0719805821719785 0.118985945032377
0.0102549496741365 0.0311470622534156 0.069357021613874 0.109464327203879
0.0104284394562869 0.0292216139352381 0.0664346787861941 0.110040732960635
0.00960271526368025 0.0291411528549854 0.0751501811225151 0.107561966852503
0.00979230935138168 0.0250529634234504 0.0714998091665366 0.106600910263218
0.00953424456868626 0.026922806777832 0.0727799186101136 0.0894089565510395
0.00979246340209615 0.0275393343326578 0.0645936703930716 0.111854947256812
0.00920058377974781 0.0303943031032563 0.0679774141098794 0.119939683082878
0.0100420299333293 0.0267026797340353 0.0850316333330786 0.131698590183529
0.0101995674259304 0.0290319274416731 0.0816928115038568 0.135669220766132
0.0106020003873348 0.0277358851194371 0.0742429628817885 0.132545376302431
0.0110788896208151 0.0298734915430872 0.0717751969232559 0.131031388653434
0.0102340748669455 0.0263832491240971 0.0800330150864529 0.141420962876504
0.0107567775705972 0.0308003120169962 0.0687437510428569 0.153367722701114
0.010777670075808 0.0289903485858453 0.0764279371183984 0.135012496155289
0.0109655581201852 0.0284973085495429 0.0661441828558796 0.137862259693717
0.00981660930906452 0.0293455788040148 0.0630765938009663 0.139185704738977
0.0101977194836693 0.0307500521748024 0.0635317499781074 0.138154751331186
0.010715839573901 0.0329542915679418 0.0663706085071866 0.147771314150167
0.0109735472339962 0.0327755453237754 0.0723482267203171 0.144336863164651
0.0116226594716192 0.0346132297264972 0.0734641463538754 0.131586897413128
0.0118990266290815 0.0368187903169368 0.0751584228759735 0.127240096417247
0.0118987906987663 0.0362783555176832 0.0774371695745267 0.127116623206638
0.012063631943715 0.0328598024319195 0.072522729236631 0.117887937631822
0.0117315593138893 0.0341765124310724 0.0739943683345949 0.115335640599495
0.0117348519918904 0.0361891329370828 0.0654697468178543 0.114488696501985
0.0118463899716862 0.0337531033943744 0.0652991158547097 0.108601774339815
0.0119416590840449 0.0340915077535078 0.0759707493615313 0.114741565301618
0.0115738002757179 0.0336508004372515 0.0672066488878596 0.101242560967487
0.0111300170431912 0.0392493502945048 0.0728150112159908 0.112595402867437
0.0107468103584788 0.0381248436867425 0.0682987695352464 0.107651593586303
0.0112624834402856 0.0330139227622395 0.0610218832679424 0.116223948835993
0.0109545778090425 0.0308460123586332 0.0608966575221177 0.126952282204362
0.0107846103593102 0.0347181843650507 0.0674016343377502 0.129696843831266
0.0101606568348565 0.0351779519405167 0.0693507768091557 0.124469484821384
0.0108623151697458 0.0354325420713672 0.0693077376979723 0.138725425474951
0.0117075938733157 0.0309508605537173 0.0733529437295358 0.127927873262912
0.0109798856339051 0.0313398086052454 0.0757166142412438 0.106252966515664
0.0105461123548494 0.0294064771099737 0.0789687148913365 0.123346737202531
0.010209963137178 0.0265380822929029 0.0795225168973336 0.121091559800601
0.0105647771526705 0.0256239486679372 0.0740958870040879 0.117759545929525
0.0105225722850818 0.0275899842901286 0.0784690038459558 0.127129533221065
0.0109986387839272 0.0308845522450637 0.0733866828836054 0.109447880487684
0.0110200498539546 0.0333224015392854 0.0569894638747645 0.116710980196316
0.0117189391774531 0.0311381249884291 0.0534965817705668 0.120371520812658
0.010609349829576 0.0329871901471742 0.0665793495245165 0.118867688399356
0.0101771014145601 0.0364543441287921 0.0636946303221797 0.134064101840218
0.00945742740345665 0.0363747199647522 0.0635130756075784 0.147087744414958
0.00893231743465353 0.0375536020924851 0.0713775949749514 0.155297522556012
0.00987581545560398 0.0421934910580363 0.0700871602891508 0.13499472866318
0.0100746091591674 0.0390697079351822 0.0663491370821747 0.114109231683806
0.00972744174809994 0.0395227292869421 0.060626550712347 0.110852173761963
0.00987804542615688 0.0378560239529138 0.0646220255569563 0.111673898640155
0.0104214753916488 0.0365247772086767 0.0643468793140424 0.115459543354347
0.0105430375748118 0.0356568505460018 0.0650076059686474 0.113236017854915
0.00895314651742166 0.0347387117927205 0.0702570053382268 0.122111927898659
0.00893373365626707 0.0333483492207705 0.0617840658758058 0.108739086650393
0.00958038467453522 0.0276159758697293 0.0618065834064256 0.115174130910399
0.00970306155350171 0.028202529254416 0.0586027948042278 0.110858714919317
0.0106315411851034 0.027832126225082 0.052761975021982 0.112782629027274
0.0104854654131873 0.026228939378364 0.0627271107386216 0.110535420087601
0.0107100558540457 0.0281537446069808 0.0556013700789558 0.103794605471841
0.0099846961777404 0.0295814402119527 0.0501135668377243 0.111590174512416
0.00979741704453506 0.0338685398779393 0.0564969344499092 0.107359837111513
0.00995383186382223 0.0342849989223699 0.0583000407302556 0.0962913484609877
0.0103197363546547 0.0310886372225567 0.0604703201851487 0.101521297359614
0.0111605358294539 0.0346910287531599 0.0651278118748247 0.124607101687494
0.0105716634341249 0.0348159123523136 0.0688543204940824 0.118365014762941
0.0122135488250622 0.0345740351570638 0.0654206729793271 0.113027013886911
0.0128253858289345 0.0335584184732619 0.0602625884808561 0.127418853114832
0.0131622294343467 0.0331220898180455 0.0636145790023962 0.122036147367133
0.0130866144045171 0.0327789543295646 0.0549267885932969 0.131147145513085
0.0139646645134526 0.0293504928690123 0.05993691092324 0.116663050366494
0.0143227565294043 0.0299891605329426 0.0603980735058731 0.132223778048801
0.0136818297267585 0.0261756426618607 0.0662855152904061 0.13518220920737
0.0135629202378588 0.0296704155457153 0.0645675058963709 0.111703721064028
0.0135971343934921 0.0293441200872572 0.0673589714899259 0.133665382278064
0.0133811206853074 0.0312287595007019 0.0644282704542549 0.121402136173926
0.0137039096462263 0.0308606405885625 0.0628415657235601 0.111809773650652
0.0139908834567292 0.0337628500734004 0.0657140468717139 0.103110215477656
0.0133341161961071 0.0338847855056854 0.0649495581750559 0.103861201066169
0.0135768914797159 0.0360753581154294 0.0706697594338605 0.113704281115022
0.0143908446161891 0.0326334038839464 0.0669968458384873 0.106456607533564
0.014156864714883 0.0327698447410357 0.0611410445835577 0.120250044948308
0.014268460136793 0.0343279352859982 0.0625480216755597 0.123490820583247
0.0140246962984528 0.0384409152330618 0.0665655452258433 0.121983885884828
0.0130295951140495 0.036537106004835 0.066393632266905 0.113808060362726
0.0130637161072862 0.0313731419246177 0.0594684943255637 0.115792473355917
0.013140858590155 0.0284214231309684 0.0552247890380778 0.10049898399278
0.0128001489477618 0.0317635405382404 0.0528341023650021 0.110697959589006
0.0132069973976971 0.0331053062708785 0.0455326809749994 0.125996528771064
0.0126298126583173 0.0300316603894267 0.0440132557405354 0.126287089313086
0.0125143706198935 0.0300748587828185 0.0538030560408622 0.125275781408602
0.0126672754402069 0.0266805140317075 0.0555487318097031 0.135144925878662
0.0108229965523006 0.0314270063094784 0.0662018110426131 0.133900385470051
0.0108392938056455 0.0300598908479852 0.0759958301274705 0.124802872154982
0.0103891728877635 0.0335554631704626 0.0790408266562265 0.117044511776424
0.0104616249888581 0.0347850107462162 0.076748104484712 0.107440840398406
0.0106772224524275 0.0400928520103231 0.0761088283378189 0.110851549049905
0.0114916709181252 0.0344609166484747 0.0756749487799548 0.114001232924261
0.0120106849132476 0.0321347033472826 0.0817656645416145 0.117941411139674
0.0128244474628609 0.0305976559447921 0.0768089485712212 0.122558937682864
0.012755501464992 0.0314946736198513 0.0763920704410398 0.118586991290528
0.0123729433273305 0.0304629872724295 0.0763345104033381 0.124252697268279
0.0128461138707286 0.0294713894302552 0.0731960713818574 0.130027575119363
0.0128414702894962 0.0305536740048231 0.0694631541444725 0.123167870559184
0.0135953781475819 0.0315162775099124 0.0624726676001029 0.124377075997799
0.012965471490077 0.0302043096285254 0.054429395275153 0.124111717934121
0.0122346736235204 0.0347938297369201 0.0562630799365065 0.127774235703849
0.0119812689912076 0.0349062034867154 0.0569569303830146 0.13199920701596
0.0125247400427465 0.0345036435336996 0.0631777952487337 0.128628422775077
0.0127573537382446 0.0330426201836216 0.0709093625871455 0.107205158814559
0.012401444329684 0.0303182266852648 0.0704814529375166 0.114330371937653
0.0124683606739014 0.0303189368892896 0.0673647937977476 0.125825512362572
0.0128772740219042 0.0303069380283333 0.0723719358007078 0.125270849819284
0.0127395699660123 0.0331411287144518 0.0657368095249082 0.117335936776744
0.0124442168152422 0.0341608125323387 0.0707354394662418 0.111834275863427
0.0128510599097604 0.0334969865140145 0.0676048056951141 0.106218331135124
0.0129464811632107 0.0337877748724654 0.0687297815193939 0.100595656870208
0.0135769566985988 0.0334194281800434 0.0698258054303967 0.104008791959738
0.0132753272379532 0.0365950511448504 0.0640594453402588 0.102444393783781
0.0138432020136124 0.0347655301008549 0.0701620748593748 0.117969023724772
0.0138591395976433 0.0335672476146846 0.0701267444157829 0.119317503171695
0.0145824096263975 0.0344603319627313 0.0669443787351627 0.139595041717343
0.0139571916586081 0.0341532630628341 0.0702854202775084 0.151299661087143
0.012927981880315 0.0287454534113666 0.0778243059978933 0.14099324526495
0.0124432597382081 0.027037872667142 0.0822038954384403 0.133238328969333
0.011926778779162 0.0267513099820525 0.0832977925613312 0.117571873699121
0.0127635863891991 0.025958916728748 0.0840095743003258 0.115371134357209
0.0128006759208891 0.0253222755701899 0.077737571210088 0.115567511426949
0.0129407848488551 0.0283646138053578 0.0717024700013358 0.121928114214299
0.0128515005934826 0.0298099243675364 0.0794734388165292 0.123321380736323
0.0129304943478156 0.0330511559384948 0.0777753962168286 0.124998219004649
0.0127773573146952 0.0287640741322326 0.0711892260971058 0.120227136042034
0.0127037151659512 0.0287853370436923 0.0720285050168974 0.107087113904861
0.0127726454911918 0.0298075852903104 0.0643137519293783 0.110459273273359
0.0122216721718071 0.0324492976751943 0.0624957555330857 0.106484136970863
0.0122612974932514 0.0298518107610226 0.0718451479820016 0.121445686264949
0.0119063539197207 0.0300649246696797 0.0733873638792507 0.12132433550616
0.0111647638549573 0.0253045285727981 0.0717818145316035 0.10405775455315
0.0115782590202346 0.0305566068546622 0.0730736968462588 0.0999855525673908
0.0120544859397061 0.0314222531208617 0.0678216021172087 0.111007889664782
0.0121056396383666 0.0327466549463897 0.0684937756297196 0.0994997872866082
0.0115547551905891 0.0353939342743144 0.0620867365401635 0.0959348539203686
0.0118984212448594 0.0324784735025758 0.0627057062454579 0.100241069409119
0.0107074707915394 0.0340085046329976 0.0619560256965878 0.103538944634879
0.0109189507129419 0.0331590735088604 0.0615059151419048 0.0979783182891722
0.0114530590620964 0.0374544579842861 0.0680160723548634 0.112269284642547
0.0114746655828111 0.0358594343475107 0.0670316472065509 0.103777665786882
0.0116281342130219 0.0335523337518774 0.0661670200877604 0.104083741868769
0.0108363873566694 0.0320518440011799 0.0703219706846022 0.108374029384338
0.0114514212199896 0.0352767039354681 0.0797851481677916 0.107520556280022
0.011079894618288 0.0368488885282948 0.0739253959296053 0.128876194358753
0.0109767163254533 0.0383063072895794 0.0719285333083098 0.140186800883245
0.0116091113274841 0.0383615185649474 0.0760732392641269 0.12519530999215
0.0121645264767849 0.0376542009288141 0.0675067583500598 0.125391300108681
0.0118061452075111 0.032633429980316 0.0641333224852772 0.117459754670347
0.0130201000985521 0.0336646310593975 0.0634284568196935 0.116447339600105
0.0124824501045469 0.0370916386360797 0.0615475381884079 0.123802600933769
0.0117843891007241 0.0336310980240783 0.0647098327903819 0.110435200819998
0.0118986497923399 0.0311045455746036 0.0723673136580028 0.093351239783112
0.0112543131845489 0.0329479073018792 0.069361667631853 0.0987008149395043
0.0115464202984383 0.0366737573531893 0.0697167408834305 0.112050747789961
0.0111708253407877 0.0331623279772519 0.0727165993859938 0.115107961654203
0.0109669793484267 0.0296234907519819 0.0767095396917156 0.119524244429486
0.0104776525421881 0.0322737684865393 0.0796361108739328 0.126254822205065
0.0100267236693502 0.0339962110798147 0.0739034633662636 0.115423512380845
0.00981293234603469 0.0359213726356707 0.0677253080364087 0.129549302506314
0.0102903761782376 0.0369096991690127 0.0686723117020003 0.128969993954278
0.0116435069197197 0.0362863042999998 0.0656100606915212 0.139434164028153
0.0111788767182916 0.034815575462799 0.0564207658897006 0.131106721052265
0.0113557643610201 0.0359782549170957 0.054325170495805 0.128947476523935
0.0113407791565168 0.0313932169841083 0.0562583059741851 0.100419308790205
0.012344815536625 0.0325820092232474 0.0575009519758019 0.122095251609529
0.012891883628417 0.0325577116659954 0.0573591029513886 0.137302406488713
0.012697441401721 0.0312440462456791 0.0623532419317002 0.117813262284152
0.0135063794218203 0.0345519995131877 0.0705856172915839 0.126175782487456
0.0134726493044875 0.0355546215597992 0.0831546887401794 0.12752542948401
0.0132081217876418 0.0376634437968512 0.0800567599012107 0.116852492680545
0.01331448811568 0.0385312143043172 0.0808612598335875 0.11541191470336
0.0143379871546148 0.040122107209268 0.0772558550858574 0.124412715552327
0.0152148918553402 0.0388640702452223 0.0703085399720971 0.115594521897413
0.0143853362301818 0.0361403234122356 0.0689845948917715 0.114093885539802
0.013643548568666 0.0339459464548441 0.0715480914566921 0.117552021805487
0.0132377429836253 0.037232802045224 0.0637491312685934 0.116527656277385
0.0140920141147032 0.0356874772282821 0.0538589220934747 0.119335121034292
0.0129832018478535 0.035155011550151 0.0572389785498377 0.12297366889035
0.0126722277640731 0.0326731561755783 0.0595336897292795 0.122152031695722
0.0115977760233182 0.0311589405226203 0.0607198212512795 0.137105553636625
0.0110652930176886 0.0316649992557594 0.066701840568376 0.136189899376565
0.0103537481634802 0.0318879849323717 0.0715159145833369 0.134369817033613
0.010258853907247 0.0281596833028107 0.0596970532461527 0.127214501182703
0.00996976776320004 0.0336207576961504 0.0562201903519819 0.128053254854182
0.0108107364006053 0.0308285151591577 0.0575293671064377 0.119873703142568
0.010924977471473 0.032921037613322 0.0561062027818388 0.12610627513582
0.0122053220877833 0.0356802077528657 0.0488187922379852 0.117505196687021
0.0119352139148002 0.0348888530353773 0.0499249726467585 0.115851944805248
0.0117457051500116 0.0365666310985023 0.0567200168850882 0.102274363815983
0.0117949998399397 0.0364073709715591 0.0534984970939151 0.0984245618596194
0.0121146296453963 0.0290018374235323 0.0569695314124108 0.11331541097417
0.0124689370135917 0.0283791012726807 0.0642984029240158 0.0986413877491814
0.0123600470013438 0.0295619994970888 0.0707868497766673 0.104305991150563
0.0136632368186634 0.0290535969123438 0.0626489600956615 0.114989955687899
0.0133858298795167 0.0312973121851728 0.0668456058137561 0.0964817123079429
0.0138059432993563 0.0273559700168232 0.065034119132258 0.085118087893907
0.0138474388063712 0.0268997604426274 0.0555710805490454 0.106261880763771
0.0135832831551863 0.0317738040984504 0.0655436789413484 0.102954849684258
0.0130653434250702 0.0337775335671967 0.0593850042640367 0.104214541825987
0.0129570972921988 0.0366536663882954 0.0580040648154629 0.113558701194132
0.0131791552458592 0.0364535552439451 0.0564742034920247 0.116472413440267
0.0128441275462342 0.0354900171548048 0.0681082045798824 0.121402241339613
0.0124367903299462 0.0345336526056625 0.0638861436009864 0.112080049163994
0.0119821443379539 0.036177648424342 0.0542324894977244 0.123935987432716
0.0123737097760502 0.0305196616441264 0.0538895955632041 0.131851226700183
0.011882128451031 0.0333561296585461 0.0528810768164788 0.134404584906336
0.0116427631693711 0.0278367131926286 0.0622329437463869 0.129099536475963
0.0113952011354792 0.0272591904326071 0.0643394203498005 0.124431263209798
0.0110805977081462 0.0272131797581497 0.0611284384702262 0.120134512463893
0.0111915693633453 0.0254946613919769 0.0625473814038399 0.12874529954989
0.0109782956120028 0.0305065771140224 0.0633608698980992 0.144878994415769
0.0113247313695201 0.0308579612799776 0.0620562677007685 0.128101966605238
0.0112219969328579 0.032678141089716 0.0559407592645891 0.125164949666834
0.0123130936018651 0.0325003125721831 0.0662322760543084 0.129965892818262
0.0119730525196994 0.0337536641126766 0.0639366225386493 0.136211345842162
0.012228088117028 0.0325942212231322 0.0582915070648698 0.129152973862201
0.0126931462678441 0.0334162088170716 0.0693756596663699 0.131042069609605
0.0131269799421671 0.0323441362123888 0.0665156437450672 0.134806194237334
0.0121305188109965 0.0330523036248019 0.0611386136148276 0.126745884039543
0.0120275148868254 0.0349771949440899 0.0578625192732545 0.126827524110396
0.0117188802677759 0.0301855627773761 0.0559301874356383 0.130405739808344
0.0125026860646004 0.0289894411851793 0.0582804950664451 0.113737328732471
0.0123115944242939 0.0296531443506068 0.0695416225340238 0.118874074553553
0.0122877033645874 0.0315550661159829 0.0662220444074486 0.131639068105317
0.0124686064655838 0.0326847108503129 0.0637859421455531 0.134106851974609
0.012844142139792 0.0322005701894941 0.070734296082872 0.135577514983999
0.0129600466748099 0.0339840580349872 0.0710245565332503 0.120904312361539
0.0113753508410668 0.0353410744647824 0.0715314725028243 0.125816251264749
0.0124233473178809 0.0327415714431789 0.0857988948195724 0.111179250456207
0.0111965763139446 0.0326227328657347 0.0828849880971065 0.115752878504359
0.0113198112936237 0.03060110278349 0.0773609665158278 0.120575725718439
0.0109333669369566 0.0298086963421913 0.0718483465577457 0.112406707846161
0.0106892659017054 0.0322052735654724 0.0764141533179184 0.109092674622698
0.0114648058614264 0.033480981879718 0.0742962880563317 0.12089052630267
0.0109071768434359 0.0350155272268197 0.0783647388947517 0.130247254139738
0.0112854673937618 0.0314608323601921 0.0749880098641618 0.118575251357526
0.0119681193151966 0.0350901858844752 0.07958031539495 0.123242012127288
0.0112673032721451 0.033846336337694 0.0727572202213796 0.115435143696627
0.0108150826091386 0.0324345229535743 0.0753874768358643 0.114247025060286
0.0106037905858361 0.035776782075679 0.0654072874292137 0.132820324654334
0.010828233975982 0.0425923077396171 0.0689558073968946 0.143342207872244
0.0115428471120803 0.0398427458993492 0.0760435481320341 0.127582756193518
0.0112606572501909 0.0385257950736627 0.0805375742935816 0.130393511287367
0.0112558041230375 0.0370540735210253 0.0723289779453955 0.138643526283297
0.0107551851472098 0.035585829804738 0.064075765736566 0.131103853234735
0.0111723153427562 0.0370515011288338 0.071505251942571 0.112610481898348
0.0106981815809687 0.0365854886372305 0.0667440990134855 0.0916509525987738
0.0113916700537896 0.0368062218157528 0.06266980084741 0.112537792229277
0.0114835411734716 0.0363563959005449 0.0632083593759672 0.106379872101901
0.0108605993129853 0.0355939480367212 0.0660059039683203 0.101506532320725
0.0103501378875834 0.0349554660852306 0.0676839869652398 0.101149607816355
0.0111136212702983 0.035517795417282 0.0680669554651157 0.1085948327126
0.0111580255137793 0.034002809553677 0.0691807725181909 0.0991270318142586
0.0109724606428421 0.0318449556837714 0.0671545791943924 0.106256159548726
0.0108341091468944 0.030175104084289 0.0653767286530713 0.103375713589331
0.0104343446684938 0.0297304163140148 0.0718172202543145 0.0878220711814198
0.0100787444331314 0.0311383396879629 0.0694409127184718 0.0900417648463323
0.00967662553600841 0.0347392570019765 0.0698268374004062 0.0851315609222893
0.00983550422698814 0.0361999106950109 0.0731572351249296 0.0775403341286035
0.0103130628166916 0.0339680138268917 0.0687741344887369 0.0965663072037252
0.010461601558521 0.0337655065479967 0.0713710488336901 0.105037354229697
0.0100677046555384 0.0367273347737744 0.068521617668096 0.106492935512922
0.0102955597407406 0.0354969112914165 0.0654079250947511 0.11866237074743
0.0103413450327063 0.0343915161789774 0.0633138463154213 0.126615922700795
0.0109857344886643 0.0364713864777065 0.0665202905661938 0.130481749814632
0.0102342204429258 0.0369173744125036 0.065527306744535 0.135472296542792
0.010224874386575 0.0340758231725724 0.0781679665308582 0.127361750277584
0.00972976788503691 0.0292727857612058 0.0698701920921434 0.124804987728614
0.00831720440571805 0.026099539406117 0.0635121094744822 0.137723571824195
0.00895309977871961 0.0297625482080505 0.0641834343929717 0.130399081902782
0.00849718118250245 0.0265233404029127 0.0645848936595708 0.11547996169275
0.00950069273341801 0.0291690301605214 0.065948409005719 0.120848639216672
0.00856323856023096 0.0311356401294348 0.0660400354556418 0.132537991770569
0.00940071030186444 0.0259936999552432 0.0629217438919219 0.110033956620436
0.0100840298230707 0.0298116771307305 0.0607417017962448 0.0942008367127159
0.0100780902970547 0.0337418378834456 0.0734280000872693 0.109669174344831
0.0098661646898076 0.0341096941200096 0.0756567912279641 0.117466652705411
0.0102782292975195 0.0352308402231221 0.069822415136223 0.0984224411112697
0.0107152786493425 0.0367022264136763 0.0668713386246999 0.110777926197025
0.010251895195279 0.0365433709747244 0.0712952404379702 0.102779241054339
0.0099464281479839 0.0359343587029245 0.0656330153234906 0.10047586139862
0.00936762282399964 0.0307392099047118 0.0590864638715496 0.0982473689642631
0.00969181147812373 0.0304366542789494 0.0597341781837421 0.110980359258705
0.00992558748020105 0.0350687885003745 0.0590810367325849 0.102104722349006
0.00968710260511403 0.033971034785991 0.066787880962246 0.101173626143109
0.00967668414928847 0.0321140251551291 0.0709730972489073 0.112217927863621
0.00944748649285654 0.0306350089406053 0.0672077104919677 0.110500037476209
0.0095962574648818 0.0284906711791676 0.0628077019487276 0.106838995892162
0.00959914499761747 0.0327565137845215 0.0654812983685518 0.11694658762975
0.00949144356599799 0.0334078183781412 0.0710456208432858 0.125086263193947
0.00956040725431993 0.0314660150071847 0.0656754558958387 0.132164966824391
0.00834166851608796 0.0353360923631947 0.0641750126335842 0.127721348859998
0.00929932375367452 0.0323502603187176 0.0674055403855092 0.118146960525138
0.00912660700331379 0.031544328805102 0.0682209181694866 0.0966569202846367
0.00823393453673742 0.033262565857032 0.0582888360963606 0.104390878828778
0.00817441626569143 0.0332409264338221 0.0679393065905346 0.124329885524398
0.0077337466272963 0.0355755214265695 0.0701553811645159 0.134839102064995
0.00781163380334634 0.0327194912442515 0.0724746697971827 0.127778520941562
0.00725806359443181 0.0292959487137572 0.0751153322655557 0.114335954596487
0.00735490098807727 0.0313980449480764 0.0717949896567516 0.112868192867952
0.00772025878489941 0.0272939692670557 0.0672678872794043 0.113419443723984
0.00839882197878853 0.0258676882802226 0.0742886828510958 0.121203122040888
0.00823403416151627 0.0298261292730909 0.0797711998038222 0.104332936834217
0.00867734892766757 0.0287494394563065 0.0758556483895035 0.115976816944425
0.00821149709256596 0.0319111136836103 0.070648332407965 0.115188905958963
0.0083529728609429 0.0317196075146435 0.0676005790946466 0.104446196631112
0.00810069746060417 0.0285691806112627 0.0673031665208616 0.120381121893344
0.00815414282721665 0.0298108956118263 0.0740287588852015 0.103210645184406
0.00730497463496728 0.0297453499089053 0.0600357506333977 0.121399729418203
0.00820423575459618 0.029698016884483 0.0563614807767085 0.122552540017144
0.00823406429052199 0.0329329112600915 0.0694807176941556 0.115068436642356
0.00779256604766806 0.0343974067870417 0.068927926792211 0.115903005959074
0.00865871605194455 0.0317612024522725 0.0628343136903886 0.132168078690094
0.00865841795136432 0.0311778233222169 0.0578297212487567 0.120576114439428
0.00804876116042118 0.0316076781118712 0.0574032657340996 0.124283265893114
0.00759416695162866 0.0334736144612917 0.0602048467952946 0.114165714290427
0.00769584009303408 0.0340555786765812 0.0552622568144449 0.122008653809108
0.00921653521878412 0.0332418252386778 0.0520631897112141 0.132555280603719
0.00941531898859805 0.0323253141040065 0.0492872394473552 0.126877611596141
0.0092827714251561 0.0343497670216095 0.0565762084297066 0.133255185420397
0.00884857476124559 0.0323475043144026 0.0604710899369668 0.136688876870359
0.00878099656797707 0.0342532944108848 0.0655400323735264 0.137039017124711
0.00828488392861187 0.0348404378487223 0.0607600326564093 0.112930056076551
0.00816994544308249 0.0358383378827673 0.0640736279609435 0.120315348015865
0.0082120901810617 0.0351894406814222 0.0665529143383137 0.105448069409925
0.0082890868213534 0.0276575146973895 0.073308906449038 0.113111692463932
0.00874812817826788 0.0268030662673337 0.0737772353327717 0.108126723902932
0.00950390951805457 0.0265590779477545 0.0693601315485153 0.100315206526031
0.00900276783179318 0.0267604564308991 0.0650301023206223 0.104594442131871
0.00887746466338123 0.0288500823546724 0.07218850866412 0.106828505290831
0.00863239103096463 0.0330986282668266 0.0685314728358178 0.104203430568997
0.00812420261394049 0.0330508548748621 0.057483184378738 0.118652791187702
0.00854626104602313 0.0319034853107234 0.0659207189355069 0.127461068865692
0.00925181585707378 0.0304623103068382 0.0695654978419731 0.120570649729294
0.00954233936195354 0.0300450466620748 0.0666907275092039 0.102115583117995
0.00877414175944357 0.0312867358247932 0.0680366449979886 0.0965767157505213
0.00868208585591397 0.0291510869038574 0.0720795582323577 0.0944542754757125
0.00760755028472998 0.0283917733426523 0.0689083434036096 0.100006559599885
0.00778839398131588 0.0308780802915964 0.0735757414799717 0.111878223403309
0.00914644809897056 0.0317284510516765 0.07877227294881 0.101149577997281
0.00982665817814495 0.0348481246127091 0.075076439926212 0.0902510927286042
0.0101592014124286 0.0370453110641053 0.0810999141409148 0.0888704252100063
0.00966291155143029 0.0386650251273065 0.0615644940720894 0.100370947189442
0.00983054380411207 0.0309102894561989 0.0603195572119751 0.121631760407763
0.0103082196980052 0.0305054436148351 0.0620254680670613 0.121212675335144
0.00943579018590815 0.0357915006300648 0.0616089154135511 0.125791336923645
0.00916501077736307 0.0365487803913014 0.0608778169170652 0.115890863702442
0.00906466219582757 0.0370971671928479 0.0544180689188164 0.119967705983586
0.0083191880974221 0.0387341652746166 0.056344438654077 0.121263412849322
0.00872562136270394 0.0410970347829188 0.0515692076930734 0.128307371607369
0.00816210838002291 0.0387812061385407 0.0586799159183164 0.146070090863183
0.00809563292599691 0.0381839029236881 0.0632476376601439 0.13952521282762
0.00870478780520777 0.0410923116280593 0.0625047501160431 0.133546459726319
0.00937383961484801 0.0362790329601304 0.0692801038490158 0.136391937748082
0.00915772145614419 0.0384369477010402 0.0634917090836456 0.123889039722973
0.00974178873794224 0.0367149391401567 0.0626305904457495 0.104048709921796
0.00910386825270499 0.0343522683197968 0.0643708776752038 0.101358814809601
0.00973057279862626 0.0362227570051453 0.0624168053873805 0.112914545830181
0.00966413800924401 0.0340728320887003 0.068894939818403 0.118340602241414
0.00977623399145084 0.0342547602810891 0.0660046161890991 0.133234710850312
0.00866247121424111 0.0352899910140756 0.0621475836629809 0.134695235957011
0.00876772487723899 0.0382735935846099 0.0623905128687734 0.128066988420326
0.00806149714390156 0.0397026450433306 0.0685099513178571 0.120177943002299
0.00848110556322578 0.0363863899191471 0.0668803414722979 0.128567427215513
0.00830199637019734 0.0304451281011183 0.0580987419401983 0.12880991559548
0.00861166941312565 0.0330110121100108 0.0653838332369968 0.106079782298463
0.00836470453815777 0.0301239867419152 0.0651959305039606 0.110144009608749
0.00818296493759871 0.0255685996409677 0.0760254079138814 0.110697753713437
0.00790581628553041 0.0278641300242053 0.0773496362364939 0.128353187018359
0.00836123846158024 0.0289165144191268 0.0677716521393422 0.11844622767591
0.00827373878316648 0.031222887689228 0.0661170821167988 0.123449053140314
0.00855099986586938 0.0329279548288922 0.0729473197585273 0.123030718480572
0.00801865568684054 0.0326481621811982 0.0663454743467584 0.138104888434629
0.00782572705928718 0.0323802664586354 0.0743806129210719 0.139494409807761
0.00764976911246967 0.0374631038671565 0.0669452403730549 0.148777683502821
0.00741277999875993 0.0368159981067286 0.0645689573143475 0.13410268620437
0.00730781068934757 0.0341279678955253 0.0739571114321936 0.134417955110168
0.00717737105301671 0.0344216939422718 0.0843818482932762 0.121963557809307
0.00770311920807624 0.032581630952503 0.0824992796185882 0.121361682006555
0.00739098654625136 0.0335606953610964 0.0797162382931369 0.121573016571223
0.00661115046483891 0.0353661849311428 0.0766310561936973 0.125857602701536
0.00650041826465284 0.0358732932276858 0.074678085168213 0.126314276800165
0.00680510353714413 0.0312517253238533 0.0685707886311936 0.144534530215186
0.00820811463632608 0.029244457847338 0.076686182616244 0.148692722541257
0.00809105729478723 0.0297232012931088 0.073442485471051 0.158987637950241
0.00833828252124945 0.0328626672400144 0.0752602619537507 0.138687424316117
0.0086348614893531 0.031580239858029 0.0702058399747722 0.141091460532242
0.0077582797423481 0.0325123297414716 0.0698842968377003 0.137934728990951
0.00692814294917362 0.0352123224568917 0.0733403347717531 0.124449001437831
0.0072981158344955 0.0351977020163196 0.0737953552663326 0.129796045676738
0.00798251036668476 0.0347538553916376 0.0813516324662971 0.133310447421046
0.00800258594837161 0.0334104689268967 0.0830970875560214 0.121862235536011
0.00778669917848809 0.0317189157881062 0.0831301067733726 0.13663712556961
0.00832959367856057 0.0306816396085424 0.0786017602527659 0.126685163077119
0.00810314484896046 0.0300891489728499 0.065137816196179 0.140566325097718
0.00740829676892987 0.0324793634974826 0.0650757544829043 0.126067470435226
0.00788898604117597 0.0322102021050148 0.0632350399113778 0.115482023159574
0.00817349189320417 0.0284547588553036 0.0713069541439012 0.0980520611207864
0.00861461223158768 0.0248672303926439 0.0749406722449927 0.117557458729989
0.00910718450077954 0.0287613067502981 0.0780381564195235 0.102128908403966
0.00890280976114969 0.0310472855364616 0.0851045998458741 0.0999905509208959
0.00941053356565773 0.0348540794750903 0.0741024414345075 0.112271641059995
0.00896361539515412 0.0362048391282518 0.0637368795881088 0.116991167426327
0.00963292441663849 0.0367148211925459 0.0666036322610964 0.121331490708249
0.0102410460114965 0.0372764994724891 0.0708579202232926 0.105183460840975
0.00945183127421266 0.0399652811258287 0.0727661443146814 0.107885259708163
0.00898710045692622 0.0399125696243828 0.0740522364622948 0.124469215753041
0.00938593373106157 0.0366476221698008 0.0745870825008907 0.133261010464577
0.00961568406276364 0.0397098109359491 0.0734180623627783 0.126081939607043
0.00934424671234162 0.0373678554305664 0.0744662435414963 0.119267985525781
0.00983361425068295 0.0401470159547444 0.0745897790422772 0.128962217168781
0.00914645472818027 0.0394978065259202 0.0681203887679124 0.117161548778086
0.00880831548771681 0.0380686567516055 0.0684588030574774 0.123174464473998
0.00896994610402511 0.0402448417734943 0.0719052238336471 0.112750604598618
0.00857121205866553 0.038156783959487 0.0768640321501605 0.113696617706859
0.00948521264289456 0.0369508326113544 0.0693103457744472 0.12825885665468
0.00842005264802084 0.035125101244412 0.0723371345734478 0.129177380273384
0.00819103167799334 0.0361077518465304 0.0679418197448103 0.130492058885602
0.00892130938500208 0.0368314160034928 0.0679103432424202 0.109182167866274
0.00847135467571898 0.036529721891325 0.0676243323344467 0.114611840960896
0.00830289727072621 0.0349829708681404 0.0571535619392423 0.104010773857576
0.00926945165063368 0.0365345295189997 0.0662795938250614 0.108172383027046
0.00951916840183622 0.0339115079666243 0.0654432863225073 0.101985421626921
0.0089769671431794 0.0345605070696457 0.0660076940974909 0.106343404955193
0.00883714799957289 0.0371722653479237 0.0634363697232076 0.114438985023276
0.0094588290601153 0.0359982470316098 0.067535493215361 0.117141655189694
0.00955209194062831 0.0395606053971168 0.0758865606272498 0.119250402450567
0.00882928676560607 0.0390985263513271 0.072418471949919 0.126437081365189
0.00872222760196499 0.0419467354301137 0.0780633246259984 0.123822298440262
0.00870195949900003 0.0388925326182423 0.0722221221092904 0.117624053154438
0.00894655873979872 0.0381934409186336 0.0639147040975354 0.120651258602835
0.0090235351305278 0.0376327800040571 0.0617177432620847 0.105334578349477
0.00882542241888357 0.0365755079484471 0.0536954169785242 0.105597328901629
0.00914021263103332 0.0375570127916299 0.0611467371435831 0.105897500512103
0.0092914623927897 0.035195509483068 0.0594854287349939 0.108462848103209
0.00978700322709534 0.0365444848360079 0.0653240884671827 0.113624459467153
0.00998931250802434 0.0370165984378186 0.0707274577343527 0.110883647799442
0.00888943425773562 0.0365752620379491 0.0616508151797604 0.119433876621986
0.00921207047341913 0.0367740373405409 0.0671095682322633 0.13377165051701
0.00867110004418813 0.0332256678329577 0.0692136898137245 0.135761782927655
0.00906952855941349 0.0318244201391554 0.0717514258884294 0.131468444216014
0.00917237712047541 0.0316589772711322 0.0740150946825042 0.128128422002834
0.0092274878480022 0.037026279157381 0.0782622599567982 0.131485716366823
0.00953660084602071 0.031951407470312 0.065820798676627 0.117342360887366
0.0091874373512982 0.0324625424277601 0.0640034759744388 0.124784076356226
0.00932237734466822 0.0353486604946609 0.0711362368771819 0.152029025830753
0.00943767859992316 0.0347970009426748 0.0684352341119087 0.122703281790122
0.00970461522642273 0.0291297977719419 0.0613740039793185 0.126180333521272
0.00983180965841695 0.0291886738684547 0.0644593932645086 0.1344973509009
0.0103650180239245 0.0323439394486406 0.0598529391496213 0.115148538773297
0.00949367692028177 0.0360920361846677 0.0639207211039333 0.100325431820244
0.00960374886941649 0.0333954299232669 0.0635862494529695 0.0944387627494244
0.00918341635889742 0.0310685667311255 0.0702337245133559 0.108691828207507
0.00819450870135512 0.0291267106258612 0.0664502759125205 0.117364729537183
0.00803576326375607 0.0328560540831973 0.0725966975326321 0.110780073978273
0.00836826047168661 0.0348730243853978 0.0758269296009768 0.124410163669576
0.00904233441341165 0.0388538056118565 0.0757986754208103 0.116988213432401
0.0089680296882934 0.037258228508087 0.0722347461381752 0.106228918326455
0.00934176062109806 0.0385949328371458 0.0728747255800308 0.123375739662227
0.00902869571588615 0.0397920561771291 0.0716446050866323 0.119606547908469
0.0092764206580891 0.0384088245403382 0.0663127597395472 0.118864456082901
0.0089524953459267 0.0423686511260498 0.0677926987588822 0.116485504863503
0.00947426277927008 0.0424393375747812 0.0655632531685949 0.127005612845927
0.0102456589206312 0.0408908207755624 0.0754683154736368 0.125842364926572
0.00939903985600234 0.0390007168892788 0.0819620789690997 0.122120894467809
0.00946577170177327 0.039844238468321 0.0728410172440452 0.138619446236792
0.00940020239601184 0.0409745632651182 0.0683086218269649 0.131961230110599
0.008843802599323 0.0374069173797828 0.062589755638796 0.11944550306669
0.0088386672984257 0.0372852807934084 0.0662267476164947 0.108616307360746
0.0100411087073297 0.0350993499458762 0.0604329304849327 0.113666102797771
0.00895474103922341 0.0336707102810989 0.0584651622276673 0.0997132425441633
0.0082959708590754 0.0309301238374625 0.0655908571261325 0.106650939369921
0.00760691313271887 0.0300498155398182 0.0648946779788433 0.111809073023847
0.00764106364218833 0.027782831986053 0.0651778585653154 0.113011583921298
0.00834414295219197 0.0302092995744547 0.0635305715551106 0.13041391289329
0.0082977151867642 0.0338830721805996 0.0669146352928205 0.137010967253173
0.00768160848003544 0.035198212222154 0.0647443205120723 0.131040207116776
0.00814544225626025 0.0398417138058547 0.0640266132782654 0.114167823182216
0.00846636870228226 0.0326678994360953 0.0618552150072813 0.121565035996287
0.00817180611140732 0.0311258704821641 0.0588328448056076 0.124947145820956
0.00841334158479705 0.0274187014210882 0.0598172253578718 0.122796364702479
0.007800948948794 0.0327306713782568 0.0529566574066222 0.133605689897705
0.00732552362321777 0.0388690903775907 0.0538274964268914 0.140318855650579
0.00807810125125536 0.0407775386667073 0.0527834854179953 0.149886554986085
0.00740659616043156 0.0373342861245568 0.0535642208787524 0.138572035318135
0.0074331731688027 0.0359294602633547 0.0667649953265098 0.112929550334079
0.00685334001554197 0.0342315759060187 0.0609046203592606 0.126938520967864
0.00683516717114575 0.0352230338285225 0.0590929376142084 0.120618192939795
0.00719417348350929 0.0329898287207677 0.0631585073157927 0.124748301982825
0.00786232500910824 0.0358138636937575 0.0667784688918941 0.131603466432187
0.00836438281829 0.0347751357855413 0.0717512171095467 0.136797437440265
0.00815501963547741 0.0345197788601252 0.0752688261146967 0.127237026700294
0.00758906780739972 0.032147812621808 0.0772505093506106 0.0917512595542567
0.00901957137638848 0.0308902578545182 0.0736335720912704 0.104254582723669
0.00854625259417564 0.032248085955297 0.0689594293195201 0.102609454671464
0.00860647924635144 0.0297851460282397 0.0606708314162801 0.0959845099911198
0.00875694066007855 0.0333882124680284 0.059294316346627 0.0996289159208138
0.00849391145217988 0.031631901096333 0.0655213832816444 0.11484247722767
0.00870094802113243 0.0318674462448491 0.0688026733101806 0.0964435554300814
0.00878398648040313 0.0336104096310613 0.075514985166016 0.0905685818002901
0.00894858137448488 0.0313954507783069 0.0744931810211985 0.0986404615029203
0.00839163516129094 0.0342092607459344 0.0706840456124332 0.113365582540496
0.00761342568663962 0.0346273391555728 0.0795897548483914 0.11182119751617
0.00741314649657911 0.0287461342529576 0.0816985625126239 0.110523020176666
0.00743419251149753 0.0280912316507791 0.0820310173457758 0.10780384224392
0.00764959784362012 0.0284036991073039 0.0736031723073365 0.0970185298338394
0.00794296878971506 0.0290657839434963 0.0701130327756503 0.102288430232399
0.00919743545385418 0.0276182893384708 0.0617612167930699 0.111715279970567
0.00859446116026568 0.029952456043162 0.0674433162958558 0.10608095106147
0.00803745293424591 0.0317818726218628 0.0602130675035116 0.117613039209595
0.00853336985252816 0.0311555176148113 0.0639403107343654 0.109361374622684
0.00786014720907945 0.0318132139731478 0.0608014159077977 0.101829033638217
0.00915920091873606 0.0358903091867332 0.0637269953290288 0.109241001113417
0.00837846569884926 0.0306480707380251 0.0579723317038968 0.102761195518343
0.00844279465537646 0.0305966589703973 0.0538827685437265 0.107255831711375
0.0085640765263302 0.0297704365585507 0.068149931416568 0.103223270763641
0.0080843381413564 0.0269542325892436 0.0677605978760298 0.117228248014386
0.00736745625400483 0.0284265472540176 0.0609559238084551 0.121130362464617
0.00809541436949863 0.0288952046138123 0.0655088133751241 0.134471958377199
0.00831853070373074 0.0356411814409833 0.0623422568825139 0.140645675821848
0.00794132049847552 0.0333291650681863 0.0524804917497314 0.138647886694711
0.00803409508955147 0.0319952792270058 0.054233455526844 0.129621387507117
0.00814203203064859 0.0284594575232631 0.0617994513970837 0.127963813033695
0.00828944280585531 0.0314811741882994 0.0654474136576774 0.142505146638235
0.00753277357688886 0.0309360738909993 0.0644219536783339 0.137756226075346
0.00712518960337251 0.0318679412920287 0.0668474505306523 0.118069583440832
0.00662439272344963 0.0339097126389525 0.0741576290192645 0.123335624969675
0.00778443456569085 0.0319279106547565 0.0715247039620414 0.124958757017192
0.0079574224914812 0.0275181595647448 0.0743650509090942 0.128119461049163
0.00811572350782381 0.0276649346554812 0.0694605622103932 0.115764712602665
0.00838328743204871 0.0281599028941596 0.0667042716310813 0.0976599460416372
0.00858510797321846 0.0302097867226193 0.070543930369866 0.113208067211237
0.00859717663738897 0.0261315366529567 0.064948114418459 0.126272559190647
0.00879145122760515 0.0291076630994637 0.0608497959385967 0.13663150574363
0.00868793793459497 0.0313464713540497 0.0600316120021136 0.133187248475553
0.00832488646512211 0.0332205309995937 0.0714526944721551 0.120623487176279
0.00801952457884522 0.0345797925138084 0.0679434065468731 0.120996678233249
0.00924869088368656 0.031095162179093 0.0727271002566346 0.122426384518818
0.00943467316359815 0.030424658918932 0.0797264145480764 0.137435529972414
0.00867436379834 0.03285938206989 0.0756118278709577 0.135174033124268
0.00921519694519778 0.0305810627782996 0.0719929365698649 0.120379554743876
0.0097875474476301 0.0307182257315014 0.0666243366367568 0.118803602007684
0.00946169581946152 0.0315381891543319 0.0731039772052676 0.116183450739239
0.00972621445362674 0.0330007013781623 0.0809509042351892 0.105957750012517
0.00849145041996623 0.0356957256643894 0.0821737414810134 0.109820630461903
0.00827510803478163 0.0359435594612789 0.0772331478478594 0.128606467269706
0.00813608396143722 0.0317863229117868 0.075743103595283 0.13665301254127
0.00789086250751662 0.031910946020611 0.0748770615832295 0.12205129471849
0.0079202872852997 0.029226236101445 0.0773858588727141 0.124029998181825
0.00810792254851583 0.0294320528998111 0.0722548428988227 0.121622277631579
0.00851651893056899 0.02974030568628 0.0726327727483341 0.12634927272316
0.00819252480076899 0.0281011972838583 0.0697165869363191 0.133247484871362
0.00827538448206642 0.0268002661359694 0.0523001134642584 0.114312982755216
0.00790223129168526 0.0249274445515439 0.0569735788819865 0.100545392696841
0.00765042993590641 0.0269644099136575 0.055002214083231 0.093449643390323
0.00776144206580098 0.0273716309981509 0.0557242081245246 0.0969893086378822
0.00695026662888249 0.0249769064896361 0.0630263601558414 0.115904681876103
0.007676842656527 0.0309693790841309 0.063457570919445 0.141712151215941
0.00861947814852247 0.0270712305257729 0.0661786321710507 0.122639098224899
0.00977300544022742 0.0279444087494946 0.069048888955348 0.107704722368657
0.00988536894536828 0.0290019316301969 0.0764148103601712 0.11357684544921
0.00963527197414038 0.0333766775314812 0.0667115070846199 0.119433777368094
0.00900374062964193 0.02957513604095 0.0685670103933513 0.117732692000981
0.00886188260668944 0.0284546988828676 0.0615570195652633 0.132304296462303
0.00788183519474195 0.0300999169103404 0.0589413683735156 0.110687831317178
0.00806669181141399 0.0311332658949876 0.058726088055464 0.115818066415479
0.00855391884266503 0.0284078668519662 0.0591444883900824 0.117414888230216
0.00954688511100048 0.0262751862496958 0.0609728369576117 0.10146792627131
0.00932150785187536 0.0253801054602473 0.0639271971625355 0.108697832072261
0.00846805382039119 0.0241065108242007 0.0562980126145505 0.100294290978588
0.00861725972597624 0.0318512861454985 0.0553081178439443 0.107466002804093
0.00846289341684145 0.0356357877743363 0.0566805517631844 0.118821174960189
0.00884035321927394 0.0358563239026447 0.0612083529219618 0.0985977719236742
0.00917526290292894 0.0356035739621417 0.0598164923127941 0.112475270278367
0.00954473891848624 0.0313324341265547 0.0607597340757987 0.111851784011256
0.00934311273339663 0.0321591571793309 0.0617420106237913 0.0945687632224303
0.00870001708453256 0.0300668323856364 0.0662383615529672 0.10705508606434
0.00894531378541973 0.0298320689655635 0.0730290408259807 0.117373699388793
0.00823166086883948 0.0319687354488799 0.0806324847807645 0.125024459256956
0.00809004134524413 0.0357650463979033 0.0734765368486022 0.116363838537543
0.00795189776446194 0.0379051559854797 0.0758041409363623 0.115704101275617
0.00790170757105693 0.036200366259037 0.080922341538483 0.116748176854566
0.00842471671800861 0.03515210089544 0.0762442394178948 0.118269405172572
0.00834824061631249 0.0324116672829674 0.0698573208784274 0.107451803034072
0.00942000527724423 0.0347107939725228 0.0648007901255756 0.114342927960106
0.00896403410374328 0.0370197802202476 0.0688188537585402 0.0947981452686368
0.00937688469512321 0.0335191087028047 0.068776604058504 0.0918358453029652
0.00941932769959158 0.0330223949785168 0.0660753861757864 0.0941382881698797
0.00992305077029116 0.0340355037900005 0.0654741024242907 0.118641576987121
0.00921957160481795 0.0329072700235684 0.057604984934341 0.113935523555552
0.00921469144658357 0.030806176528095 0.0593268356480656 0.113723203108771
0.00877919959438653 0.0289910935939147 0.0630723894483889 0.111549580939456
0.00812708650307915 0.028988500778598 0.0592234932666439 0.12410433058938
0.00811942281643251 0.0267949002994773 0.0543927347795687 0.137386116056192
0.00900449191819344 0.0269696517834114 0.0548856963237525 0.133177565288385
0.007835685572365 0.0301176380578489 0.0607078509640023 0.130165017053115
0.00844459366195037 0.0329957833462233 0.0608800005331126 0.129883166706892
0.00787388804794219 0.0323060412254488 0.0599239857146753 0.120853629550412
0.00803376351159451 0.0353860066565906 0.0606490870148314 0.117235795222076
0.0071859724062193 0.0371489383341221 0.0580710415272657 0.12666064130018
0.00767931575219781 0.0370960211841992 0.0567184525395416 0.122942855748481
0.00791218534465086 0.0380679472171504 0.0556556104170344 0.121826255237006
0.00730494460780219 0.0372792941949171 0.0662629837044907 0.111839419343098
0.00791669958536456 0.0346252986252983 0.0596673747337098 0.108074189451535
0.0077941108224015 0.032527135849771 0.0611712904853827 0.110006776218578
0.00765632970051821 0.0356767943074058 0.0570500779921978 0.108403354355311
0.00781637274313452 0.0353734721200519 0.0620327924214339 0.106888790841795
0.00742596894629231 0.035885112360323 0.0626553991703644 0.118090097979244
0.00696829759198124 0.0331816059809659 0.0699112520296052 0.105174844733434
0.00667229436676162 0.0335848828604363 0.0738354145326289 0.115331353317023
0.00727920219083995 0.0318183371302341 0.0763370344397326 0.107402571971736
0.00740777611465966 0.0291311762484591 0.0736976830879207 0.0999573846011528
0.00724946918517524 0.0306219623428068 0.0724486985054668 0.0936115819898207
0.00825865750965463 0.0351767263102403 0.0622487997361931 0.109044805570633
0.00760343152258947 0.0300721178953984 0.0707353487539028 0.120953392785708
0.00855567457141426 0.0310799342335908 0.0680123860362292 0.126936802213237
0.00787400749203363 0.0261709268498087 0.0639356618233552 0.128354501557558
0.00765632267351246 0.026310379101771 0.0663912843315713 0.119727005173544
0.00842707035688169 0.0296387165533699 0.0707743227957507 0.109717838781216
0.00870184418554475 0.0310036603935602 0.0674423580985114 0.114573003275481
0.00883871992803825 0.0301945800969933 0.0658814617168301 0.113502686516224
0.00940621404023319 0.0256426419897618 0.072538859800644 0.120146628822242
0.00941969115138092 0.0251795939357856 0.0652371054683904 0.136838510646443
0.00936572415714769 0.0256990815070723 0.0609851559987232 0.14641694133061
0.00819317951550891 0.027935217518502 0.0687347562566556 0.123527495442078
0.00802564165155971 0.0300429204379634 0.0623731295869038 0.125668094257883
0.00762387202560756 0.0321055744325717 0.0659494847682717 0.117154893347467
0.00796646147007231 0.0331478101002283 0.0643217691706993 0.126141535489161
0.00862528221865788 0.0276072034247357 0.0643301645858308 0.134141000961333
0.00816218325837738 0.0245594022256963 0.0690423834926187 0.132155416024897
0.00824999481798429 0.0246034075640135 0.0663045571459537 0.137756763703851
0.00763350684108557 0.0244356781470884 0.0671794206636424 0.130612023408202
0.00740596446561601 0.0254711648224018 0.070583509939341 0.117907649676614
0.00799643986818834 0.0249158796355077 0.07352771013924 0.120234069708409
0.00783930386078417 0.0299999424320534 0.0780408976592711 0.128792426004508
0.00736463470639681 0.0323773769759664 0.073266740033892 0.117940988261773
0.00675034505135822 0.0323852560784991 0.0775411041827716 0.124119819598228
0.00713199329266043 0.0326599906791203 0.07911812401587 0.118188333310549
0.0076046370500172 0.0282182604363492 0.0747920209945093 0.138604365402101
0.00833626014886461 0.0282390306737627 0.0704639121811371 0.137539035434809
0.00887769997371208 0.0282444413853553 0.0739620714925613 0.125043229980933
0.00925340453619657 0.0335088205252014 0.0676229131597645 0.149226786216414
0.00863700175461642 0.0355140419159633 0.0727617129378141 0.141589818911035
0.00789719283945119 0.0385125212334428 0.0782281188306151 0.127869988777791
0.00710890932097438 0.0369937535606618 0.0751071033022619 0.12089300345624
0.00867880008826101 0.0335267455539447 0.0818413027977367 0.109395979795044
0.00770079782874276 0.0310376645274398 0.0787049038595708 0.110468483698751
0.00866297516405007 0.0318400306680918 0.0717492801943035 0.106466329326581
0.00745719871262994 0.029129982961024 0.073352676227449 0.091444008297312
0.00671345772405017 0.0313904739361036 0.0812700721722963 0.102568839280592
0.00682838912680322 0.0347347714817804 0.0758079634657898 0.108956405760922
0.00687461853612991 0.0364414690394658 0.0729108491674258 0.121540046665784
0.00838843491551045 0.0359284605151586 0.0675776154954586 0.136729774161405
0.00852436614781965 0.0370678865119969 0.0680876096477202 0.130191037245514
0.00905266708245628 0.0385417235700317 0.0802570320757122 0.119537118003277
0.00956880631623694 0.0379897742281176 0.0660440846162847 0.140222812216605
0.00931197351142588 0.0353900555461922 0.0578129545297633 0.141716938035044
0.00916227807490842 0.0339738670487024 0.0651398246494231 0.136421622756655
0.00815001277451481 0.0340279241813395 0.0678629747029812 0.128310363502363
0.00838081546887717 0.0340379552061201 0.0629106416762644 0.131080698209873
0.00958218447083432 0.0361406892510856 0.0641752563784163 0.120077247232789
0.00885333412709967 0.0332496729424766 0.0697660881849636 0.131482897528303
0.00888236389903987 0.028777546433046 0.0600311148028686 0.111651018941187
0.00874094720750679 0.0333991714134595 0.0667516784550768 0.111125874871731
0.00824404592793579 0.0325792331950208 0.0706704844944121 0.108230615429593
0.00781801992426337 0.032820111304342 0.0685347065833775 0.118554094039277
0.00733471883585476 0.0350114153017775 0.0720476735263078 0.123594970152882
0.00750417671048562 0.0348392611013902 0.0681845130280823 0.136572345842314
0.00723447571408729 0.0350096758349512 0.0786079102215808 0.135988350418268
0.00728171572483543 0.0371393215299693 0.0721308634278345 0.115266296890878
0.00802191112376022 0.0380669468587543 0.0775070243515967 0.104654552687359
0.00831821069577852 0.0347080701926357 0.0748024656069144 0.103395042667127
0.00864272217423225 0.0312023544769874 0.0701961687028235 0.0881881448484673
0.00821055411204284 0.0330287402300146 0.07557247386882 0.10075093431838
0.00812298522354369 0.0309044179507193 0.0708015573761085 0.1130004905045
0.00790195509191719 0.0315142499465183 0.0690365815616384 0.131609656579266
0.00792619094761013 0.0334023156262712 0.072351977366809 0.130998777511627
0.00755471795547792 0.0354300993306736 0.0674089120779623 0.128709137504674
0.00793868831399727 0.0359071072864148 0.0722789655880205 0.124074361611775
0.00743575153478009 0.0299391947699218 0.0676935601344891 0.120598668563725
0.00747337740368508 0.0318423309929131 0.0660588987909241 0.133176722207356
0.00697814245177947 0.0362120091522065 0.0757703005768688 0.152385151292873
0.0072719142752663 0.0364285014630978 0.0732269739806882 0.136990625030687
0.00615450159245062 0.0333594227041901 0.0736495146565906 0.125291311610768
0.00516384418952034 0.0292770566178783 0.0736043575424388 0.129642929242542
0.00503497771631467 0.0283421569176018 0.0682940119187583 0.120041597039353
0.00575608798188453 0.0310105420004353 0.0657189136186314 0.112867554272244
0.00598649024947862 0.0324017100208384 0.0626461013363151 0.132528222532209
0.00613907828817714 0.0345406385256947 0.0689544507435277 0.128812802698872
0.00679061837780073 0.0281854663922678 0.0685194780001162 0.145570598263389
0.007021360418894 0.0277472282476492 0.0749552322493199 0.128969896357104
0.00724281070003779 0.0322955065049963 0.0758116993922929 0.134349964575833
0.00699197885232442 0.030586378126062 0.0775976067990396 0.135565236659244
0.00613009782614001 0.0283060577992011 0.0656959327461651 0.136879575668559
0.00677743509257146 0.0298043985262046 0.0613201103731488 0.130410138942308
0.00726931243958555 0.030572453610832 0.0599936858962908 0.130450297901512
0.0069076609861945 0.0335928688211497 0.0566310415474289 0.131281902448452
0.00733760799218476 0.0330295960235215 0.0630864426013907 0.123869540680973
0.00756590570025961 0.0354393946184534 0.0611203515592734 0.108757060309804
0.00736041252946419 0.0314091545471577 0.0578339280019324 0.121215810050662
0.00694953855665372 0.0348513725163345 0.0608781111104741 0.119359486857855
0.00706839291232053 0.0315797779724549 0.064061434987971 0.113191578321781
0.00692511581895149 0.0327937659006162 0.0623142057667146 0.120571553377169
0.00633200422551165 0.0348904085853089 0.0642209908696413 0.126575504065457
0.00781002431452079 0.0353751504935359 0.0651952643634116 0.134085326588413
0.00781417455009024 0.037066897769144 0.0735088120093073 0.133862221014247
0.00826665733002348 0.034483806964844 0.0718758750958896 0.117336948360304
0.00792858586527061 0.0284661800210211 0.0618358309737948 0.117278411029203
0.00819791927305553 0.0272459705560061 0.0599027788491195 0.115314795399216
0.00789030820486003 0.0271518808010371 0.0643720744544888 0.11293289097227
0.0080551037898725 0.0295830184257884 0.0670399385665671 0.121689020296598
0.00849521341686328 0.0339029248770232 0.0654280018270003 0.127369453452026
0.00861513422819284 0.037086904973858 0.0675248075580175 0.133758972901761
0.00831569595241502 0.0320938110650248 0.0763280500396462 0.120224933662606
0.00851681160284242 0.0319983428206823 0.0675727776199889 0.128132227501834
0.00845181225570054 0.0312674920878333 0.0667069023845461 0.128138444738899
0.00839087795948083 0.0251674719861458 0.0705429000242664 0.127303078135064
0.00903627991994935 0.0279021157255703 0.059892346540127 0.123501033621746
0.00935979572365234 0.0273575656255745 0.0630564079318663 0.125161788376124
0.00858358974302049 0.0327033527044887 0.0682766160193862 0.133564508905172
0.00793075374660458 0.0313634987009707 0.0658814134327313 0.131089102284358
0.00812696150049339 0.0336087950554156 0.0634055026262679 0.125256383449324
0.00842674718168124 0.0352397588481596 0.0682131762249339 0.116709020148796
0.00792173174046357 0.0317557343618937 0.0660801210997564 0.121704784805167
0.0081715209123638 0.0298708054068707 0.0695701094860579 0.118394413812936
0.00854352864398644 0.0297221772243289 0.0661959565352794 0.120320236409408
0.00783279069159254 0.0303283438027255 0.0610930845738722 0.120413647523795
0.00853176461449709 0.0277295914096253 0.0688114985730862 0.104033064619215
0.00813454966279743 0.0326527228819885 0.0668303889215156 0.0928346257886873
0.007356551688951 0.0326753871336376 0.0703841534305855 0.111103911617319
0.00711297248349924 0.0358242242332761 0.0694936971035384 0.102309886087389
0.00753109313095761 0.0330324103231924 0.0719704019904236 0.126974564840218
0.00841995528899597 0.0344544412972231 0.0735518380705901 0.123172172008685
0.00838169411691865 0.0337545826569394 0.0767116920138309 0.135116546500361
0.00893190151885114 0.0355680546847082 0.0705326178137949 0.13174210819254
0.00848724425399075 0.0349838008270355 0.075012046218814 0.126764707789215
0.00853495729908667 0.0328227340534929 0.0653836390434914 0.125469869671987
0.00824566219452638 0.0336509844453903 0.0696168645950481 0.138553741894145
0.00774775651210714 0.0376589565318823 0.0762976164944819 0.115460362936183
0.00824897650733056 0.0408177323248151 0.0667292018500748 0.114475087505889
0.00843905747602765 0.0376057442691044 0.0695336853440748 0.115485647369836
0.00798439131329947 0.0350493284606735 0.0667826830688061 0.1319073554466
0.00856601741122864 0.0346563387768951 0.0643401655877132 0.114828612296003
0.00779525026472649 0.0357959946262455 0.0726869382527051 0.118317516422771
0.00818695023532912 0.0356338105575046 0.0717977386476757 0.128021006603737
0.00823881132120579 0.0365816333084802 0.0698479940272972 0.123336806029318
0.00736689985368807 0.0364671728835992 0.0642698767427677 0.131817076349224
0.00812360066199454 0.0356874607277033 0.0584226796599103 0.129964776563287
0.00792398682890534 0.0322932425621441 0.0683420361409819 0.133373551219288
0.00743647923727917 0.0314017427545303 0.0731492828154486 0.130837119597852
0.00794098407211455 0.0363287409676139 0.082995540931491 0.130385975478273
0.00836617998747736 0.0381422905180295 0.0761361261468664 0.141340957593485
0.0078700732035468 0.0370279641363064 0.0780182899507043 0.153221574339242
0.00821798238529042 0.0359239717880443 0.075409714928932 0.130857351054522
0.00784970801776011 0.0327390322286122 0.0787168745735803 0.124387792228981
0.00774177875844478 0.0319612498191949 0.0778703198601706 0.128824630259179
0.00810042311186327 0.0313955073123142 0.0727785955220197 0.14219354894167
0.00829510638882867 0.0299645973609645 0.0765655814066029 0.136863320396386
0.00695234787089536 0.0330631413812452 0.0816997176938979 0.137717527884887
0.00737537399115726 0.0285772991992018 0.0715871389874789 0.13587829812139
0.00718063116652806 0.0356495911421061 0.0670233144572962 0.138016648815783
0.00749436555010916 0.0366607198150605 0.0795266349672362 0.121062471091072
0.00743319739915086 0.0356924112181819 0.062196738067415 0.131856047311101
0.00764293929230207 0.0330982794296341 0.0763867441391423 0.134867890928857
0.00763935436695193 0.0379435713313113 0.0756106023391065 0.136503338137626
0.00769728916013996 0.0340943080239759 0.0803445206438112 0.128297874365864
0.00779769942476204 0.0321302890934926 0.0726020060570136 0.127870306061546
0.00859746412188207 0.0321028489320765 0.0770221100708431 0.119516929497805
0.00882321059562485 0.0275836070328189 0.0711265097914795 0.112797101820384
0.00912961667264309 0.0267731671819359 0.0666451566484806 0.117997173737372
0.00940796100521914 0.0296652104276678 0.0722636727553521 0.122057105293916
0.0089190071998284 0.0294244911362713 0.0716224526928027 0.129133747490942
0.00846504399913451 0.0333705500951269 0.0772368611430338 0.135188195820992
0.00824062035372772 0.0336265602130104 0.0720089461953336 0.127537692381026
0.00764536547678699 0.0323727164553207 0.0632416415612808 0.128388328231924
0.00783105254412296 0.0280616649514793 0.06026280794156 0.121113741905959
0.00794888621268841 0.0248800044974429 0.0649860537074361 0.121852551899687
0.00827307665642192 0.0252952796743844 0.0651309342690007 0.126612404945183
0.00828111745151227 0.0295183150496744 0.0543052087557316 0.138692692048834
0.00776974189930335 0.0309612547530612 0.0626187717091698 0.120152126878537
0.00812007247158263 0.0259792936641942 0.0608011672877835 0.128922412356604
0.00804926201070374 0.0301841540153275 0.0621844186157002 0.136864325496365
0.00775573529130336 0.033285682080442 0.0647354012784096 0.141739131512854
0.00769007779630715 0.0351728092605574 0.0680928372096822 0.131210720204044
0.00850659174050622 0.0349447906603358 0.0631118959836022 0.112862904349639
0.00898751909949024 0.0339680415748535 0.0691416509996854 0.125892746513113
0.00922681607862809 0.028291656771135 0.0755199219987214 0.134463080999317
0.00856330988465736 0.0293956114307734 0.0709427098512952 0.118539812797788
0.00930277025112921 0.031026243336372 0.0689708892936035 0.112908844810061
0.00932015809851999 0.0314197180967016 0.0688231089760435 0.120973179218247
0.00842929866501444 0.0331426397991193 0.0717671600384591 0.130929274030874
0.00843074435263603 0.0337517556268201 0.0659435916116859 0.119394942710355
0.00810198945524655 0.0297907552807393 0.0707650928191623 0.120535242336829
0.00802962934750947 0.0346814627480999 0.0681205888373705 0.10473908214982
0.00775643953960812 0.0369699992751438 0.0694415631952142 0.108511925164799
0.00785603831386557 0.0342315247977002 0.063590690680671 0.106765626697915
0.00804318381080154 0.0303596719373125 0.0651531661026299 0.100915001335592
0.00759903434174133 0.0279237885222806 0.0679175259341226 0.105957212503363
0.00677281468111821 0.0280254516809383 0.0622513764044156 0.0914297953033582
0.00720944065712998 0.0338380314380907 0.0666164584233794 0.099547651151751
0.007556693625776 0.032832432614745 0.0630293884041989 0.0969472018920104
0.00826810359034225 0.0323706996316813 0.0647544462805419 0.100039028896588
0.00821922103808813 0.0341467024833526 0.0660366508800086 0.114690063063144
0.00844052022061942 0.0304442765611026 0.0634836456231018 0.116240532612285
0.00816967754525056 0.0272406610411991 0.0635564144139402 0.105381594131211
0.00760745411082285 0.0301851431856853 0.0736806703415323 0.133213146173128
0.00711976355576821 0.0329482494749525 0.0737528384329723 0.123064332145287
0.00585399618212953 0.0318460892818204 0.0781709508261042 0.120947734903524
0.00685345709055734 0.030069586840764 0.0742368278703681 0.110190300720281
0.00681516358210034 0.0314106793633646 0.071447077769147 0.10219569769238
0.00699178743086326 0.0345089128642308 0.0677887893175273 0.0990794111563261
0.00756275976525892 0.0371364778160905 0.066552840491191 0.11407486170987
0.00672168311662822 0.0336201825530251 0.06075292864785 0.128887720122989
0.00709751878290528 0.033832091131205 0.066662328136409 0.135116661225448
0.00702912060214643 0.0322974610153496 0.067131978415965 0.125487696505411
0.00720064758920755 0.029648569720351 0.0725271965138877 0.11184132354663
0.00704212871055227 0.0286726284581187 0.0705354228116114 0.0936408161170493
0.0067054108032887 0.0305632988843766 0.0709517644564791 0.10220529405731
0.00718381363502463 0.0296947833432482 0.0671642206187607 0.117401007966204
0.00730372775150591 0.0255823879024945 0.0710773816371759 0.122002736975214
0.00671251342519141 0.0250102755483484 0.0583597845839756 0.123030605746797
0.00646191703045517 0.0292426737501198 0.0603091895180703 0.112081844359107
0.00684190484428885 0.0286080023030127 0.0592949175660178 0.112650660833379
0.0065858949123465 0.0297039840811202 0.0717957683165516 0.119962354628604
0.0067325614270648 0.0281030460826723 0.0753903054574969 0.126333686923281
0.00731529693019796 0.0324248241686829 0.0766650574386658 0.124970777819179
0.00741650499718777 0.0289422343769465 0.0773408193746749 0.125925505661379
0.00781350196799785 0.0281938367929536 0.0731676308212325 0.119486659839968
0.00737589222966456 0.0267936343398454 0.0690141705384344 0.116726451885493
0.007535571859747 0.0262564846311215 0.0639220866302574 0.117019000925711
0.00696966620546248 0.0253750126102501 0.0617662301104057 0.105782059758049
0.00723544129906315 0.024646601575309 0.065765970322562 0.103261902654405
0.0072625363886624 0.0274792797815333 0.0651795631028992 0.10035897930994
0.0072987042826004 0.0286699438642101 0.0571845312257577 0.102650129605891
0.00712359000783437 0.0312905155642963 0.0592470280629267 0.109429055297934
0.00837727804637467 0.0282313766476725 0.0580484179029961 0.109979539955686
0.00851528570781088 0.0297651107367405 0.0602428306246754 0.112889721254816
0.00836166299836613 0.026942403713614 0.0572096116276981 0.0928166571171428
0.00772838059229203 0.0257240868730539 0.0589797742569278 0.100092167264332
