0.1 0.3 0.5 0.7
0.828653753461244 1.10171344239237 1.53524008299019 2.2557606590401
0.911452334857557 1.42044570178906 2.17008344408732 3.38747423015601
0.992817645157437 1.6906414553115 2.68273938950573 4.25879437442431
1.06855549626272 1.92429050276281 3.06950805179616 4.89765209329209
1.14234772514372 2.13015123710741 3.39767895986133 5.35095481263031
1.21441840346725 2.29051502235173 3.63510937902018 5.72131429284754
1.2813429586486 2.41631152911742 3.80898339139202 6.00630157549884
1.3443777118581 2.5393313248215 3.94441132898349 6.14466180289368
1.40569553251244 2.61777076834382 4.11069991672422 6.37628780900872
1.46322079243496 2.70345613044938 4.18531722465543 6.49843916749209
1.51546433690796 2.75997813200048 4.25710562524092 6.71479410139337
1.56987355591745 2.82338470521488 4.30515500931968 6.87169327530338
1.61733511724874 2.85276422229614 4.35298141639135 7.02099923179242
1.66264729600986 2.88224775732165 4.45193650275326 7.10853923427096
1.70693943483952 2.92037740486254 4.57117939630347 7.19618697357801
1.74977111892306 2.93827908247666 4.5611768438335 7.25623943853103
1.79091427033828 2.95459732489009 4.61156618923086 7.30039167790205
1.82725278576576 2.9746837263527 4.64222668102003 7.3622096542293
1.8602068261443 3.02146779274637 4.65823038696164 7.46984862060233
1.88924030937939 3.04824906378518 4.73891318029722 7.58609667061576
1.91449844585867 3.06376052827053 4.74863634118016 7.65173703996429
1.93788550230017 3.06616034243695 4.77843113598117 7.71867305906689
1.9634609310025 3.07336409680807 4.81068053739277 7.76714430575739
1.98768952428473 3.06691785933601 4.84683065163054 7.91552392281032
2.00562565508087 3.10770240273542 4.90173890592595 8.02977959417866
2.02018750134532 3.1116256189826 4.92940363995904 8.10249610729947
2.03955050294214 3.15389174747202 5.03510801280763 8.25600251580537
2.05571918159785 3.169613407336 5.06811799283583 8.46407016804633
2.07210723926373 3.17004329182519 5.12976313192435 8.54878355266778
2.08612509738296 3.17249345243502 5.19504583797214 8.63450298174719
2.094270394035 3.2024535938739 5.20695373366974 8.77125247346974
2.1085107635224 3.20948273146762 5.23176131316075 8.88411819841985
2.12179249799585 3.2110478586542 5.25359846127525 8.94069772885806
2.133254842258 3.20845259102892 5.33352850094903 9.06633886969255
2.14107369036708 3.23682583041231 5.43796269770296 9.1138597022481
2.14720807374619 3.25427398603228 5.4797139417328 9.20874740208903
2.15443647505164 3.29004968053211 5.55868624091287 9.23862992346084
2.16427256953207 3.31300541644361 5.60093875943674 9.33110476318099
2.16879598420684 3.33350186174396 5.65202336391043 9.55182425669648
2.17699614307992 3.3418711307643 5.73348576066644 9.56803931109034
2.18246002217291 3.34976856596818 5.75198735213925 9.65445199907549
2.1836267958605 3.38621237036162 5.80735525687784 9.7791487835313
2.19227119255893 3.39602565193198 5.81419416868549 9.70334714376818
2.19221165815471 3.40093459046846 5.83939347238069 9.80326438365507
2.19807041968787 3.41725935828448 5.86652785572383 9.77539403150034
2.2035302898731 3.43757647781311 5.87143667286325 9.89510282495107
2.20952350196018 3.43121227982893 5.92059011888187 9.91755156295031
2.21009519048122 3.46162486171834 5.98584729887508 9.83715515666695
2.2036527322696 3.4607862052163 5.96512627890072 9.80628292594989
2.20506148442017 3.47411976393219 5.99418630902547 9.81844510747579
2.20855970486538 3.46933230867988 6.04087363627886 9.78418895576013
2.21192977944416 3.50039546787036 6.04734027470473 9.78623575596123
2.21353856882543 3.49491628303236 6.09560849978266 9.80017489227081
2.20920027084319 3.51702106740143 6.07718745966531 9.82522809593125
2.21342428750973 3.5497599674847 6.11214543915632 9.79964158910917
2.21759931802367 3.58003634920145 6.11273100537724 9.72826253192685
2.21778274151695 3.58798453219983 6.10336840807048 9.70684043836157
2.22030595075565 3.61555303435464 6.11811173755019 9.65209834348756
2.21800799454184 3.63161495626743 6.0658196770069 9.54335566836059
2.21896483725852 3.638090599874 6.03487344433101 9.51900135252413
2.22086370883475 3.63899098329795 6.04769930793257 9.4789813577148
2.22013900590657 3.6236965406783 6.07996839789688 9.44386590315434
2.21605910333063 3.64353192929687 6.09545663024135 9.34562166053901
2.21641783019477 3.63134836545033 6.07515850194985 9.26675414340714
2.22279177868594 3.65213301230699 6.06003777390599 9.12966503362505
2.222615713628 3.66398619914473 6.00271034289726 9.12715591459961
2.22588558903834 3.66572994818956 6.07913696831856 9.10963634379235
2.22051269915558 3.69175622396372 6.02847030404539 8.98382389011746
2.22700123178097 3.69256595175238 6.00606897686093 8.96397316966343
2.22567368721332 3.71360212599018 5.98643396503508 8.77087442817903
2.22724561330709 3.72568277570266 5.9715704998488 8.73319970844125
2.22650113375128 3.71412231912365 5.90528446186051 8.70431520905164
2.22662244543618 3.72321358574179 5.89472678581014 8.61157539405328
2.22553690376991 3.74648310420698 5.8382752224195 8.63064573602972
2.22997763495131 3.73571961078923 5.83323386014348 8.54040071393924
2.23340683203604 3.74123696340002 5.78346027624894 8.4211888036533
2.23293540343622 3.74539201792203 5.72010807058439 8.33403758953367
2.23245790957322 3.78827419172716 5.70460425899868 8.29729496334012
2.23326764449647 3.78052982500588 5.65004587611615 8.25778178414575
2.23494114483726 3.77602245306975 5.62376207152551 8.30922183628981
2.23388553065309 3.78243361770594 5.58977270529763 8.26040045502578
2.23549978251571 3.77763709873496 5.57227340643481 8.07083715029053
2.23234759441776 3.78225024956714 5.5677897120669 8.04782177096327
2.23823711185837 3.78936693154185 5.51670835130037 7.93064140933188
2.23620345610637 3.79747930489489 5.50412303744268 7.85479162873961
2.23578545225829 3.80831184328952 5.4452383642896 7.87251827104003
2.23645284338597 3.79875758448133 5.44166348108496 7.8809414367329
2.23760173285833 3.79392434882091 5.39651347646481 7.75147659430174
2.24241626655821 3.77623439616056 5.34637828520547 7.73375283720952
2.23931137481693 3.76919798960627 5.31528599930312 7.72457449979299
2.2422000437601 3.78033475014774 5.21572731851606 7.57765940500203
2.24385053049465 3.78743134133034 5.23058714728582 7.47697454091149
2.2461367067921 3.77785199229883 5.19153186309558 7.42512943824823
2.24584104381841 3.78121096340149 5.19269236777348 7.56243985980746
2.2462091581808 3.78076951365065 5.11340041495366 7.4546075572029
2.24769725813155 3.7932332836815 5.11590118300416 7.46190099399272
2.24620889894682 3.79271860353379 5.10783540923587 7.37192315551336
2.2456223426686 3.79147230343881 5.01909375594911 7.28782330914797
2.24300730630249 3.78091360638894 5.00304898366628 7.36869795151495
2.24799367263382 3.78398910306612 4.99251999757965 7.33146448969772
2.24658750124562 3.80466038209988 4.94024794782577 7.38552053379471
2.24983664459901 3.79059269022263 4.92940711181522 7.37331031852468
2.25047797067947 3.78963974798724 4.90612338071182 7.38765942833662
2.24964368024019 3.77735272094135 4.87517250679029 7.37454857164635
2.25050264166571 3.79757791755223 4.83839050380026 7.27463462247163
2.25502874783793 3.78053754276996 4.80585282286682 7.35486442440162
2.25474806398567 3.74767709575476 4.79519607390114 7.29930304947326
2.25243682624316 3.76094223573903 4.75124538230278 7.17352824190394
2.25348369802086 3.76879802576201 4.78455270319466 7.13714469250095
2.25511074188403 3.77265723486017 4.73106815613662 7.1496900708995
2.25580975408044 3.76483688303835 4.73618375436629 7.13170225478055
2.25581742028019 3.77027258066581 4.73216718361197 7.16296581893797
2.2560433182162 3.75222396846095 4.67281674751058 7.06232691450245
2.25299614699936 3.74785050693848 4.63823708395681 7.04985344501879
2.25141733230188 3.75196305191393 4.63739977741066 7.00244296095534
2.25052659088586 3.73092580015108 4.63542327765512 7.01175034344401
2.25459439614779 3.70168319898326 4.55474736297811 6.98185896191876
2.25527751348505 3.68231823638251 4.56138963211256 6.9168990232477
2.25534250865447 3.66136574579923 4.58077439569265 6.93183359009529
2.25127913836301 3.64230958820154 4.57889872076137 6.93369437812471
2.25256806147136 3.63304291272164 4.53716952768836 6.85970364199561
2.25525921245339 3.62996389239637 4.55185274424705 6.84913896697339
2.25493845973139 3.61637869703666 4.55370401175294 6.87406727243451
2.25419457352892 3.59775021901502 4.49454980752516 6.86084042360981
2.25243352818758 3.56311035866631 4.50136476719642 6.82268809042064
2.25774759941027 3.5718685524869 4.48166698219846 6.86626856197223
2.25874848581541 3.57072034496957 4.41105003857877 6.82473487912501
2.25821503358214 3.52944648350234 4.39851102589672 6.82884221495616
2.25952371629822 3.5154615854431 4.38006490433797 6.81056933578682
2.25993008091919 3.50967537591657 4.42413006048864 6.76457742804138
2.2647267912197 3.514203907742 4.43431180792416 6.79934896429186
2.2668407141987 3.51500543317586 4.38520494188028 6.90153126609256
2.26668631587797 3.51312879432592 4.37430248566475 6.81500816417453
2.26689252290569 3.51349054633564 4.39254590911299 6.86863899327138
2.26572280681287 3.48617630874499 4.38203286222386 6.92420537719856
2.26702361424993 3.48221700505237 4.34240763931348 6.92011617598084
2.26734167704004 3.46333118220006 4.34667064196082 6.88393600294409
2.26612305193018 3.45846679256993 4.38527079242358 6.85296336884916
2.26731824883325 3.45499634757565 4.40876680699391 6.78824120169554
2.26565103910371 3.44014898533 4.40208830380206 6.79009496066019
2.2674847652829 3.4311403341739 4.43386767019638 6.67970837190877
2.26848667933975 3.43882350204163 4.42586346059309 6.68469493414378
2.26674873653283 3.42808392740656 4.43159074443356 6.71872829734138
2.26308993067413 3.41424206979606 4.38966793943239 6.7304122011189
2.26692955489123 3.38954028218035 4.38433673286626 6.75241671444163
2.26343022679548 3.39756016550775 4.38937444827005 6.70576517109191
2.26593243516987 3.39147160300826 4.37811769647915 6.73757878924841
2.27087264351057 3.35611880239415 4.35744184501124 6.68511464851854
2.26826261014619 3.34390011792292 4.39221343923434 6.63234916592024
2.27031764926551 3.31410958835857 4.42804678074993 6.65308647641057
2.2686077311589 3.32069095211273 4.379488797903 6.60479009757372
2.27106882654057 3.31350460908798 4.2972883081225 6.65560794405825
2.27190435804378 3.3112432255523 4.29330593497884 6.64328150378328
2.27249339614762 3.30184460074116 4.30611465975277 6.64176009899207
2.27374420758441 3.27989238622676 4.31878574477522 6.73076666667762
2.27304213052002 3.28592590377497 4.30472138396055 6.71251762143568
2.27439366583387 3.25531741104284 4.31915501173333 6.73529942165
2.27818763005471 3.25881954723478 4.33498915465184 6.8193438704862
2.27539923482968 3.23613942978471 4.31040027585185 6.91066944036449
2.27935447649623 3.23018310336903 4.33620119492538 6.84030291219949
2.28057704796847 3.21334546335743 4.35428783100458 6.84541284857713
2.28341609909351 3.22260232548394 4.36467943605057 6.89809304318637
2.28136033354463 3.20486294542452 4.3886317869833 6.89052025913756
2.27880184790988 3.19026202666009 4.39692653212039 6.84553464569432
2.28538579414106 3.19596890862203 4.35503388238704 6.86264186691642
2.28670098381965 3.18745040597402 4.34995290678241 6.90389814234099
2.28698359932424 3.16260797313503 4.28015980819921 6.90517863138884
2.28967912235152 3.16983800232777 4.29490658604826 6.86600839822887
2.28837159489968 3.16166735357643 4.33620668469544 6.85125866309445
2.28703393206815 3.15805250316026 4.35256417271825 6.85688358646205
2.28274478246329 3.16878928407819 4.30385284564543 6.9350043121781
2.28510861155324 3.145224227503 4.28905600282817 6.89490989868376
2.28773421217848 3.14542922352997 4.30189935558328 6.83508127831675
2.29497135420081 3.13769342495384 4.29686077864708 6.90476132444967
2.29485898629446 3.11058085796117 4.30068222273409 6.97909525948121
2.29258569564921 3.10037438382367 4.32694753549983 6.92159363935386
2.29307586236652 3.10793889979221 4.2894301895453 6.80109202594829
2.29412431328157 3.09048191396083 4.33306436038613 6.80669826018047
2.29468692298439 3.09377603010752 4.32093482619994 6.84214284202835
2.29775960588894 3.10122302072215 4.29089852526833 6.84953371898628
2.2984579327485 3.07707937057265 4.34361550810296 6.84459879117009
2.30064249951541 3.10027531141701 4.33497339248525 6.71387682603124
2.30439322793949 3.1126526891512 4.29865450069435 6.65890797091262
2.30168553458496 3.12663479208528 4.35684315139252 6.68421109470134
2.29830675425106 3.07968025686205 4.34307020453035 6.62291484725438
2.2951473591024 3.06360943040837 4.34442521726938 6.72496463087201
2.29366239139545 3.0428916212754 4.34566778868497 6.70924442310932
2.29715993635459 3.0345363919252 4.33761417074193 6.71375301747484
2.29384691380762 3.04686518552565 4.30565673614152 6.74627568313496
2.29213110257614 3.02747020200491 4.31944660161316 6.7742443662882
2.29053719598665 3.02543768792402 4.32007145600185 6.79268551915382
2.2926055916606 3.03106940587935 4.33762488105979 6.80185695218064
2.29198111853942 3.01926526957308 4.32295986539783 6.73364693559154
2.29294650033182 3.02347328170002 4.2774675163086 6.77647200741928
2.29547910948483 3.0318291446807 4.27846296963483 6.70893096364559
2.2979390264637 3.03164016776232 4.28405343043379 6.72643025766288
2.29689392385369 3.02950818906556 4.27078005641465 6.77448682831885
2.30122217798385 3.03011691043884 4.30628499546498 6.69962068971203
2.30179467474531 3.03052609734169 4.35519396653169 6.7181162218661
2.3072422612935 3.02303763817754 4.43704208215605 6.78113658501959
2.30447506919964 3.00880574697116 4.40467961279353 6.71039251174843
2.30415871700954 3.00687458065326 4.32146044001731 6.72538383621351
2.30630518347074 3.00511678805229 4.29950433838956 6.82627738100535
2.30467312754576 3.00196290941785 4.25609813762119 6.67418884912816
2.3003975448852 3.00927523587711 4.25704568432416 6.78809260108748
2.30214207118288 3.02024511705023 4.29638930802515 6.78572525366275
2.30078927433133 3.0241214970776 4.31215140874976 6.68792926578317
2.30160653586476 3.02075630159242 4.28457054118653 6.71100302226154
2.30076826617996 3.02673425896106 4.29257169468138 6.79284670057493
2.30314799092823 3.01250108938049 4.30078350164677 6.81067106248004
2.29760393941778 3.00334959100737 4.32069908881744 6.85989543976765
2.29769159757349 3.01708096531123 4.32592611979062 6.87755439471659
2.29415624223044 3.01984045623692 4.32310602246766 6.8908631286045
2.29854172185368 3.01153085276952 4.30477652391624 6.82004929688069
2.30105408372476 3.02848357335291 4.28798849838235 6.84086182816757
2.30235939635251 2.99823343649702 4.28994309444505 6.8350435835263
2.30428170319459 3.01346130726032 4.3078335702441 6.77910916758345
2.29879582594828 3.01351918357665 4.29040339544366 6.6747618808464
2.29734983981026 2.99943700443846 4.26427582663058 6.77012010735203
2.30074568767093 2.98640653836284 4.18757180469517 6.72042086454778
2.30484806633197 2.97195815946616 4.23938943971421 6.73271970968913
2.302449122085 2.96392615331334 4.24978825600872 6.80833019056695
2.30600151964868 2.97545470563648 4.27734794900587 6.79447223514183
2.3064707083187 2.99125735370742 4.24430416567563 6.81791357353247
2.30757421670914 2.96455810850386 4.28204286060409 6.80576259974146
2.30614125158115 2.94752084208779 4.28069041597319 6.77849359058244
2.30320737209335 2.94485213500645 4.26713377097943 6.80734452571224
2.31095803493822 2.95566054662326 4.28932228596889 6.7579389620929
2.31270344681946 2.96016203495306 4.29092782484013 6.83423725202746
2.30963512665469 2.93024828523322 4.31600502619714 6.78874057217532
2.30998748437736 2.93889861218745 4.28389714926235 6.76574831070677
2.30761776214862 2.94664556807377 4.27129030823342 6.71069845805573
2.31374956734761 2.9392329007435 4.27588635228277 6.63754383991251
2.31556760614991 2.95778557031328 4.25840545259322 6.70213405466248
2.31400256247603 2.96845648340085 4.21948978207114 6.69698255643285
2.3098089677712 2.94943912260024 4.2175464297087 6.718983560137
2.30570904207376 2.96285623947442 4.2989345675569 6.6601896423878
2.30784617679614 2.98157400939152 4.31322661424937 6.6894652260612
2.30913071840666 2.95183701410033 4.31738725352128 6.65945668882941
2.30962507436282 2.96561371155583 4.34234465168293 6.69951206103056
2.30672290517709 2.96895524382264 4.31414324448227 6.65054394091739
2.30756186953582 2.96077459485091 4.32688217301346 6.66991093144524
2.31106794995739 2.95842593399559 4.32816002152673 6.73226066074566
2.31002022372349 2.9839588888006 4.3449631158447 6.71678213285818
2.31264571572822 2.97640548970207 4.3127308212663 6.71331808680845
2.31053484151976 2.97239045787381 4.23396520833048 6.73994134115926
2.31321617140002 2.96935486898093 4.28487159759731 6.74411383329427
2.32116153009256 2.97343446837706 4.27575595494884 6.84858253918086
2.31879305988515 2.96449055752823 4.2684196506074 6.88019965615738
2.32026174722577 2.97043973802713 4.22198429132679 6.75334717273197
2.31943693302369 2.97193420048434 4.20937627417084 6.73708872418097
2.32113710084188 2.93435169773545 4.28752636821738 6.72866623574186
2.31796975010736 2.9318657679392 4.29435525584796 6.71216673645101
2.31817590573234 2.94416657160484 4.28927324153532 6.75415860704184
2.31716318682358 2.94287380991575 4.31777537813044 6.75962963046147
2.31242609993704 2.95718517501344 4.35562806460261 6.75055321991939
2.31175644640272 2.94805142474018 4.29206304263213 6.82351293108791
2.30866839407763 2.94148008170988 4.29073403315371 6.75763141712102
2.30905400542038 2.94512817007679 4.30120412033713 6.76382107529766
2.3083262964262 2.97577898358159 4.26993045526177 6.82655087787534
2.31163326589503 2.96770676702685 4.22571468970238 6.71909104135436
2.30817212804095 2.97730054319054 4.21988510142849 6.69762986648969
2.31287776768917 2.96872954902189 4.24474808727431 6.73389980771222
2.31686925116673 2.97235884257634 4.2748939229765 6.73157350645853
2.31837033870362 2.97066972943966 4.26440010416662 6.71792873384456
2.31760174483495 2.97577857898505 4.29220271202388 6.77036623923546
2.31591880694334 2.95446879423289 4.32991732032096 6.7910017356121
2.31800742625152 2.94904133322585 4.33597680520571 6.76871109684662
2.3199221829881 2.94392499865406 4.32478535306318 6.71113393978879
2.31960589938276 2.95418556326605 4.38053270191025 6.65969626759005
2.32234372532866 2.93736836136204 4.33149663032763 6.66430494485913
2.32334722775624 2.94321601210206 4.31594263322346 6.66895335431058
2.32568865879028 2.94965017408407 4.32876665249183 6.7451330523201
2.32090025335273 2.96492145294918 4.34359037416 6.74262087362268
2.31605815178376 2.96781279410858 4.33194561034563 6.72401084840309
2.31779181030193 2.96385292674008 4.32392497527775 6.77178837526306
2.31883810386719 2.97978964239806 4.28852395858209 6.85137476642843
2.31598469712171 2.95703741986553 4.26804373544106 6.84842073589753
2.32143933952035 2.93616525487693 4.25263462105202 6.80229112201061
2.32537068039297 2.92221981057987 4.26542155301994 6.82357823587073
2.32646654011557 2.93422815192034 4.3016390193511 6.87103205584713
2.32426175469531 2.9368429229715 4.27123423840005 6.84591326097605
2.32341540156948 2.94309479062712 4.27418941332438 6.86480125720238
2.32305543140667 2.95046097898818 4.34397550246223 6.89763419414916
2.3268310539779 2.96028334706443 4.38637618266073 6.8775988008551
2.3286841419009 2.94698971576841 4.37822096347648 6.76147359570122
2.33075691444196 2.96078998252851 4.34687833806288 6.74692240285219
2.33195366689763 2.93494292747234 4.37769361739625 6.71141816716663
2.33225352850622 2.93085203337784 4.3712276662557 6.72532528138739
2.33278004248642 2.926093934525 4.38604824121552 6.63783870404514
2.33199301696827 2.93726269248329 4.39701875937644 6.732346495103
2.33155230914468 2.9399040092919 4.43716145364173 6.74022678241786
2.32882023681245 2.94962890970144 4.36839723205438 6.75912792852741
2.32690772391829 2.94957400381509 4.34693439118664 6.81941497536523
2.3281919415024 2.94004592776751 4.39956876832257 6.80432412076436
2.3267647408377 2.94242999603036 4.39440158729793 6.91742681212929
2.32840334363859 2.94198333865774 4.3684060251164 6.79913869494028
2.32741880480085 2.94722963633611 4.36866447155637 6.72178940604565
2.32423225040006 2.96841696887509 4.36239670696016 6.73281596671259
2.32536677547194 2.95980342286841 4.32026972730763 6.72223159127967
2.32743828423931 2.94659744794855 4.32985411080466 6.67837263580639
2.32434573951641 2.96274337546356 4.31900306544332 6.61375708815396
2.32468486696406 2.96895106848168 4.33774465329317 6.62956577483892
2.32577850689921 2.98774958882231 4.3524885794217 6.68092582617295
2.32877640478361 2.97801331690023 4.31955954320391 6.67963502265333
2.326477974402 2.95263384756783 4.29998996196081 6.65516130251687
2.32737284643697 2.95573843562152 4.27657401571932 6.65907636283098
2.3255588013357 2.96420897215755 4.29941523734392 6.78752665530853
2.32179898522654 2.94118430696541 4.31767201984192 6.6807974509593
2.32455224111904 2.92676971052847 4.29814560462781 6.67373686989991
2.32258309923184 2.94188582909606 4.29766202932531 6.71118990473505
2.31826157830993 2.93641414390025 4.27768584997581 6.73619605427328
2.32059184670875 2.94237176804596 4.28902697942477 6.68235696182651
2.3181760170752 2.93835068291192 4.26306632859191 6.65184991919441
2.31847976841106 2.92966523589548 4.2809162495877 6.65566370326744
2.31863160806397 2.94569160524788 4.25761502066136 6.79165214323403
2.32078690052381 2.94150708563899 4.29952274211428 6.77398089789994
2.3254303511325 2.94731915988872 4.31375768328101 6.71051553094761
2.32868107351108 2.94560142451244 4.29637003365012 6.73934473904267
2.3296999401743 2.94562548037434 4.28619898091434 6.72310568843737
2.32973432015971 2.94902041641266 4.28482313336624 6.71575620414699
2.3295181446956 2.95263318415227 4.28739430607419 6.7787588508959
2.33308339006815 2.93919477936865 4.29893246626729 6.7743565089288
2.3333086828891 2.9219047426225 4.29227857432985 6.83217793616072
2.33058898617318 2.92768927504899 4.32503591220721 6.83529371045599
2.33188911175041 2.93737607175522 4.31951365857639 6.79264605826109
2.33315768334371 2.93903401964138 4.28986432593891 6.72202505527996
2.33093682451396 2.9651399491402 4.30895087960349 6.70252789843743
2.3316875385266 2.99212096134327 4.30750936170886 6.718528426118
2.33200917334484 2.99848934146844 4.32585122878025 6.71955855271198
2.33239919755774 3.02229900579954 4.35207285914417 6.76244368518542
2.32791456232077 3.00306515034047 4.33518865752296 6.69441688304651
2.32536995234059 2.99602805339944 4.3618245147924 6.7189007845045
2.32506979564832 2.97837739101182 4.38667838479138 6.7107393982313
2.32530735721113 2.95554804453956 4.38842968626453 6.69745464340212
2.32210735368359 2.95686621932845 4.3702596019593 6.68200893143888
2.32265084259154 2.94801900439426 4.3845442753846 6.74308158025502
2.3263328748588 2.95682964430527 4.39609075943094 6.68622741427777
2.32873614727844 2.96059720138223 4.43734522152347 6.67735418910069
2.3290043617926 2.93374218272555 4.40857993302648 6.6826235526332
2.32808470903681 2.93338237299381 4.40850873566357 6.68374087291602
2.33148512570233 2.94436264904518 4.3999251005454 6.77283915985062
2.33170119452923 2.93497058968472 4.35623300331615 6.88065990164788
2.32872499087097 2.91515161146735 4.40402162077995 6.96394848950693
2.33213409452351 2.91836305764547 4.36919628894343 6.92891130411634
2.3310242112233 2.91065936296703 4.36086808852448 6.79028275137548
2.33220176370228 2.94878746335321 4.31372202906337 6.78361363546056
2.33020753046361 2.95031658325422 4.31301968272129 6.71928105390073
2.32917437934872 2.95544757761729 4.23126894085604 6.75396657868785
2.33000636166802 2.95629921301213 4.2899369476257 6.80322830316278
2.32536080988993 2.95263988143115 4.2521997085337 6.79663770185737
2.3224799221995 2.95090977551675 4.25126157253106 6.78271365538941
2.32159477880354 2.94983117845417 4.26687117550515 6.79007347427689
2.32447208437683 2.96017868159327 4.24753480776992 6.68799712352307
2.32533951210107 2.93360051242127 4.260212731069 6.74057525366505
2.3256328628561 2.94842995107757 4.29913627388221 6.7872734158182
2.322239050662 2.94047961006917 4.23706239063927 6.75470883146039
2.3238781830034 2.94124872978655 4.24800670527541 6.70422932645059
2.32786324718105 2.91989305355289 4.23924632975111 6.7740165815028
2.32370031636887 2.91169850145105 4.26466680399121 6.75613380704467
2.32689359638458 2.9067319088845 4.22025351383336 6.70097263882293
2.32787549512959 2.9210226302577 4.239023102473 6.71294488331284
2.32686168203684 2.94056229140968 4.24553328942666 6.67213207648725
2.32637776409068 2.91981308934205 4.25118846113672 6.66141194736511
2.32375006877262 2.91926479934915 4.25824893638677 6.66189365376409
2.32593868738578 2.93794394621326 4.2692194133563 6.71744637895527
2.32617842490102 2.93555594063031 4.30342208772948 6.64290836492293
2.32443423841561 2.93686354103783 4.27069102448523 6.65182222779088
2.31911334246462 2.92418576196742 4.30053252578462 6.54619787263694
2.32273544021979 2.93928193386317 4.32056946509003 6.59601371601861
2.32404612067809 2.91594769869168 4.28993073553491 6.6933186938093
2.32108372598987 2.92165371298895 4.26590521545905 6.61618403242412
2.32068227647435 2.92393351011293 4.28285740672182 6.5507805132034
2.32257731336128 2.94229045646281 4.2895550117115 6.67957834869298
2.32358108355065 2.93867387668387 4.31864946967831 6.74080128856087
2.32718689167938 2.94710256299525 4.25196556450578 6.74719446363479
2.32468113065729 2.93822902770358 4.27213192020406 6.72424685912253
2.32287073405713 2.94526554220975 4.31186657645947 6.7081917307923
2.32036452896021 2.94478757612846 4.31148757005103 6.789140955221
2.32080320611095 2.93843125332304 4.24725044510472 6.81526587658867
2.32460154567963 2.93195715497263 4.27968268193519 6.92687764593733
2.32600188138664 2.92580040671277 4.26408029433378 6.94850468620887
2.32441133098598 2.92617994032233 4.28419928528583 6.86144664264985
2.32125340567796 2.93681837970335 4.30461305194683 6.78922179089904
2.31925235356846 2.91831955653191 4.33363961387102 6.80045197647644
2.31581992107241 2.89992402274613 4.38649071619287 6.88148345110558
2.3142668210418 2.89996145355554 4.41358750847744 6.89881872711407
2.32218843285157 2.87712135860096 4.38005803782269 6.92102359445389
2.32569492328609 2.89658868179281 4.34882203123498 6.92135608864147
2.32477660115568 2.88286929781256 4.3684537540825 6.88580438932457
2.32915623558758 2.91581158326884 4.3799115633503 6.90582362160289
2.32847755931306 2.92161112107757 4.34254373281717 6.90419164426711
2.32793750511525 2.93258955971989 4.32686361477277 6.9080499768067
2.32563117306821 2.93993786576701 4.33077529128455 6.91347611976887
2.32683884554366 2.93319325702034 4.32898147247887 6.86157713898661
2.32661667225898 2.92945945762627 4.32653996913262 6.8482253899565
2.32757406630576 2.92090435025134 4.33372488822243 6.80528314073243
2.32377866968154 2.94444707976326 4.37835151707449 6.85399741522553
2.32640153211995 2.93736510544855 4.4062866784812 6.88964768006067
2.32024058240051 2.94092499877593 4.38673864477725 6.86749657194342
2.31941270293266 2.94933792927097 4.39427614973565 6.86852112338949
2.31881341230401 2.95919528301124 4.35009720742922 6.92841169680203
2.32267515621081 2.97960816356351 4.31312834675015 6.86775805379012
2.32539967119311 2.97343160195022 4.29657346139531 6.80195668398408
2.31717726094111 2.97584523186461 4.21915283029727 6.73272220147014
2.31935761180016 2.96167984707813 4.24128719423209 6.76674249334757
2.32196552389594 2.95928147706957 4.24687313119268 6.81000602748119
2.32337894883282 2.9633398744562 4.24582724351826 6.82552405138725
2.32150551798198 2.94062472597717 4.20522121249041 6.82199100659262
2.3173893376641 2.96138790012765 4.23095210592109 6.74679051601328
2.31743253851161 2.92985930325288 4.25931701209572 6.74784790975042
2.32035956987572 2.9022889500619 4.26563738988017 6.68420220159516
2.31955683557147 2.90308658463526 4.23747608201779 6.77851145329809
2.32411978634218 2.91769188976856 4.24975557481804 6.65965161949946
2.3220369687127 2.91815314640527 4.29049355529683 6.69308428505606
2.32358210992677 2.94243912878324 4.30996078329922 6.68889687819308
2.31954457481842 2.94559184940785 4.28179455001823 6.6662564099829
2.31800078463167 2.92469622494969 4.28990075299419 6.62768978139197
2.31951830992478 2.94675783101105 4.25003211034854 6.7421853453934
2.32011642140835 2.93775414637831 4.24772971029327 6.7408537043176
2.32362661469338 2.93867480282733 4.29825984374992 6.73927298060266
2.32466532692263 2.92676194371254 4.31450309438787 6.78654009560098
2.32389736838692 2.94381034536851 4.32121322571314 6.70936446966564
2.32786041053232 2.9589145499308 4.32480761679578 6.73261860598668
2.33236552822413 2.96939590866951 4.31493617292531 6.75228851037741
2.33097880870686 2.95933646529309 4.33515778029466 6.7223372057845
2.33233199673419 2.96028340893243 4.35137438707845 6.67273414256505
2.33217516112191 2.96296443937532 4.31273005945459 6.70496691875484
2.33172668289327 2.94655088211661 4.3335648945898 6.73690119987442
2.32934661657631 2.95349384895081 4.34303118490273 6.75944444050646
2.3325936769172 2.96488822731429 4.32947027426721 6.76438828188803
2.32763755469284 2.96509119314194 4.34030190807717 6.73005090805005
2.32452994557487 2.95185243958823 4.39001904172622 6.80971280018211
2.32744156538357 2.94726292244919 4.34910826341934 6.7760343867232
2.32321512896119 2.92558106669781 4.34381281256518 6.74425349643688
2.32331118785339 2.93323245227261 4.34490036428825 6.75075090104839
2.32772899515473 2.9413638005023 4.3367082776009 6.78493733431812
2.3262639592908 2.93180558020842 4.28949726314254 6.79036578434731
2.32346054441252 2.93667621580385 4.31571222480349 6.76576704510922
2.31840390503036 2.9414722880013 4.33715747325561 6.73610117462592
2.31891378768239 2.94366285088754 4.33556710234817 6.76802893563682
2.32131830767612 2.93283373354536 4.29666273278884 6.7660836938661
2.32217999562597 2.91851032545017 4.28008342291163 6.82263346738044
2.32133656332403 2.92844756932498 4.27662672753865 6.69534939886724
2.31859118239489 2.93688828780886 4.28887019917723 6.82476363674996
2.31514251364384 2.9433756446908 4.30924888019553 6.83706947976494
2.31326700095823 2.96185547995097 4.27599742401838 6.79848622947394
2.31294901277358 2.92785698788217 4.26083352072399 6.83447122494298
2.31133143340267 2.94433663463541 4.26686862294107 6.78148826531901
2.31284402035755 2.92562315552816 4.26557617457451 6.75666856800816
2.31740695339578 2.90936304311442 4.31262000322053 6.77586549974659
2.31469920462806 2.88243172282655 4.31708210929156 6.79972961566642
2.31207971813689 2.91172423759949 4.30906507049946 6.81894393115369
2.31212151951676 2.94355223658514 4.33323602083344 6.76209228101306
2.31780011023769 2.91574356713495 4.34843983253022 6.83932563390433
2.31320678697378 2.9217134060795 4.33973391832667 6.86315938007769
2.31698648704756 2.91195203022869 4.33536515081678 6.90478449956768
2.31729374875086 2.92495188856963 4.24827499170316 6.93813349074026
2.3181145995858 2.92472375143613 4.25730416149864 6.95728683422088
2.31941989149422 2.93188358300593 4.26047542183214 6.92501782009977
2.3202952961136 2.95002288085658 4.25532552734274 6.85224902556886
2.3232840933725 2.94397159916256 4.21580394540153 6.81750120167664
2.32662144531642 2.96334105511747 4.22542298923863 6.79447236006958
2.3243596158103 2.93877946654089 4.27789875744575 6.74653528629632
2.32361129244732 2.9277313251437 4.31129908593744 6.62113158557413
2.32044867140486 2.914725096473 4.26517835206882 6.59601264287656
2.3220238591842 2.91160937399092 4.25447346037823 6.62109068810351
2.3223503997071 2.92692232529333 4.23442250153562 6.67362025840264
2.32482170626081 2.92866686711831 4.28284604521435 6.73872337920564
2.32470206620713 2.91170732920668 4.31382051398201 6.80721399051515
2.32867040537793 2.89656763345363 4.26955621635613 6.88624372366146
2.32794015759265 2.91414514481118 4.28403773402833 6.87054641924249
2.32705240682337 2.89999972589853 4.32659193528659 6.79667523131281
2.32444707033245 2.94416837347473 4.31623765848174 6.80952579404507
2.3225305132672 2.92467550152456 4.34370141302932 6.8314615597629
2.31912654911569 2.9361899472168 4.3272592857448 6.87331455300931
2.31963960536492 2.93700110404492 4.3049203862948 6.80288753093988
2.31599649014633 2.93370707593669 4.30361349193191 6.82444279545096
2.31604112865793 2.9178052074787 4.33314537988731 6.81375273960628
2.31891991038293 2.92584144655602 4.30911264178595 6.7895310800775
2.31999920598768 2.90113013290635 4.34507830614565 6.84572334479653
2.32037666422034 2.9302510557196 4.34661765377236 6.8782103134788
2.31876815868553 2.93715411874288 4.38456997510592 6.82437895907394
2.31743572741849 2.93733781145302 4.40156978074295 6.75245532931643
2.31514864859313 2.92650343884889 4.40850360026304 6.81996410972848
2.31257798849703 2.92941940605047 4.35024701647644 6.7629140411905
2.31476117757978 2.92071628787917 4.32953733984898 6.80527638684035
2.31338746571377 2.92276121695142 4.28385819729224 6.84569420158795
2.31712272388102 2.93177764912125 4.29605542493406 6.86270056698796
2.31627104213736 2.93125558567181 4.25054502787498 6.84460377035865
2.31375657327169 2.9229597924894 4.26362592483634 6.85055740721833
2.31410716352561 2.93843541235802 4.28646496610179 6.85653780264721
2.31498120402178 2.90472554033806 4.29067628685782 6.86592079426761
2.31231771827986 2.91049730756114 4.30259976258366 6.83829854490275
2.31827252435299 2.93401318725091 4.28323836558157 6.83809073266436
2.3189286650604 2.93183159950279 4.2869540705129 6.81519488480091
2.3221904954808 2.95946404568817 4.3320381216388 6.79124227402244
2.32387695274444 2.95521010187888 4.36345473484017 6.77212403996463
2.31993020854074 2.95814875222795 4.36228577620519 6.74587168997583
2.32308819799965 2.97203124593765 4.33010005315899 6.79375013319615
2.32522383943094 2.97402441177205 4.32362458178367 6.76617013510145
2.32403676547466 2.94385488701876 4.34362189369917 6.81056788332621
2.3199755020517 2.9396526675591 4.36358363340852 6.83160481571149
2.3144658978682 2.93398453897113 4.34776834037605 6.86242471719076
2.3186679840492 2.93870967752602 4.32477918308494 6.8401773671579
2.31926890706032 2.94996498366001 4.36386352539667 6.84353834655006
2.32157653865945 2.94376898177415 4.25055674378373 6.80336818658704
2.31444602984697 2.93010313181625 4.29408945216026 6.89186214313104
2.31427429414527 2.92177525681196 4.35338421070878 6.87767843434134
2.31539308369471 2.93496578823218 4.3189480127279 6.83846151971536
2.31528327093904 2.94354669523393 4.34334583308795 6.76355496497279
2.31275583270866 2.94868794651524 4.32068808455259 6.74232986967478
2.31433312549645 2.96722320246897 4.36680836811922 6.71068191195829
2.30943350075193 2.9713380469334 4.27999663198112 6.76986362927063
2.31079040637631 2.97829549476483 4.24284734715787 6.79701114708707
2.30804887355903 2.97789475758749 4.2259593790932 6.72214086024719
2.30317947103378 2.97807917773633 4.22998492306972 6.75887108565393
2.30332836764898 2.97409298928925 4.23940194272384 6.88018368219947
2.30087584373443 2.99109946533589 4.24432585234437 6.86636237836468
2.30164626741564 2.98035514667318 4.23710812583711 6.91088814119887
2.30561519881032 2.9737977209709 4.2356084815649 6.89078031688171
2.30575571274298 2.95675562071859 4.29435641917303 6.84362030335893
2.30692436244255 2.92839036099462 4.26948552090182 6.9178887117667
2.30399953923305 2.92218677317073 4.24281186697119 6.85868301242114
2.29950271892261 2.9236026878757 4.26965001698111 6.80534143445981
2.29962067476893 2.92404358925543 4.27978697362514 6.7609225336787
2.30017379761045 2.94192835174861 4.21823986479622 6.7158146645983
2.30260259926368 2.92540428608762 4.27325787694836 6.66833868033052
2.30360066116038 2.94125588166906 4.26071983912411 6.62709457044638
2.30259457995864 2.9536267690985 4.27298509389805 6.68970583177512
2.30107204694063 2.9379971630016 4.32021258361226 6.79070594006994
2.30274459640307 2.93458540241299 4.3428885254962 6.75684643088428
2.30664818773677 2.9371030857966 4.31982518595255 6.72089701559069
2.30901236245699 2.93457852010227 4.29774138418997 6.71279193428197
2.31134747245532 2.94036888531968 4.28613737731878 6.65740594554911
2.31180614178666 2.92594689222949 4.25802879244873 6.65048980877163
2.30648085607111 2.929782919335 4.24709379204265 6.71440749517194
2.30437445315842 2.93640196244776 4.2467742756757 6.69677130551328
2.30434125807294 2.9235716311651 4.29061656430084 6.75163152614719
2.30194384991783 2.93605267573805 4.28692165337675 6.83327933421598
2.30207060825133 2.93404440874321 4.31398136826201 6.86533977412251
2.30752471717619 2.92976347873947 4.29214330646297 6.92365529099115
2.30733152444461 2.92210402119352 4.26809622487341 6.84962575049633
2.30774046906483 2.91923913814616 4.33077367033312 6.83410381464802
2.30436766428358 2.9128231686335 4.26811642881209 6.88263463605294
2.30476623840106 2.91434653104738 4.3005518280603 6.83733208198158
2.30334853316236 2.91275915872066 4.25540891991419 6.80380695773874
2.30425456548406 2.92245244884709 4.27089054334656 6.74838272612686
2.30474886364008 2.95094569169324 4.24970691439302 6.86486696303474
2.30163894161017 2.94087713883952 4.233834424683 6.77633386404254
2.29992914142324 2.90716036421111 4.23158040951274 6.77311693555373
2.29977682056618 2.91718860713862 4.24607000075704 6.85402895246408
2.29659168011468 2.91304769109041 4.24045044542095 6.94645623573537
2.30042978081493 2.92183337006378 4.19360771140089 6.91891765146822
2.30357297879043 2.92976520812349 4.22283459753502 6.92145917855139
2.3031633204394 2.9271282065843 4.24482183826678 6.91278043001209
2.30036502339197 2.92388634332469 4.21022080472621 6.91678291653619
2.29694962577826 2.95008708671869 4.16859537282001 6.94072209642514
2.29529305179325 2.93728792458081 4.18574712461856 6.9054565121919
2.29950177058348 2.92873118172521 4.23712250069709 6.79024175713167
2.30256316777235 2.92061855169276 4.29631927505633 6.77931115138665
2.30241017156389 2.91408654208997 4.25252973751898 6.80404113293382
2.29706816388327 2.92796909149713 4.28222971904381 6.76732750090795
2.29447222491463 2.9458700329746 4.30468992448959 6.74090515551273
2.29371315574433 2.91963274560291 4.2964151949968 6.74074659389062
2.29259954930769 2.91789367151596 4.29706058846488 6.77979618941256
2.29312214754472 2.91404559530237 4.25994453866722 6.73243367623427
2.29177265377087 2.91911082902054 4.26207535175474 6.65629854652994
2.29392764673879 2.92083640694807 4.32980708023589 6.6326088814102
2.29034636954383 2.92749831125139 4.31244029041422 6.68078839154503
2.29065188890141 2.91774310385753 4.32376669291802 6.70856611951585
2.29218381952114 2.92117635255548 4.28975632590242 6.73886698621485
2.29075250043635 2.93088448436034 4.30904544782969 6.82425605620309
2.29135409569227 2.9367135981773 4.38489153837605 6.76394274357186
2.28732705659249 2.94653867035273 4.3722769035802 6.80301996442598
2.29169143151867 2.95231717536546 4.31000579703633 6.78609576896788
2.29343926178238 2.96425429976631 4.3586562324627 6.75016468710686
2.2990217156889 2.95267611939004 4.26524585522475 6.72408676801586
2.29574785024553 2.9457271715022 4.35020388846779 6.78595077419774
2.29577821611305 2.94210113472441 4.33160587922856 6.73992320144442
2.29222805695949 2.95764572244525 4.39467336771373 6.77218726434258
2.29060504939147 2.95364904332634 4.40442228181078 6.75659785864998
2.29303464622936 2.95917665237926 4.3339721160914 6.76776196118349
2.29085284058073 2.94519871013981 4.27674349046933 6.70736948400461
2.28546728427868 2.96069312729262 4.23847289058956 6.71567793705427
2.28228004134974 2.96782111984486 4.24425864597656 6.8478625002468
2.28742278154476 2.98137867674722 4.27515360791468 6.89607848537512
2.28579921592651 2.97205123423104 4.27307923318338 6.86006684663967
2.28642927712354 2.96353421536013 4.27357769104752 6.78388052010165
2.28531312855065 2.959782287822 4.25128268454401 6.78729027938864
2.28557005636198 2.95737931960176 4.25310337003666 6.71090896145483
2.28776478763351 2.95433993834375 4.31311160215038 6.63097766405259
2.28686652025957 2.94848476682453 4.28133536475494 6.67244379399808
2.28497721935639 2.94721827165975 4.26019664600275 6.62620244263615
2.28531974438944 2.95904602620407 4.27410371006283 6.63238131966973
2.28316502338492 2.97510491945938 4.25605701421106 6.65451711031992
2.28830702090099 2.9503762452083 4.28770440066261 6.79655088624249
2.29384966806879 2.95288746759069 4.29016210889107 6.73267001111209
2.29464698706506 2.97662251727213 4.2751736177125 6.83483546775821
2.29313211422367 2.97045543502007 4.26232016215185 6.8115258006627
2.2956547551569 2.98636139653424 4.28674443764227 6.787698880443
2.29479144963753 2.98068105792305 4.27892513130215 6.67441152778048
2.29360235143178 2.96344187633866 4.27697259787604 6.71298411613549
2.29379840553072 2.96440795782074 4.36703718333526 6.71808511797381
2.29240171915589 2.92844165941458 4.34358610137715 6.62274108268185
2.29296246966372 2.89478656940121 4.34187095842426 6.70431623003096
2.29123965620832 2.91465633719765 4.34081434594086 6.6142406169652
2.29155914589437 2.89923819715844 4.30944999345929 6.65891234385251
2.29211390695445 2.91287192726784 4.29866551766663 6.72452055666819
2.29511085787874 2.93222044607062 4.31757026322526 6.74037513233436
2.2938860504603 2.94368171731419 4.31413471827688 6.78560062385383
2.29069661010295 2.93634297757443 4.33081099428538 6.74156850346175
2.29083920877108 2.95306716112294 4.30622031640787 6.76218129716576
2.28540806201899 2.93804728186962 4.29255406499028 6.68864455509444
2.28596606503875 2.9501301062227 4.25938763167052 6.78494033663235
2.28154999547029 2.94603166440184 4.276462296541 6.76377622034554
2.28191564136745 2.93790611507849 4.28438800258774 6.83913008481314
2.28439003651177 2.94760495604627 4.26146357881125 6.79251158099958
2.28208934418599 2.93875019352723 4.25114213592159 6.76290011406813
2.28174189781895 2.92195028997923 4.21057632767826 6.72865697327814
2.28228220571174 2.92794645046664 4.26282280178575 6.75414147064425
2.28347483133815 2.92213254453632 4.31000998728133 6.69285547624538
2.28179101612507 2.91311238816949 4.32916081894916 6.64120531547684
2.28242433838713 2.92108913488411 4.31821868998256 6.65481170319404
2.28151648892094 2.94327957470664 4.33976619338293 6.71463963958052
2.27979560342206 2.95027406631718 4.33187746560746 6.72542510135258
2.28142843841548 2.93649236301315 4.26114224049704 6.7793618645974
2.28254630633289 2.91884286476213 4.28100049997256 6.83661048887549
2.2831751434384 2.93879874262832 4.34180683383018 6.78547808311585
2.2825231631665 2.94917910738797 4.32492113388056 6.76207222235682
2.2801014787498 2.94636009597941 4.32377408058353 6.74747285834751
2.28158795023059 2.90892337405771 4.37263025595386 6.84624414628853
2.28027177216722 2.90822702232957 4.35967441434998 6.86347583912089
2.27920489455931 2.90900385913475 4.3556357302621 6.80564856365742
2.27916834594411 2.91291005123582 4.30774056574597 6.80668790578783
2.27746813959436 2.92736394655069 4.31559219404817 6.79615877921916
2.27724637083693 2.9300860488335 4.33673657057356 6.78180035139317
2.2771133011048 2.96573878537323 4.30615949978791 6.75845569312245
2.27575304170948 2.92624725915338 4.30348174391759 6.82969434290373
2.27549929708338 2.93066566431351 4.30077220527636 6.79169362910171
2.27147514920628 2.93782495362343 4.3235896489609 6.79115758203463
2.2708245277273 2.91532628459732 4.28231237146238 6.70914008461286
2.27140154593404 2.90747940769333 4.26165389789892 6.73015652495439
2.27403780009149 2.89408537838433 4.30488086451074 6.79019322789247
2.27427232878485 2.9214004837689 4.3127925878588 6.7488612844016
2.2734631184766 2.94367869109653 4.31706286714866 6.83785648004072
2.2704622107316 2.94279164483258 4.31616457473381 6.86299728911696
2.27050520126934 2.93235339693049 4.28461285814969 6.8211114132324
2.27024655082872 2.92451958832048 4.26235959508602 6.91021903883582
2.27164559006265 2.92540264034557 4.24179959960872 6.87427101720919
2.27594886678439 2.92058282878909 4.27992444744152 6.87609987758251
2.28209517691146 2.94503306721919 4.22952974938527 6.80165117684438
2.27915513348026 2.93907483022661 4.22353920372403 6.81523525562298
2.27918389831912 2.94542000240807 4.26678110910295 6.75572292169401
2.27472752989136 2.95001080272673 4.29159339433784 6.653843648362
2.2787407543134 2.94209680923614 4.27756192013126 6.69829700143486
2.27655485922598 2.93997634774165 4.28253486457688 6.64071802856878
2.27440244550105 2.95394148930003 4.23595141087484 6.7207442207034
2.27343929872134 2.94574935153245 4.23454540815248 6.70666388621161
2.27064890846285 2.93529168799413 4.19910746377452 6.67742379524535
2.27077755526344 2.93693243178287 4.19620923149394 6.68430155126948
2.26548958443336 2.94747165205408 4.23839365804742 6.57728739156609
2.26752640182307 2.94231625438326 4.25343476888565 6.62253383433796
2.26905647660023 2.9380276657544 4.29420496135047 6.59232835426696
2.26632304847887 2.96196396801601 4.28649016105119 6.7301399948721
2.26490027158286 2.95236492882563 4.22817064266877 6.80163168141436
2.26792113455886 2.96381843618265 4.22288610195964 6.85161445075742
2.26836425876257 2.96700101744098 4.21215228591475 6.81880870271243
2.26821242038444 2.95561461305487 4.21720446893939 6.72727608847847
2.26878203079675 2.94171580275817 4.25063899828699 6.8515535024038
2.2715669927114 2.94982886207003 4.29643209171584 6.7261982927059
2.27210364477423 2.94044356333356 4.30217525618739 6.7458602541075
2.26840273788703 2.92713442664732 4.28619622396303 6.80320270767701
2.27299961990315 2.95596587419112 4.29400907148723 6.73227047298453
2.27480253053827 2.91416777420622 4.30719701257937 6.76757589415252
2.27500557755691 2.89747710681417 4.30050179164605 6.68474314485285
2.2758682157708 2.90046791212729 4.29134510371125 6.74721463281315
2.27297235330296 2.9017638742641 4.26157915820068 6.70399283497514
2.27549555491615 2.91461803613644 4.25027780401269 6.74147234243639
2.27879541276799 2.91228403783562 4.27356659611135 6.7119592291202
2.27886510451166 2.93114661117837 4.33582963169244 6.69962275147068
2.27538564876798 2.93279850478965 4.3417907876034 6.73507806882742
2.26713897350454 2.92923991439374 4.377916540414 6.77131975236558
2.26766968563927 2.95460938886388 4.3823509881899 6.74863272736143
2.26709638111931 2.97606322685392 4.36666362587056 6.62990891638568
2.26792298872881 2.96905259596084 4.37604503717985 6.69736763611688
2.26926831814199 2.96082036410963 4.3894694739981 6.6886644646826
2.26647910454898 2.96569838119246 4.33884031401265 6.77208539020744
2.26835404230895 2.96145181280502 4.33281950833461 6.76138871295493
2.26591542194291 2.95291291950956 4.33445829160387 6.79314421402941
2.26403116291452 2.93525322040672 4.39816173972464 6.794925772635
2.2598164952627 2.93608252878248 4.34874156417165 6.87413755283384
2.25808261768395 2.93262890438051 4.36695313317007 6.89531152097781
2.25384381363084 2.92790920921597 4.3725765654246 6.83699635290182
2.25194624353002 2.91365766719875 4.33481902224839 6.82029746208602
2.25557372118932 2.92368766589248 4.31879842211351 6.79680653220882
2.25909436030499 2.94180732268404 4.35202107189328 6.8047542558282
2.2598985124078 2.93249019996224 4.37221386338994 6.69050382626887
2.26191918904012 2.91728905222668 4.39473854922886 6.75334369116305
2.26314886913891 2.91519671535458 4.39481060833183 6.69828326897914
2.26483614130957 2.89637686823574 4.38920576170905 6.6733244214219
2.26423197409466 2.90116496072846 4.30053408251363 6.71026674709705
2.2673984328392 2.91536861260946 4.31038636400352 6.73414911287202
2.26636614398155 2.9202068004294 4.29582037979205 6.74280227097406
2.26524383520458 2.95961605627055 4.22860021163955 6.77279326818601
2.26362620589382 2.96462689857968 4.25517026059615 6.73019469580135
2.26260338428144 2.93880909369945 4.26882205613597 6.75978731357648
2.25720439106903 2.93683584441528 4.28110244492359 6.73016133610837
2.25695409918603 2.93981644868413 4.29993317846015 6.72542466441597
2.25823458452179 2.94550393050112 4.32570080964769 6.81167267029793
2.2578249625227 2.9568548851666 4.29535553735299 6.78950065076307
2.25503182253159 2.95617731801412 4.27144925149633 6.80825766290567
2.25258749495493 2.96951107059152 4.31185371372852 6.73567052799322
2.25416605018315 2.97010075039931 4.30629870887705 6.84799523800026
2.25460814843327 2.9538013011234 4.35334801269741 6.91781085673498
2.2541211478639 2.95291539123568 4.37108059957446 6.7697814960323
2.2518165150589 2.95271429284029 4.31403653642785 6.78475703578228
2.25212319227759 2.94863947642617 4.33447894502609 6.75495711852821
2.25011954752084 2.96338003731812 4.30832636751316 6.7831031612501
2.24992094424422 2.9692927494514 4.24816448028983 6.65675506087851
2.24815807247151 2.93138927475123 4.27499076847095 6.76275749685422
2.24498761906987 2.94393211191062 4.30984941783381 6.70634710499359
2.2478563848404 2.93731969727352 4.29226973260962 6.66710448741644
2.24149334924139 2.93228903990541 4.29188408741343 6.63602954779015
2.2428961822777 2.94080176724104 4.33739592511556 6.72090776123695
2.24802639092289 2.92925789881359 4.36656499026247 6.69357023296673
2.25056954935709 2.92692934468505 4.34627371470255 6.64163401977088
2.25081236067259 2.91280955865495 4.29777161025312 6.75509033954939
2.24669300874057 2.92486666251284 4.28503080853531 6.69621443998833
2.24874439128622 2.91442855808081 4.30778351990662 6.76410793070402
2.25113919329534 2.92700995979947 4.31370316532294 6.86965321219839
2.24722922417709 2.96017345365245 4.29742158068767 6.85646624647173
2.25316899917733 2.94978870645923 4.33894875941657 6.8022593978774
2.25432145944537 2.95633411840748 4.35043966644098 6.82028543705413
2.25001001680433 2.96546952819672 4.29986107558592 6.67560092290607
2.25023375786657 2.95435570249615 4.28190329170213 6.71417176413544
2.24815965388752 2.95639645044398 4.34999944017969 6.6695957505242
2.25163522079936 2.95933740506028 4.32485654339334 6.68282899817839
2.25152625899613 2.94831788960358 4.28568258707261 6.63244627468849
2.25107690927106 2.94987066381658 4.25553233520318 6.69245957039182
2.25036234286689 2.91911573656856 4.29060964366016 6.75635128719391
2.25201845084622 2.93588155997265 4.30953658885293 6.6931817935584
2.25298346762753 2.94617553064509 4.32502613020715 6.60228035677059
2.25014773175439 2.93676015746266 4.32924770950611 6.69095756884186
2.24791472484322 2.94260830177212 4.33672995864583 6.71268347453617
2.24812950026942 2.9453477032217 4.3690131236937 6.78679259033332
2.24752521293236 2.94156576099945 4.35296597509042 6.85409203159782
2.24580505090951 2.94239673070455 4.34663913306531 6.7777704754379
2.2481227467519 2.92314715333694 4.32939013324248 6.72401640003813
2.25366355469878 2.90818571253378 4.35616858681762 6.79442046019115
2.25275256642435 2.89863305146101 4.35806513432421 6.87765227668798
2.25039331227816 2.91689179881552 4.35756190729344 6.85764973396047
2.24838526013136 2.91430833333573 4.31445544699522 6.81746900832655
2.24662897551491 2.92061603627073 4.2586834515526 6.76815466881133
2.24554473073234 2.93075377792925 4.23263310028738 6.79551144576848
2.24768598497909 2.93825179598786 4.21271189108553 6.79336968194195
2.24730902355114 2.92807855572455 4.21274178976202 6.78222315515446
2.24840492647896 2.93359587771875 4.26912432380571 6.82742935995721
2.24638508946809 2.9214022300722 4.26957694252308 6.73847247136046
2.24562839422756 2.92233807571689 4.24704951594063 6.79960769616853
2.24384854398193 2.941668874325 4.27719841741987 6.75573620005783
2.25030396574363 2.95045164465005 4.26412880135204 6.77655714292141
2.24834570546747 2.96648474099683 4.28124826372722 6.72946859899615
2.24462347825514 2.94826390767314 4.29541357188534 6.73113399885332
2.24274187149522 2.95055777419325 4.32327238463057 6.75560809232535
2.2450522422509 2.94700797013627 4.31159860603183 6.74093276239996
2.24768253540754 2.93393632753992 4.29477322482782 6.80426781568449
2.24666471320876 2.95482879928606 4.24905589513268 6.76675392065728
2.24771192866945 2.94299893797558 4.20690528790388 6.8384180012796
2.24939193091473 2.92420987311078 4.2354522539634 6.80584595018699
2.24695502284397 2.92926390512773 4.23255410338158 6.78124395637542
2.24868023805809 2.92054269516733 4.24503086966697 6.77756261847505
2.24383304423087 2.93637851753995 4.24718245019291 6.77242255307736
2.24568542304839 2.91789926570842 4.27806321756197 6.74819352760373
2.24612720489486 2.92808157495614 4.24566546972601 6.82424042920796
2.24647663182153 2.90264666487969 4.23057451708975 6.87411018866691
2.2514304940698 2.91437845379845 4.30149652324976 6.83949346694499
2.25053540952801 2.90028314554521 4.30274130697945 6.82150083605631
2.24508756190283 2.90507054577663 4.31906198205276 6.80910527214152
2.24732423778808 2.89537970764179 4.2881136834274 6.80296509336758
2.24542700710497 2.89241857369158 4.26697558300703 6.79224803061516
2.24853179726941 2.89995740080165 4.28347252528799 6.67092787012002
2.2451036046001 2.93155470381258 4.2969772715589 6.60400347257055
2.24308597132663 2.95115145899326 4.29344518071013 6.65907557157366
2.24512229650513 2.92594480522397 4.32635681914536 6.74760504504739
2.24625545693963 2.91229800940881 4.35937669280054 6.71288679420023
2.24532477455415 2.93302820873544 4.36905259321185 6.71371050883036
2.24507218308402 2.92526864554303 4.33963512800714 6.69994149773143
2.24326482643267 2.94651562342846 4.36546348466385 6.77676080922168
2.24625516660811 2.96599212881146 4.34320548075051 6.85251674654764
2.2441002611501 2.95281646901045 4.30399282318375 6.88246954612284
2.24177039670592 2.95583395187222 4.33522223398435 6.73118165873359
2.24130928846604 2.9555427986386 4.33212837640744 6.79563923953273
2.24522551951438 2.96852585388649 4.36227410713383 6.75050952708681
2.24454632841305 2.93937819009295 4.34434205046447 6.71700738015832
2.24738642972355 2.92809158142606 4.3529145092056 6.6473837573117
2.24429594080858 2.94391359407605 4.3016119083833 6.66686446318642
2.24582962320477 2.95862982231659 4.33360985708928 6.73995373368078
2.24997195879205 2.96033809365675 4.33390472998434 6.7893962402188
2.24839272904859 2.96018834739668 4.33959272772009 6.78546571282753
2.24643918630273 2.97691166845748 4.32338296172633 6.73821759310335
2.24277277176848 2.97285694137761 4.33990629662332 6.74123124590434
2.23853001816938 2.95730113859556 4.30413983929624 6.73167084864946
2.23746695464444 2.96271359457789 4.21202843494222 6.77033639206495
2.23625534966734 2.96912867042344 4.24815488064132 6.80986080392317
2.2401361484662 2.96166646944743 4.2859502366362 6.81473584916699
2.23897447054583 2.94740169000509 4.28073785856069 6.7626529872872
2.23740257018904 2.94870866297525 4.32316927318062 6.77210295843585
2.23822533404226 2.94040807021716 4.30985013069636 6.82203376408028
2.2351798194411 2.94470640759536 4.27113005490036 6.89409628858179
2.23432420713311 2.96047913345466 4.28676239190805 6.85390027247805
2.23414441379101 2.93252664268873 4.26271257479778 6.76283157304376
2.23609052750576 2.92436753306435 4.29143488813027 6.81007226096892
2.23677301728623 2.92992050286681 4.2994991892003 6.80481418454864
2.23792869982747 2.92366528549691 4.26628221064643 6.85925730455784
2.23841171591202 2.91064021043053 4.26943334814675 6.7972032161059
2.2368103611442 2.94467764892485 4.27568180064039 6.880931069441
2.23796589783038 2.93335962256182 4.27466269611977 6.90569583220994
2.23987497086076 2.95086534840974 4.32690274853033 6.83903041981812
2.24293570450942 2.93418352168729 4.32641676618936 6.94130436927799
2.24260107816872 2.94089313625544 4.31588472306666 6.77585562436686
2.23992561639982 2.94461100821155 4.29716731239542 6.80576857089501
2.24094891593699 2.93417954072129 4.27966238479332 6.84106376342022
2.24474245003504 2.91960608730554 4.28708020612643 6.77134836207113
2.24419220861144 2.92489398837539 4.29664194135528 6.80557151421127
2.24348504305604 2.94666283125265 4.27800590731691 6.78434252379178
2.24415886517995 2.94716647014348 4.30496111659552 6.81736447193788
2.24434324403614 2.95690409740662 4.32845467892138 6.80168127273236
2.24189079459433 2.96380626010756 4.2927420785146 6.78253727683567
2.24413338055256 2.97994380059241 4.275526601635 6.87877876248285
2.24694479425138 2.97908944910168 4.33924846224666 6.86870609160636
2.24167790832483 2.96107148316896 4.36994360399225 6.85980487383664
2.24263831171243 2.95763677091706 4.36858822456351 6.80089360533479
