1
0.000976130758383885
0.00148584310950543
0.00159985747873097
0.00153697288964463
0.00156935102135749
0.00160367212011214
0.00162313830835676
0.00146233435567205
0.00185472933687471
0.00165929498428594
0.00184174816961823
0.0018044885885442
0.00170207554890172
0.00171635158858148
0.00182476809283373
0.00183532878968153
0.00204995556383146
0.00196147235740296
0.0020146421005249
0.00213721646341575
0.00234679628980228
0.00248268141840502
0.00212744788850271
0.00217373978302978
0.0020550722942852
