1
0.723600899889534
0.800765872936186
0.773885042886553
0.747136033887522
0.736716353046853
0.724652019901526
0.718591115287649
0.701395048550436
0.693844852593147
0.692726551608807
0.687456386621586
0.673557663188589
0.676022719611856
0.67600941839566
0.663609762016911
0.663685434160395
0.660850634837372
0.652145937624892
0.636693860203271
0.626747888609279
0.62885144338481
0.618768208386246
0.597650594047567
0.56556271218797
0.533193755497524
0.487512019417431
0.446934215026023
0.3944735308671
0.348646585086563
0.309523256084288
0.263103587800738
0.22082277183805
0.193679960280063
0.146444966521284
0.120828844304198
0.0940885186751221
0.0703190612076475
0.0522746121350142
0.0400607104676095
0.0228368234335374
0.0123659122503548
0.00229214984891734
-0.0052460432148824
-0.00545054987439391
-0.0065871270078955
-0.00544911230738667
-0.00418288028474321
-0.00235046425152698
-0.00194449319518506
-0.00138406094259438
