0.1 0.3 0.5 0.7
0.0012344935459781 0.00276184998083372 0.0048127460492918 0.00924187779854338
0.00141734513214062 0.00382077007464702 0.0082335293738285 0.0159819518500375
0.00150329587105876 0.00476514347695112 0.00958801146492484 0.0203195242369439
0.00165957421472995 0.00416815936176016 0.0116081236541619 0.0189036323961899
0.00180329915796424 0.00539458547712518 0.0120367350343332 0.0215222944764677
0.00198581278523981 0.00687216643634913 0.0121084352634087 0.0263134419261456
0.00208736341594366 0.00708888728991763 0.015702793212482 0.0271543149107593
0.00221957138076513 0.00593373529028356 0.0110064349514349 0.0244852844646624
0.00238222376324415 0.00734693785420628 0.0135329093680857 0.0218831023529177
0.00237334271509911 0.00629234261935953 0.0162218539049855 0.0231710402873145
0.00235181845108926 0.00690440452392345 0.0152026045309976 0.027727326491465
0.00239814669822435 0.00716302141826209 0.015977073076629 0.0215171403440244
0.00236682394848892 0.00741511528282949 0.0159234875976724 0.0263184765942302
0.00244137349919478 0.00771906198228386 0.0137531461623591 0.0239616692566447
0.00250204866583013 0.00785692148435586 0.0138234137814188 0.024046816991026
0.00243974198244586 0.00807571231988199 0.0127227427662553 0.0237898585045329
0.00238891127628295 0.00829086579443329 0.0133154197638517 0.0220530179338417
0.002699837390284 0.00802800997820835 0.0151813524372238 0.030136567619258
0.00273308176164691 0.00729136153662146 0.015566926147003 0.0271720854219756
0.00262482127516559 0.00717875910442332 0.0139717277812913 0.0307073856838315
0.00258247889892079 0.00746079337368991 0.0143476683497363 0.0322640431986468
0.0023986189106602 0.00709004630236996 0.0149157411954833 0.0286317997550294
0.00247962122905479 0.00687293230474634 0.0116673563053801 0.0296791510369611
0.00246806141002073 0.00715378106688391 0.0143609220745734 0.0283426111558852
0.00261059352483315 0.00658333600569717 0.0146377723388595 0.0277212140369092
0.0029094051194885 0.00735963639317631 0.0156726942192331 0.0299525995056269
0.00283728328538909 0.00726590229252062 0.0175372382428038 0.0294126648269697
0.00265025114069947 0.00584848087973434 0.0136859669459369 0.0263226600417725
0.00280539140528207 0.00646517969254896 0.0147795018402018 0.0320159161935418
0.00254738681134518 0.00684393162494552 0.0157152445030303 0.0337504139314564
0.0024530748987209 0.00683035741660884 0.0150152011399586 0.0286771946173553
0.00263982077251915 0.00606453702470272 0.0171355100897068 0.0400810785878731
0.0026892617744412 0.00730537535201126 0.0192339527881363 0.0407093013564575
0.00279015995202029 0.00805786517090588 0.0174789384280337 0.0375181461283986
0.00293632254543316 0.00789195617163713 0.0148495779727128 0.0419485515175598
0.00277850843499094 0.00734036471402978 0.0166034825678174 0.0492563361361402
0.00283727927358037 0.00727105034844239 0.0198603659225457 0.0493978514426323
0.00279075114014772 0.00812266331406806 0.0150776068335279 0.0485354030543077
0.00268065901971815 0.00806712793690885 0.0143596081674744 0.0538814451346349
0.0027048799826523 0.00699167123960107 0.0148616007932584 0.0522378567174202
0.00238052644646595 0.00747831977336874 0.0149133708588606 0.0511314053513989
0.00266425763998986 0.00663995112095684 0.0135241866029713 0.0536278080094622
0.0023838815860448 0.00862221950497909 0.0134870151640921 0.0573466444214108
0.00237962842682794 0.00817968932004036 0.0148665931098074 0.0610774133793108
0.00243524142293604 0.00899794314920412 0.015830364975257 0.0578620029945705
0.0023088312487097 0.00681386770656036 0.0178919959578005 0.0553265390574733
0.00223809319746888 0.00807164896788231 0.0204872831144615 0.0586395804293978
0.00246629625467218 0.00811669924454812 0.0181052950158553 0.0579325032997067
0.00254372205014452 0.0073432861441848 0.017404186293451 0.0603088759305939
0.00231521355413419 0.00667374163678974 0.0192534991239249 0.0586606378380025
0.00226553656576142 0.00576297481153506 0.0194724349664866 0.0569074711101167
0.00232532868732383 0.00762596324014278 0.0182055924071446 0.0577437153639607
0.00208445687321585 0.00770429961739573 0.0173628025440576 0.0603123419567446
0.00240579270814994 0.00713416366135107 0.0167959143641092 0.058539483565156
0.00252512148416862 0.00701363831292538 0.0178196528487884 0.0594063764041759
0.00276513702105008 0.0091264421174847 0.0214071881950068 0.053692603247603
0.00241476773911496 0.00761314575151506 0.0195423325893724 0.0543547829126991
0.00254496311784571 0.00713054888607708 0.0209492902530574 0.0499359191004957
0.00247328323830195 0.00819265147887847 0.0233736818639877 0.0550837635217065
0.00247952608066994 0.00811234167186847 0.0253870729962595 0.0463048231511273
0.00269176569063402 0.00928199312387641 0.0247424151334497 0.0464732457060323
0.00276872285111936 0.0106997956320814 0.0242494404265007 0.0461476963878796
0.00272778750573256 0.00854506593243241 0.0254832991176649 0.0462800180074224
0.0027893330357383 0.00734007319433173 0.0239644453751235 0.0425314884213899
0.00262255235846892 0.00636397075188709 0.0232402629687072 0.0418994375805264
0.00301624110230149 0.00718545396399437 0.0246994241434768 0.041969757851843
0.00285572484883017 0.00662262547591835 0.0263431758696244 0.0420362579348056
0.00282890348179492 0.00763411875838512 0.0228796683778607 0.0360153923943892
0.00269029906419371 0.00664753305502361 0.0241871972681213 0.0366339376010381
0.00270371455349606 0.00680137508254441 0.0261286322922721 0.0380371829096336
0.00244159071854203 0.00787431155939854 0.0267234882670494 0.037443653430003
0.00243986335679988 0.00850936241437861 0.0288819678063903 0.0363407780701414
0.00210808583250983 0.00863523677665869 0.026169149217261 0.035678966235778
0.00207862151613081 0.00848421034159015 0.0268531266315323 0.034940572627752
0.002207019964091 0.00760751267037168 0.0274100218582451 0.0341707409102542
0.00221103850567552 0.00643865913608008 0.0286462116689337 0.0357718428899134
0.00204850524517024 0.00590738331427283 0.0300673911531411 0.0363507489849119
0.00224957479617446 0.00800012702964859 0.0273468267268061 0.0351193941679363
0.00250114839637753 0.00748549541661184 0.0239198382244547 0.0275132868597869
0.00265456404872653 0.00828410545243653 0.026690590513147 0.0307329652750457
0.00283831025116538 0.00804669890719151 0.0219036976090999 0.0308427644461218
0.00309202638415715 0.00773009672832227 0.0249935982566198 0.0276652606595319
0.00307607786086795 0.00721042552692101 0.0243389150556224 0.0300158203374633
0.00294137807334174 0.00827105857306936 0.021273656704936 0.0291001268717341
0.00297910553269429 0.00822581722555255 0.0206786706343069 0.0293066520851522
0.00284347296647935 0.00749206447739158 0.0217817993881492 0.0297446211425873
0.00273519953872754 0.00637040630657729 0.0229759140166134 0.031934562639319
0.00252628504104468 0.00638685222075727 0.0252736504344055 0.0354767884757818
0.00264568738528695 0.00595113811591298 0.0240181093953814 0.0322641353120546
0.00281767332984193 0.00633350247375385 0.0231272042834822 0.03306796435868
0.00261842622447296 0.00678800190776297 0.0246582077145981 0.0329529511242831
0.00276190617483399 0.00766177773428799 0.0221355604552929 0.0315613562150274
0.00264448329070441 0.00827468758499561 0.0250335786408539 0.0305568769354972
0.00286858792453117 0.00792452353231789 0.0241076081302306 0.0312650455339874
0.0028774991890351 0.00823619595596839 0.0231840489656269 0.0301173887513072
0.00259708616091324 0.00751880698338984 0.020566135996493 0.0298736717158196
0.00263466444312457 0.00769269543667939 0.019583440969348 0.0305765768810387
0.0026994204676264 0.0081812690441131 0.0189534061879101 0.0243977513420249
0.00257837822997022 0.00875914589681063 0.0193562501740231 0.0297866277989074
0.00266745789368452 0.0069860811987949 0.021538257886456 0.0315223172360352
0.00244685613250593 0.00815210627594481 0.0202357671474918 0.0301451903500789
0.00259274463515748 0.00870180691122213 0.0194465869082328 0.0249495423151531
0.00242572949114385 0.0087957845637686 0.0166312082435897 0.0253771128661813
0.00241342794392706 0.00901819489286243 0.0179568044313025 0.0207024830750933
0.00246865213870117 0.00808928114212803 0.0169640124152584 0.0243281114318384
0.00245298493164836 0.00808153655143724 0.0184348118106372 0.029241286395985
0.00252663632216121 0.00824121295813005 0.0208753298070524 0.0257723201858302
0.00297868735913996 0.00770541124513237 0.017676778527615 0.0241365053351562
0.00285401557876063 0.00925826337684999 0.0207807663696339 0.0249429443929154
0.00273548561243559 0.00945331863389854 0.020316091486756 0.0272212977078124
0.00273560823712891 0.00810617340846895 0.0205455369537468 0.0242829279433826
0.00276566875163749 0.00822689169063453 0.0184638770003326 0.0208130115254448
0.00270884458599814 0.00769457455328086 0.017871840931568 0.0249615361023734
0.00270916040715931 0.00896837425820945 0.0194742514142582 0.0294414211106538
0.00253812261530574 0.00914912167244776 0.014116984780813 0.0329649718869414
0.00263177149221166 0.00998091992107156 0.0151361663132068 0.0288731943008833
0.00264883078010407 0.00815344983817938 0.0163210585544128 0.0258684278246399
0.00271948436915414 0.00825418668616273 0.0154879051282991 0.0285872116797708
0.00245426951557896 0.00746637166172239 0.0140823967058362 0.0315345144280593
0.00268202981896737 0.00901575186893226 0.0145568193593315 0.0284745364090081
0.00217802961428925 0.00971790160226258 0.0146850998607156 0.0329586831582922
0.00239077842889585 0.0106666412595778 0.0159870242188274 0.0290465189733853
0.00222378635856399 0.00989835304679936 0.0154447995401679 0.0249451460090659
0.0023226358198552 0.0104040416969447 0.0166672032624749 0.0245033929370971
0.00240960097223223 0.00927622410490916 0.0150293093275057 0.0263807711135235
0.00247752782677398 0.00869170705225812 0.0136498270475732 0.0289369090826586
0.00245386026011359 0.00938825393000282 0.0145360236579551 0.026509324706433
0.00230518333643291 0.00928190527271069 0.0121627006527539 0.0297345363931538
0.00232306228065496 0.00879846509811576 0.0179982597223903 0.0235800614415183
0.0022017039342731 0.00956067441824804 0.0162048889238419 0.0282460222814139
0.00252999350959217 0.00823474273846014 0.01582075879136 0.0245695588912317
0.00262988372206459 0.00833480125449521 0.0155058570396439 0.0185395630575789
0.00261131550932328 0.00857465737364993 0.0132426580400283 0.0267369387616196
0.00253310064028295 0.00796009581586407 0.0148153261440231 0.0273673256451474
0.00230129254359562 0.00767771121743505 0.0141136418539431 0.0299191747878961
0.0021544932337506 0.00869164491920567 0.0121610648402345 0.0281063449656529
0.00231288489292817 0.00940322660802589 0.0130317130032517 0.0283462163432948
0.00224585713545312 0.00862916262398633 0.0166451654582306 0.0273512137712431
0.00244679196180367 0.00828886042382211 0.0160048318824225 0.027840024674801
0.00243019473067757 0.00849952960180522 0.0139401959036282 0.0318786615434173
0.0026250574606026 0.00905896450772097 0.0153474106713717 0.0301063550887382
0.00255292903017698 0.00836119275224875 0.0140102582964597 0.0247149529123609
0.00245497114999928 0.0089722914720822 0.0125282363731504 0.0274265798047366
0.00212805351807715 0.00848182946680144 0.0163217311577908 0.0250124956415494
0.00211305129377669 0.0103107239543185 0.0125623921702203 0.026881230663135
0.00227939019754394 0.00857663457581614 0.0162379085856056 0.0289373265186302
0.00228030489442277 0.00955679851677113 0.0157213996750598 0.0243745702515006
0.00223848319339324 0.0104483843026083 0.0123398538876761 0.0273052583405099
0.00239149650310825 0.00977322950182907 0.0140021080050847 0.025925190849551
0.00245998481533749 0.00944492722019158 0.0146155657451703 0.0263794623297345
0.00236937901539849 0.0109137369805825 0.0133118004863818 0.0256807608991192
0.00243370695172832 0.0107390866606094 0.0147425587599191 0.0255486738714071
0.00241341799282018 0.0116350106038138 0.0147016692461003 0.0234301599904861
0.0025117062897391 0.0104765565369963 0.0136516200514717 0.0229333114032668
0.00244621063954503 0.0106920207026192 0.0112091828060298 0.0266434686278536
0.00236725001765819 0.0113349295891565 0.0135116505730123 0.0272273586254965
0.00218911865722874 0.0108588462669913 0.0116042814772964 0.0272650217455745
0.00211530325875847 0.00982577694533215 0.0133179762652545 0.0276965890950776
0.00227156964173252 0.00960184263535813 0.0158756460612815 0.0333696873949073
0.00213877872076498 0.0111742119566137 0.0143747728704124 0.023599878912837
0.00207632901899657 0.0105832244236787 0.0144211218820697 0.0272500738280595
0.00208749053007442 0.00972231755163387 0.0134678302950526 0.0224667304257542
0.00213522403775915 0.0100133207448809 0.01864968994675 0.0287910808883123
0.00222954513614944 0.00993677456339085 0.0160761324654778 0.0295014771591095
0.00206260771810267 0.0107096513983756 0.0162976009443627 0.026323795962985
0.00235515669377797 0.0112920035311975 0.0133018154998269 0.0281908306391093
0.00205685306016394 0.0119887854614287 0.0127503520135971 0.028663719626544
0.00227098149940675 0.0110845592222651 0.01479881757404 0.0241756136720141
0.00229969064366971 0.0105254806177105 0.014545535117366 0.0224337784127875
0.00266136519033521 0.0104393579406237 0.015767942950989 0.0311421455719488
0.00246422063097433 0.00973532118526812 0.0162669370439792 0.0284193365916278
0.002338405298162 0.00984072104281452 0.0159501376251054 0.0235864460414153
0.00246963077120017 0.010279809306469 0.0160808900834471 0.0290560302642752
0.00229893751197481 0.0104876053326386 0.0135591815955148 0.0321560420639497
0.00229516651635486 0.0112594947432247 0.0136101351511493 0.0259269085548725
0.00224081012168886 0.0110772765407833 0.0171184864389555 0.0317344839410865
0.002096819971867 0.0101064766036623 0.0177901941499033 0.0273809176772669
0.0022670159956135 0.00867589023067047 0.0139528711806536 0.0241864110578578
0.00222253493719456 0.0104020759853493 0.0145354999009353 0.0240990375353904
0.00207885354258313 0.00983105073615236 0.0152276489724135 0.0305200392998744
0.00211947768972027 0.0100367130401077 0.0134394782981245 0.0312705053282863
0.00234910938677677 0.00987031722148432 0.0155177797920872 0.0259763423436291
0.00252580212021759 0.0101025098984908 0.0142346611484368 0.0326522077249831
0.00260478978148661 0.00939633237419149 0.0139566029664073 0.0248695225276363
0.00224710220242098 0.00994243031056738 0.016824513674483 0.02628463222516
0.00207782020101863 0.00921662159197879 0.0142772468339308 0.0280643613219339
0.0023367026271962 0.00912935868355595 0.0123145397484581 0.0301589574525869
0.00233095812340108 0.0103180285997314 0.0147074258628269 0.0258003108339283
0.00248801472680769 0.0107132720481379 0.014148015774217 0.0298088038363577
0.00266872048334707 0.0124017021462008 0.0136622427055037 0.0260687624472199
0.00276751709130692 0.0121827973944229 0.0147536320405185 0.0263844572938777
0.00268010656271862 0.0113171423656046 0.0137779845868909 0.0205209816779406
0.00240614103528041 0.0103685982122748 0.014094887146553 0.025186490363095
0.00208968934060427 0.0116706551954316 0.0163061813667749 0.032207706940176
0.00218323191946146 0.0108985817873544 0.0133298985435461 0.0318155582426456
0.0026441270800864 0.0104199019185974 0.0145371214334281 0.0321391481387938
0.00269555290210683 0.00831737812004306 0.0122055555607916 0.0336327797572746
0.0024455300242458 0.0105792470553994 0.0160304538562201 0.0249128720928986
0.00250060367248026 0.00987626503181475 0.0124097782942053 0.0261955910848105
0.00257046676813163 0.0102163275455082 0.0147554060836603 0.0340606475682395
0.00269136050541041 0.00963829652771345 0.013661469037571 0.0265347521376159
0.00283554075615872 0.00950988931941804 0.0147198705592409 0.0261553868916408
0.0028029755614199 0.0102902205597465 0.0134375004359872 0.0287449504448467
0.00289190704222123 0.00984436028058574 0.0171175502602987 0.0272370222193499
0.00310924640750438 0.00960152990601291 0.0168352644085199 0.0302796303530119
0.00286455453076784 0.00980608175928292 0.0146936468985735 0.0302519164721534
0.00271383101037377 0.00904709996987647 0.0138624448033799 0.0329958457098059
0.00270466663261848 0.00902401659275067 0.0149990387234669 0.0277147450220938
0.00276172787495604 0.00894967828365205 0.012354324020919 0.0274769012833141
0.00263560155974999 0.00873425725440137 0.0150810964527714 0.0317157945510056
0.00259204879379973 0.00802275830841712 0.0171053970241361 0.0284328216844306
0.0028123607865039 0.00843584094641493 0.0167700976289913 0.028624934175642
0.00273017524005298 0.00963411891148863 0.0109993088948574 0.0267285301218439
0.0026136346120471 0.0103912208784971 0.0134005719888595 0.0268461358083007
0.00247595045107728 0.00959962127503702 0.014340575352156 0.0210263466914171
0.00275266543341198 0.00972423886420168 0.016902565347073 0.0316951620065156
0.0030089018201219 0.00904555831774644 0.0174807038870837 0.0266106544649036
0.00318329606765928 0.00857707155243939 0.0176252499738859 0.0258310990446976
0.00303089506901519 0.00840218124526413 0.0150464584455801 0.0261659139727448
0.00306278359543521 0.00821965353834428 0.0158378218040188 0.0267180499300989
0.00300030287964323 0.00792734590905329 0.0166262062076463 0.0219271507154409
0.00281543362040251 0.00822411666758301 0.0134604810069339 0.0281395541061085
0.00281839006279997 0.008765664584732 0.0113545729142652 0.0286287168223333
0.00287980662243819 0.00893393854917031 0.0113994775700859 0.0266066052619851
0.00264448521690786 0.00887676701729771 0.0135065759380952 0.0247400490676287
0.00284954959836412 0.00909043023146806 0.0127261335148894 0.0324108103349402
0.00302655004909914 0.00863319083525937 0.0132727760529656 0.0281102225210522
0.00295271549271301 0.00894329715496969 0.0150351731343729 0.0216815329577969
0.00283742237236715 0.00858825205761922 0.0131490863479422 0.0268216478455745
0.00286703647237168 0.008935175662754 0.0147158362228151 0.0260518820652254
0.00272326807177469 0.00902525761162283 0.0146915081393044 0.0294383405432961
0.0028148298460242 0.00766317066463108 0.0150051213699449 0.0279038205347004
0.00240782138849247 0.00848831460460158 0.0156969432315247 0.0260696839294428
0.00260093650746732 0.00863385038830745 0.0144681825821211 0.0309350531342983
0.00252409124181708 0.00870796131812513 0.0161903015732749 0.0269812715848636
0.00247019623339531 0.00755655108519514 0.0124570967688449 0.025375474499461
0.00234150159057221 0.0079548680526415 0.0125928356613104 0.0269292970897249
0.00221462479532125 0.00897901347134728 0.0155047994294036 0.0264601670709527
0.00227086915491806 0.00997575522116791 0.0152031048770134 0.0243777816627274
0.00210369070241827 0.00816444814646838 0.0174115727362753 0.0224184982465432
0.00201687371987923 0.00781703061458157 0.0172088271657572 0.0291474266812051
0.00198906088769319 0.00661254522879152 0.01724903852059 0.0256088302087291
0.00203060768756003 0.00782776802760936 0.0161501326643505 0.0256457265146251
0.00220048347587338 0.00772011504888569 0.0145008745539039 0.0290022481756465
0.00216777069086619 0.00758837537347024 0.0112566435889927 0.0262773008888143
0.00227210828298161 0.00791183549943523 0.0120090785971958 0.024329747803202
0.0023637118733864 0.00868817461157666 0.0159945443865281 0.0289812951753277
0.00249466739180783 0.00754574838602394 0.0175110248781609 0.0284742253713567
0.00265406047143267 0.00728086948643937 0.0144782067399102 0.0247301433050393
0.0027421978655001 0.00824949445100761 0.0152110542700701 0.0250940114397643
0.00296187148914252 0.00760744137389086 0.0131724596093512 0.0285251789675413
0.00309854600445875 0.00790947866686827 0.0164612629558071 0.027709866399588
0.00295342243414919 0.00744669999659223 0.0179615031766853 0.0206908758339911
0.00304335796088894 0.00781677119583412 0.0166765635190758 0.0252719416811061
0.00300270366095365 0.00731578584424251 0.0177728167311481 0.025036388688752
0.00294966652816353 0.00730247439096856 0.0161557118467739 0.0336207676114388
0.00290008781668552 0.00729431849318439 0.0146154105810475 0.0287315581760654
0.00246305167849193 0.00807289502517722 0.0152181756558935 0.0250688028233628
0.00229943321737569 0.00778203936370053 0.014507503054058 0.0267470343883931
0.00238383863984868 0.00698547899327497 0.015653254114691 0.0300196290835168
0.00227492688950189 0.00709283134991042 0.0156186616310203 0.030864818156953
0.00222359939095593 0.00877654040605289 0.0148526692074953 0.0310076579870777
0.00206179668990405 0.00779004660325391 0.013894517371364 0.0289228194610972
0.00209313479437694 0.00905640855197146 0.0127934143764659 0.0265854952186275
0.00203303722366153 0.00902123883914083 0.0143591570547476 0.0238093194019612
0.00203580863623462 0.00825841301470471 0.012104680419942 0.0294661833479427
0.00224087904510587 0.0077551506352155 0.0128035789400118 0.0292127826260282
0.00236045752330226 0.00717057254659916 0.0154958644763302 0.0302064346239535
0.00229466773218899 0.00770504630279149 0.0165327892778136 0.0312375177485165
0.00218974719749126 0.00788936790917315 0.0153306247553223 0.0324377777069032
0.00249206425728429 0.00694135554039321 0.0167647004592867 0.0321934916162551
0.00234085983128047 0.00857875696089695 0.018685781160098 0.0297265332764253
0.00233360876663399 0.00714413889480864 0.0165984186248876 0.0287571240927025
0.00252425138379989 0.00816448095213263 0.0171314035693789 0.0275934411066807
0.00266520097196946 0.00812807769778591 0.0149918511235629 0.0302745680156301
0.00269967454402055 0.00811374969924447 0.0175159163181316 0.0234688750273172
0.00269311584261186 0.00694506628738421 0.0147315920905259 0.0232640523010201
0.00259995691838536 0.00692172754374478 0.0163710110692215 0.0238480805414677
0.00263260330598232 0.00659088116811127 0.0129269947077754 0.026310855177049
0.00259283589908842 0.007151263899791 0.0146768606208299 0.0297882583009987
0.00242314671044516 0.00650606741963416 0.0150996786400907 0.0252963309264376
0.00261013868710621 0.00718177450592105 0.0130386297379878 0.0295322918462585
0.00244262993101544 0.00778400150301998 0.0157789398287025 0.0294266941635989
0.00268550176174841 0.0081512627739316 0.0157105233654502 0.0291621816005743
0.00299770246975285 0.00822876822818863 0.0127183367799921 0.0325366573927865
0.00292263642836566 0.00815906898682918 0.0138617004586987 0.0299270370126102
0.00273653639504262 0.00767973631002397 0.0158514895409703 0.0268025905358723
0.00270726764624738 0.00717065750221444 0.0159739608019944 0.0283893754621259
0.00256806328465051 0.00810941647981848 0.0146793239438777 0.0279428767179982
0.00228376893157982 0.0069038056667575 0.0151376193828628 0.0280700850847695
0.00205703147200508 0.00706020998905126 0.0148788727055422 0.0277699714622969
0.00226621804931708 0.0068755905730754 0.0157943088262283 0.0272137775784147
0.00233571494363568 0.00694263529331969 0.012424569929247 0.0274176326866149
0.00242859468174767 0.00687600534445319 0.0150226394944612 0.0244693991554203
0.00242033962239034 0.00710628876540451 0.0144382394851996 0.0239898176103211
0.00226778946168836 0.00752073069705991 0.0126117038325646 0.0239064775583297
0.00229930721739046 0.0078449988137731 0.0125174464557167 0.0271635261895986
0.00207998701934365 0.00806393295249601 0.0133247396978467 0.0284896662265132
0.0018811400455826 0.00733662483694752 0.0170765791552134 0.0299266678375069
0.00194274488649553 0.00766452165706526 0.0179389140313259 0.0300270770954524
0.00206169044957714 0.00787458497526156 0.0146079841416647 0.0254657166895172
0.00232009830103359 0.00686251309275708 0.0111747542060579 0.0277807840974606
0.00229538678766527 0.00688283958566928 0.0142952593269227 0.0292065806477373
0.00222289333598741 0.00666565708268119 0.019698348389537 0.0284718775596314
0.00231935782806488 0.00679421014763717 0.0174250761652685 0.0314736225223383
0.00218458385312285 0.00705529325725492 0.0188129879548211 0.0335614763906187
0.0022415168023029 0.00670573510275875 0.0151536640782363 0.0244787807441453
0.002070008915169 0.0080275034929838 0.0142618776029615 0.0292941009882678
0.00234000751348288 0.00706712123855692 0.0142894640485059 0.02315932511705
0.00238985604255751 0.00697383281547302 0.0148775878286128 0.0239353530347742
0.00224421934675299 0.00713775933219863 0.0150953270418976 0.030042653454282
0.00222009617217543 0.006992461210543 0.016017347460782 0.0261369912602846
