0.1 0.3 0.5 0.7
0.0017005007786227 0.00315809891120507 0.00497484900520497 0.00829363926189933
0.00193200181263321 0.00362834263777276 0.00955453279161764 0.0140842235854374
0.00184865963039124 0.00423692601392121 0.0109745116251055 0.0218470538717421
0.00186064378683075 0.00543232975547843 0.0132820419862417 0.0234544636303309
0.00179834151305153 0.00753704201345039 0.0154509187956879 0.0247173113260149
0.00175959915563282 0.00796420897795323 0.0158552975048495 0.0279784698053598
0.00182460681003676 0.00666125435773839 0.01701876313141 0.0322928237528219
0.00221755780002191 0.00674349245985522 0.0142184059321063 0.0256800938571232
0.002097401229316 0.0079808367932746 0.0153205263117994 0.0311089914440991
0.00215085667839255 0.00816772434881411 0.01578474234775 0.0294949794608792
0.00208925689474615 0.00804972049522044 0.0172667426518742 0.0261839712585084
0.00224510250529476 0.00792886705303032 0.0171802775318765 0.0277081014289238
0.00229537006749015 0.00711361021145064 0.012220946520305 0.0340939460496037
0.00238614215978373 0.00710516578117295 0.0125545667054391 0.0296243815606721
0.00223186143367448 0.00738384007274058 0.0196073821079029 0.0330836483037645
0.00228720615085808 0.00806297760331511 0.018285409443303 0.0338222266194497
0.00228454684120525 0.00759074895190332 0.017231530098462 0.0328105344771179
0.00233486857294624 0.00884157590785541 0.0170420067296882 0.0386139258128792
0.00244070062935175 0.0077574905634417 0.0161887283452134 0.0364221514715182
0.00279735934507781 0.00880032382200944 0.0175002928238389 0.0304058301880294
0.00263964388101644 0.00865799865869092 0.018312114892946 0.035636146976904
0.00252109422766828 0.00862881059084085 0.0202091598934768 0.0266871668863325
0.00258129138436618 0.00734934252038854 0.0195453785156976 0.0301126840316871
0.00237933810833176 0.00680747524277589 0.0175772309059156 0.0315341951097323
0.00228441875819582 0.00706647719870619 0.0155995435324406 0.0318507344429253
0.00258353209525707 0.00697877919268228 0.0194117035695566 0.0316077557547016
0.00249319598164622 0.00734180044050488 0.0206949418391248 0.0338220018727342
0.00243263531741693 0.00684378356885798 0.0172516544736851 0.034120676179278
0.00270735638540372 0.0076814487425162 0.0188407327566021 0.0358875671840919
0.00279983592208493 0.00789730339274925 0.0194430786405687 0.0415629199379801
0.00303898295094817 0.00811519232807594 0.0202586573073278 0.0353322912775675
0.0030508833393151 0.0090960232225139 0.0169630389766306 0.0378684494895928
0.00303130742399952 0.00913401958561378 0.0175186230362846 0.0403874342471355
0.00294895669436696 0.00822543498201934 0.0130576130015765 0.0417130786243324
0.00265291175577274 0.00769278716406524 0.0151927543620693 0.0402153672270302
0.00237790793689612 0.00808082104751861 0.0177760784619256 0.0448480099128014
0.0023484686997204 0.00767254946546822 0.016188846418863 0.0447887258399295
0.00242201456765603 0.00714306963419921 0.0152939325570427 0.0445613247688502
0.00252754387134011 0.00908147090072168 0.0139153050820303 0.0510324936306876
0.0026937561615056 0.00859225067374457 0.0210129156252752 0.0485038838264189
0.0028963591007929 0.00733755862846068 0.0186100205643655 0.0507521782757715
0.00294461262705293 0.00753324047953648 0.018593430301432 0.0525363855949467
0.00270847172684178 0.00640195579311062 0.0154201779255622 0.0552049967482116
0.00265347342649387 0.00702252900064934 0.0174085176581701 0.0577775783081402
0.00285124519953539 0.00757244874833202 0.0192769106550742 0.0584655089908915
0.0026306546394475 0.00724330082412167 0.0144390003327453 0.0579157227064234
0.00292238882192858 0.0076626196327533 0.0174698370006717 0.060243893856315
0.00266926457001181 0.00972344040866867 0.0215974991591303 0.0569878728934771
0.00282844847176615 0.00983834153641341 0.0178821482132115 0.0674166104009376
0.00264780077991824 0.00901528482378808 0.0181901155997927 0.0616387477700466
0.00258567879287162 0.00946169349096963 0.0196973364148288 0.0706715278895352
0.00300077088023504 0.0111596613848058 0.0187063979953616 0.0713003205663255
0.00312401733520261 0.00948843194020839 0.017832221851262 0.0679157594516815
0.00326057871630878 0.00826556619064396 0.0198562534091896 0.0683509469160949
0.00349452200349383 0.0101733005041386 0.022048631504562 0.0595199324387659
0.00336822409296486 0.00940376601055751 0.021982102252472 0.0619195420107758
0.00308310164389419 0.00929546389563173 0.0192983527376927 0.0625895572168411
0.00325701290371547 0.00940786096461062 0.021920195578544 0.0546157071387997
0.00321814453008842 0.00730133205787185 0.018603658788975 0.0458962795429154
0.00333901013881855 0.00750536711416874 0.0222981876944075 0.0474604073021127
0.00339677892811481 0.00824504141136806 0.0234490049367212 0.0529477907343768
0.00325992523559127 0.00794909315581814 0.0258134462298195 0.0520098145427723
0.00320423286732227 0.00922494175287428 0.0240544667788775 0.0530417411615484
0.00336179923812485 0.00896521150466987 0.0280669986993012 0.0530167401872646
0.00358000699467981 0.00912739245984952 0.0291734122515602 0.0503252417864523
0.00343229825827171 0.00819041988353003 0.0281110174467243 0.0479682670978061
0.00343556279372396 0.00902139163718028 0.0274887488060516 0.0445727889474514
0.00298206816942568 0.00936104788507063 0.0244936833316309 0.052259088712251
0.00301029877944869 0.00880971973331442 0.0281236016562551 0.0506974848622292
0.00273741940923997 0.00819557073770726 0.0292873542774739 0.0461200091621257
0.00229216216694178 0.0084832425646331 0.0324768269911427 0.0448435487425058
0.00229338721079891 0.0103076303775029 0.0313660827983785 0.0390927840892989
0.00208053662804784 0.00960006147616814 0.0288071812960103 0.0394775739868876
0.00216046115031701 0.00874122184230392 0.029089763409341 0.0445701915419409
0.00243605640376907 0.00851938453795188 0.0301700104791573 0.0442113277740413
0.00233607312097063 0.00994428659321104 0.0249542928479447 0.0401690796429698
0.00240470887832105 0.010019939176587 0.0293966202530627 0.0408981616649069
0.00233529077125663 0.0092935844288437 0.0291726480795809 0.0389094374517623
0.00240870574596769 0.00891176148484769 0.031507794413549 0.041740648771908
0.00252813681761218 0.0083208960496923 0.0317482251946767 0.0360045004488987
0.00254844122775146 0.00859301810752257 0.0339143028581391 0.0358156972672953
0.00242114359147072 0.00954927082638592 0.034481170826851 0.0291152526474181
0.00229147266255674 0.00946173026756251 0.0323457536610908 0.0338216399087465
0.00249454596737211 0.00949515407647911 0.0296391595183537 0.0406163009518554
0.00262206605359262 0.00949067510295027 0.0277971824500491 0.0380314773958942
0.00263282652287187 0.00924398284283919 0.0280803866032558 0.0337362931236367
0.00254931726566479 0.0104405717272538 0.0264577319115548 0.0362557234719981
0.00255583854614439 0.00930695318729918 0.0257707194378801 0.0389875945418892
0.00261361117040255 0.0103170124855947 0.0282197672942494 0.0342213881049314
0.00271743757350934 0.0105429275342072 0.029916282287917 0.0319036773155393
0.00269949526852145 0.0097703263050822 0.0272847519864854 0.0308268889583953
0.00257335749732743 0.00990524597264587 0.0290399970471463 0.0304092256358608
0.00252860874228117 0.00911388887686531 0.0262629522373091 0.0296285086542634
0.00293272927897994 0.00788266592563412 0.0263116687088574 0.032729873076319
0.00278643591661815 0.0096408040651348 0.0289806465722138 0.0432802674095095
0.00277877929605416 0.00902636649718533 0.0314960779155398 0.0393753979464034
0.00308139983173585 0.00983842140097803 0.027802543090812 0.0369454793341152
0.00300050486033846 0.00906803628482334 0.0274433551464812 0.0424104164179735
0.00300705628269381 0.0102645659898819 0.0275785834322799 0.0298647253625321
0.00296017027251156 0.0101840429523629 0.023544285153524 0.0336452218515137
0.00288245638726681 0.00906158769730402 0.024682162455384 0.030076430162616
0.00308768378857629 0.00876700578207488 0.0290346472729996 0.0345687791874004
0.00269324986732977 0.00822950826131482 0.0267484447048128 0.0324674954694104
0.00277212348795263 0.00907249291507911 0.0211125656813564 0.0384209221092392
0.00271745679568108 0.00937087300975757 0.0237400854921373 0.0362948194776498
0.00279228052378423 0.010270025566188 0.0265598030770908 0.0346946259992541
0.00287626254045496 0.00992382837367013 0.0238435248516988 0.0330165282286312
0.00265924216493017 0.00888795991260076 0.0243413097656347 0.0355042082139085
0.00268239888026893 0.00946752413080186 0.0242674756445436 0.0322363281921722
0.00267963102271081 0.00963871686810033 0.0242294464342917 0.0371268456213595
0.00288191661706925 0.00922211357096493 0.0273339743406845 0.037650695956921
0.00277711984935888 0.0101660254474591 0.0272091939605071 0.0400478026231082
0.00286043329400842 0.011147943153907 0.0240088397582217 0.0253641612423291
0.00284436933255934 0.0119715746119904 0.02424926480461 0.0318471499977781
0.00302949581124308 0.0110399438917388 0.0240005059944081 0.0385235683085536
0.00298093920020087 0.0117792072207612 0.0219795592741091 0.0379797354610897
0.00278256394177582 0.0108352311613378 0.0212718431416884 0.0352828806287724
0.00298040525690021 0.0111574972305334 0.0238496796020873 0.0351911614448939
0.00245521582071758 0.010947551888489 0.0248262590372364 0.0341350179554457
0.00279212977918614 0.0113781520695151 0.0221429533661922 0.0370263330495784
0.00272262984987525 0.0111388918509361 0.0203267600929727 0.0338581915948376
0.00302828735501459 0.0101242473625011 0.0203234297914465 0.0286697047600059
0.00271602691409259 0.00988584891240432 0.0217557462070292 0.0298934611110052
0.00282421001524865 0.0102401496437771 0.0194481456984777 0.0361771566856381
0.00272571763528181 0.0103144670146692 0.0203122263061402 0.0343731081317222
0.00267557992504062 0.0105025858934397 0.0175070276183649 0.0309276210531832
0.00285099818499538 0.00971806344516934 0.0177943678681446 0.0360297757909845
0.00279293205283754 0.010540607355206 0.0205522361042356 0.036268619954559
0.00296007574773786 0.0110806108838294 0.0205653724802442 0.0392717999747998
0.00264601795374991 0.00938284040928283 0.0203635212847308 0.0346393717263955
0.00282144577016421 0.00895531139109433 0.0177021807666351 0.0326003358446276
0.00282203734962504 0.0101923342988972 0.0218733792846128 0.0324481754032127
0.00287612306469045 0.0117201331208824 0.0207068735720509 0.030960802086643
0.00261543707041061 0.0107654443647388 0.0181004700542971 0.0382318928022613
0.00268398583870904 0.0109687981562043 0.022148176971746 0.0388179138711265
0.00278150693517803 0.0109885743209405 0.0213572902987158 0.0301001317169881
0.00268031993898784 0.0111009592216761 0.0220224444612976 0.035547230452255
0.00286194682521123 0.00993407477391613 0.0221360435033495 0.0314737219592354
0.00288155924590088 0.0109523649604307 0.0185240444560693 0.033791218580951
0.00254749932266083 0.0115666325637878 0.0176913096502221 0.0363462528735632
0.00273794333556088 0.0110732451280902 0.0181163446988589 0.0414899093336187
0.00273557968686409 0.0108633061265022 0.0156905587435515 0.0409421342281893
0.0026447628518495 0.011052602271064 0.0162118122497682 0.0325230902848859
0.00298841100631675 0.0109028663300846 0.0185122870002955 0.0311203451637058
0.00276374255681133 0.0108699129100582 0.0205709159210006 0.0345476850103758
0.00288579131480068 0.0122715817130733 0.0163172078197252 0.0345404113302938
0.00294751254587739 0.0136433269751401 0.0170112381989733 0.0340577740153449
0.00293527095778291 0.0117737685950192 0.0191397840254406 0.031475085260349
0.00285476188560677 0.0120739381418199 0.0161669620624693 0.0289388171826946
0.0028179528186897 0.0114699269868024 0.0197906698699935 0.0350201730015818
0.00284404547956905 0.0113917637961528 0.0158883085184501 0.0401595347985817
0.00333349492221134 0.0117135916404555 0.0146062517235382 0.0338830733106111
0.00301485763768192 0.0121735489121144 0.0153232167551612 0.0299384303051803
0.00306533467347852 0.0127100981469432 0.0198989889230519 0.030986574336742
0.00310161725774786 0.0124487789453348 0.0187820428913659 0.0378070444354196
0.00299321593915559 0.0140689848938423 0.0170186474486202 0.0310155075345923
0.00309633905523659 0.0124331032497306 0.0181229295283468 0.0356201484183663
0.0033026956324289 0.0114547897076668 0.0152703985519435 0.0338692439516458
0.00320785972129411 0.0114748718431897 0.0189035675466672 0.0380904714348558
0.00306480894308135 0.0116637045498904 0.0170004412896659 0.0305877880175399
0.0031776108310308 0.0117930280525443 0.0173863388767816 0.0299412830964102
0.00309889396908223 0.0126452346100101 0.0175438502151653 0.0336444419352157
0.00309244495090189 0.01089887718616 0.0187291341550623 0.034560068882064
0.00315080803448197 0.0118258194397954 0.0212902355643306 0.028166493779823
0.00318856306446436 0.0112426484233016 0.0229510446070149 0.0296894478246968
0.00309193633486662 0.0110116325082043 0.0170784432217551 0.032935719560081
0.00272688399509755 0.0121174571517284 0.0169620387000762 0.0321516318585165
0.00260463286179775 0.0137739398372911 0.0174393390349565 0.0325129548371104
0.00299428823130215 0.0129894008498788 0.0165340156699329 0.0368890536815213
0.00276171296311403 0.0128240850488378 0.0151855825942333 0.0411457292883259
0.00265674229872389 0.0128723125525931 0.0180500732047493 0.0362000893770592
0.00269260910136617 0.0125680243962731 0.018772090946645 0.0302191847735374
0.00266856678949295 0.0123580635558552 0.0159202721128282 0.0299221818591559
0.00239695132830364 0.0115411844817665 0.017036384398668 0.0356238714105971
0.00274707484068236 0.0113663334498567 0.0168441065332123 0.0429771420682541
0.00283133570157969 0.0114334912857006 0.0181930081664339 0.0395653838624325
0.00288726688777048 0.0103199891688419 0.0166609081691451 0.0351276700966725
0.00291604178690195 0.00819839523151597 0.0148957117932335 0.0304393400025289
0.00307423648224544 0.00955467388875489 0.0160979969481447 0.0325344912427174
0.00282866832919066 0.00850302465355352 0.0166215840104722 0.03019204907178
0.00277887295048838 0.00965748249753082 0.0165627605009719 0.0326915870722765
0.00301828751153115 0.0090659439426687 0.0183788598676734 0.0361003451520151
0.00298305482776796 0.00992877859768474 0.0164812525064234 0.0358226611569709
0.00304721088895939 0.011175091021429 0.0170975807703008 0.0372613006899715
0.00295612935292445 0.0111209593840017 0.0207504028676144 0.0343445100267797
0.00277137120365743 0.0106574778226812 0.0178828066847946 0.0337595443968541
0.0027845390864857 0.0103747359412376 0.0168023671279307 0.0325864722144084
0.002936137892322 0.0106984382284247 0.0167994263616174 0.0254606958993608
0.00279972540081265 0.0084870158435997 0.0183267518613744 0.0275570414439885
0.00286629375295116 0.00920733027484876 0.0156475460725628 0.030829201317237
0.00294934295753225 0.0109432924524435 0.0203703916794656 0.0345242318994054
0.00274663662207438 0.010682776959846 0.0175168311614309 0.0295792763571037
0.0025832140749215 0.010399588444976 0.0141392964717456 0.03179794941405
0.00285581838235014 0.0101507563028779 0.0163659357358172 0.0363895122624975
0.00292649810376115 0.0108151008567576 0.0182461861105248 0.0388838891560759
0.00321055696994619 0.00941583389742641 0.0156305923118936 0.0367578347283445
0.00347772450824163 0.0109172264114039 0.0149484081319986 0.0298104124374492
0.00335704063857822 0.00946309188009374 0.0153175105977736 0.0264415565802244
0.00331736409496854 0.00970443453313333 0.0180158940061129 0.0340968363773562
0.0033521142024811 0.0106198928732577 0.0146337305352984 0.0294341177382655
0.00297539220629546 0.0105715370351745 0.0157982316045814 0.0293585058430766
0.00301864444267389 0.00991254906404112 0.0165993699454011 0.0296887342239263
0.00303849805352088 0.0110039266205155 0.0155592871921948 0.0347875248769095
0.00342747814247638 0.00991000357967526 0.0152127920377945 0.0309539948122976
0.00352580921018863 0.0104612586386242 0.0159965606906508 0.0288840478713178
0.00346474209384776 0.0101157431845453 0.0174783305666238 0.0297569230118549
0.003331281637047 0.0108973982901146 0.0174133662875276 0.0340178323499147
0.00329388387010269 0.0102222493633431 0.0158506965891918 0.0321685273483524
0.00301963723396588 0.00905688961372411 0.0164976256575024 0.0320020448009992
0.00318680096884715 0.0102830340001181 0.0180345847101867 0.03657504351931
0.00290961348644123 0.00866454469585927 0.0183713273811609 0.0327837823620893
0.00270143318987528 0.00857947948166479 0.0187332884048751 0.0318350505298113
0.00256725279540877 0.00803882680404604 0.0187845388358571 0.032185768781734
0.00267765651024607 0.00848449659904348 0.0186087070719269 0.0277235065203858
0.00282909276731296 0.00924895086687104 0.0171423883174903 0.0365986562366812
0.00292448077922561 0.00912101792379449 0.016797195976708 0.0351301237211968
0.0027239935557129 0.00897395336628293 0.0167416768360198 0.0284319552319313
0.00316484409297719 0.00864688007570964 0.0133915774187034 0.0322174462901911
0.00298064421611791 0.00836279996470853 0.0165722114820341 0.0374399677520964
0.00327426104250817 0.00890766330551157 0.0158146073256293 0.0333043846805611
0.00310940543425905 0.0090706898715005 0.017157645445399 0.0317763969901364
0.00321008808951455 0.00889330282972399 0.0156824249359803 0.0310696462518398
0.00309497857801523 0.00905079578418856 0.0195770191059659 0.0311622087025868
0.00320607479064293 0.0103133576576937 0.0169425389274602 0.0344814938381274
0.00319041662049071 0.0102121696886988 0.0166577591066377 0.0334426361275368
0.0029663534947544 0.0104326572502796 0.0169890534003861 0.0323957954353762
0.00287666021245079 0.0112136789204167 0.0176531251760395 0.0327046362836778
0.00278087823194033 0.0104504386424124 0.018637570405926 0.0359194902922052
0.00287226004829708 0.0101219928314992 0.02017879594493 0.0310379397160449
0.0028712019212905 0.00908742858538842 0.0188802529527585 0.0291021818557104
0.00294818755870327 0.00984504334780799 0.0164285796599304 0.0263094800376171
0.00285430261195326 0.00877381024088668 0.0191463793593107 0.0298349547584674
0.00275132220037728 0.00878812215360062 0.0172358714636038 0.0342482995393815
0.0029179150462881 0.0104805055925242 0.0147931298672698 0.033861854390755
0.0026884700671541 0.00988315519550231 0.0154233221389288 0.0266013813002248
0.00261443759173453 0.00860879991349099 0.0187679801043899 0.030444874902784
0.00270785042060138 0.00888538238665793 0.01737508323445 0.029563757703291
0.00267935450117483 0.00767939674720977 0.0164853828642454 0.0299768610551755
0.00283334515567573 0.00766001087956261 0.017147243766205 0.0325333080599478
0.00269866105360486 0.00880649864644556 0.01953841589132 0.0331868845106586
0.00278969429177852 0.00929557734097345 0.0166208933973351 0.0325589229814684
0.00265488440594891 0.00951376667191963 0.0159709651957301 0.0306558875667754
0.00255921064125845 0.00863817245078162 0.0145437836148672 0.0330828375529667
0.0027233039328304 0.00924195835970793 0.0184097688471934 0.0338137210581401
0.00234366188662871 0.00911156787742536 0.0179932131011821 0.0307783076933832
0.00237956673009685 0.00817724054450007 0.0149296580621325 0.0299561630834626
0.00269614890313979 0.00727533440445439 0.0155861057172068 0.0283538799672931
0.00258717116958305 0.00842818445864488 0.0164314719375193 0.028143554905611
0.00279976265257439 0.00904810556640583 0.0175954161244046 0.0283978867266493
0.00275286792225189 0.00708416937798293 0.0177497757448995 0.0321566539688192
0.00267094949318442 0.00869847244551857 0.0150696965102552 0.0397640659571912
0.00281810053984831 0.00776286561827174 0.0184791577267051 0.037248109093104
0.00253590108610643 0.00667340710206302 0.0186468585307158 0.0452399553860162
0.00239165761913367 0.00771976632612495 0.0158554835405961 0.0424319693104012
0.00279088604764087 0.00873923163214611 0.01806985822049 0.0332536317903394
0.002800598724542 0.00814093516699136 0.0172708122067814 0.03252558825511
0.00253364046528918 0.00819098731159933 0.0178207840183643 0.0318338964743731
0.00264196531367352 0.00886558993806244 0.0159067399571465 0.0265700377776391
0.00258402235353802 0.00884077928572282 0.0199728262803144 0.0323080087486124
0.00225393651089275 0.00984457403812841 0.0185097788317924 0.0316639184808988
0.00255088215804644 0.0100763726388233 0.0194546600628611 0.0338658857939882
0.00246597598147595 0.00898009888164166 0.0182014577768652 0.0375002047416925
0.00250405908867822 0.00859158733086791 0.017354145295504 0.0358310850796976
0.0025437720804662 0.00899198416761384 0.0151616943031966 0.03773084044196
0.0025564191249808 0.00903933743816509 0.0152306377256395 0.0339884632449276
0.00259668472098872 0.00879393571416137 0.0161916697045853 0.03642346672084
0.00259835250470966 0.00803523441498299 0.0145370865407922 0.0328177168981379
0.00280013016954257 0.00744174251902298 0.0166627398735615 0.0348806969848297
0.00268374805630966 0.00874794396887483 0.0179456756851236 0.0359579558584469
0.00289023515591137 0.00872413803233756 0.0201230326168425 0.0344974965446228
0.00278049181287442 0.00862069519898192 0.0158887753661561 0.0327332633691729
0.00291518687413893 0.00752398055235195 0.014989836973186 0.0299541502290245
0.00323818456267497 0.0098464427805053 0.0156312056739361 0.0280450868965628
0.00311218250659569 0.00750234620270239 0.0147367883142939 0.0319755045622989
0.00317576128041721 0.00825034735978612 0.0157911888116417 0.0352155678506841
0.00260337679558339 0.00912060776164789 0.0191155111950881 0.0322997267776915
0.00268520017626374 0.00824972141974092 0.0156493434540626 0.0299688171192284
0.00265558395238838 0.00745919496825911 0.0159587231575439 0.0281562461059227
0.00282408470407788 0.0080920302199741 0.0182700148968566 0.0406860435561222
0.00290310557567148 0.00946381097558271 0.0164030378806738 0.0341741634582753
0.00278038663697396 0.00796028432216082 0.0163752843887636 0.0309245223441251
0.00279251492383024 0.00712349406490235 0.0148582538738853 0.028365563877522
0.00242391708096118 0.00804808397997648 0.0146107152726345 0.0316418284383889
0.0025828249505218 0.00751586786147486 0.016785838237675 0.0366579563251773
0.002578389242335 0.00826877243148904 0.0180519204166033 0.0323798498455964
0.00258844719660833 0.00815341517430397 0.016085819764721 0.0315606939014148
0.00255050446580943 0.00758742581743085 0.0193505979699959 0.0315577432101845
0.00249677097874031 0.00744195013064368 0.0147087625252187 0.034107707744403
0.00256574974424528 0.00787534683116439 0.0181728597818189 0.0308787767570482
0.00253538643820101 0.00800280039496839 0.0194154326354849 0.0310945599023246
0.00254743893044139 0.00805782076931451 0.0166275614210017 0.0331658059261846
0.00261696030223114 0.00678868358921989 0.0197776675509501 0.028329144015812
0.00265105107048001 0.00739976476016734 0.0199155600124476 0.0274137203943675
0.00243372580480822 0.00777336320909513 0.0182478216808532 0.0277648376229143
0.00262692702663513 0.00637914481370656 0.0189508148395643 0.0261798560512988
0.00260594094094621 0.00755189106879086 0.0174252893884513 0.0329345469908717
0.00267960357898504 0.0079578835535996 0.0179919963754855 0.0310375066202171
0.00255332194148814 0.0073514606584456 0.0170716022898089 0.0338650235243762
0.00243177605693115 0.00760770557172237 0.0144201971134716 0.0338290563708007
0.00239343951745304 0.00883461119725167 0.0176499155271439 0.0340979357307963
0.00256676502899229 0.00740824728129662 0.0168376108322486 0.0274682848396922
0.00256693241078228 0.0070300349459717 0.0194543106385434 0.0352529164461058
0.00276758466980642 0.00793639173573869 0.0182787131434488 0.0322107584083967
0.00315204444374298 0.00811583798933694 0.016487605271107 0.0294385335172759
0.00320074052240743 0.00861354994124928 0.0175173197445539 0.0327261077651972
0.00314338859990452 0.00936175478415751 0.0171399204161885 0.0262268474972277
0.00350739803439509 0.00959338090814575 0.015425060526982 0.0370689047924856
0.00342555363774488 0.0108819485773247 0.0178471740463649 0.03142103718518
0.00326289076966344 0.00949998491061788 0.0184784859046245 0.0351836641981526
0.00327554203279671 0.0106164353533747 0.0182135436981279 0.033148105713082
0.00296072316765028 0.00995378750851421 0.02153448745609 0.0344670118893689
0.00298996800294573 0.00800959383021222 0.0172751414952845 0.0327487816228476
0.00314741427780793 0.00689435721924112 0.0145920101929144 0.0347813789908325
0.00291172072132273 0.00853817150444948 0.0161398162561286 0.0365693456973268
0.00327684328959385 0.007261324809103 0.0165338247378658 0.0398126890150518
0.00320046854197258 0.00651938594347812 0.0204161183436736 0.0357862383194831
0.00321425124066758 0.00723811095324498 0.0195923344678886 0.0343479161240055
0.00280428923271994 0.00770734344995694 0.0166762392860164 0.0352220150278105
0.00317315393551602 0.00790896068751262 0.0154622452256882 0.0386893631578973
0.00313431316083742 0.00750606584404056 0.0149013527600264 0.0393748085860128
0.00324007253478901 0.00757992994235115 0.0176479814815043 0.0354843570190781
0.00307851472483599 0.00783451252901571 0.0149528754998204 0.032109380877293
0.00305222742545388 0.0075701882735915 0.0172892887972324 0.0365452150282709
0.00295837057922488 0.00717767906377502 0.0179700982079188 0.0402901420427924
0.00273481142030341 0.00834628430698956 0.016545636974172 0.0337275625363861
0.00266303713105616 0.00592579276472191 0.0136636917483435 0.037057086298625
0.00296911518366822 0.00881878759756719 0.0171299558473787 0.035898130609653
0.00312539136401583 0.00778656221903645 0.0186014376328023 0.0346817915347311
0.00319701782691304 0.0084449499437833 0.0189984852916978 0.0330786051438592
0.00326114271493702 0.00910606825786188 0.0227955280752734 0.0283662384750625
0.00289788319439244 0.00900530732339555 0.0209349377427083 0.0293355541947922
0.00313274876729597 0.00849845475095061 0.0180094344859731 0.033283676453978
0.00346325507127814 0.00822065085301305 0.0207584755931197 0.0273901243621626
0.00336144502992523 0.00762354633653597 0.0180745441328401 0.0248897164613058
0.00311720799673291 0.00795845293787983 0.0152775466823987 0.0331886147277497
0.00305579097908304 0.00703704020591073 0.0157073330868083 0.0314217331634449
0.0028095217402776 0.00794301642870164 0.0188388280094732 0.0320282857673751
0.00301623225635111 0.00879125353858015 0.0157210608299326 0.0321300372863043
0.00279736002446147 0.00792008157482744 0.0138620155881134 0.0340013400719258
0.00273291465129902 0.00820164340148991 0.0165001160088312 0.0313851446433119
0.00246202347922833 0.00806191278823505 0.016336716509276 0.0328375642253429
0.00265395041324398 0.00791054249872298 0.0171348657311819 0.028415067432901
0.00305184797872259 0.00731986134301777 0.0165238398259333 0.0369604310268928
0.00288507879616754 0.00885074170734064 0.0183568700934861 0.0330903351965767
0.00275796366206215 0.0084286664656645 0.0189436195938466 0.033542134893802
0.00276124444874794 0.00927722747767781 0.0185767324088374 0.033308578909436
0.00295221201051251 0.0101145398218771 0.0160061639513108 0.02793429781431
0.00269259372935605 0.00819291809068001 0.0142311703655312 0.0318683805455381
0.00252221244886415 0.00761639232945792 0.0186435793850576 0.0309558143422233
0.00286964040251937 0.00814864698587044 0.0204929049716548 0.032230912551465
0.00290333712350525 0.00812198818086855 0.0201221113351955 0.0354417315027922
0.00288659155381551 0.00879177676575619 0.0172878860399247 0.0312396720685653
0.00263063775088543 0.00948269594802462 0.0160074349660322 0.0330983959669302
0.00277609041374132 0.00803918268098195 0.0186256348105499 0.0293852125177613
0.00270307603604717 0.00751529031719577 0.0175892714084592 0.0307035785185267
0.00276038400142022 0.00763685896338034 0.0148587075889666 0.0284823433122998
0.00262873746679516 0.00897982463574857 0.0190765992272121 0.0321008390115298
