1
0.72488819975852
0.773241024917443
0.766298524813744
0.757007146666099
0.746105495269286
0.739380797636431
0.733814123081097
0.727181231498512
0.731117521291019
0.722838527725751
0.722388058680376
0.723450009181819
0.728931223740093
0.727773704756583
0.722537734649632
0.726387695655321
0.725057434575062
0.729146685427255
0.726793146890483
0.730918848719903
0.732067753275539
0.728584715262475
0.728139968906445
0.7244978745531
0.731724619532386
0.73036627963904
0.732524088312194
0.735005558407622
0.735952509294544
0.729728820868147
0.736281405978621
