1
0.00116763642016149
0.0022967591826852
0.00274255159502265
0.00234973414444543
0.00242216181087567
0.00248654383675449
0.00238827844309806
0.00259032668492264
0.00337749793732132
0.00298431687951214
0.00297270576803635
0.00294566133353347
0.00295784683549012
0.00314075949982452
0.003540428909373
0.00357602032629434
0.00338406255991868
0.00325894361012305
0.00358249891659849
0.00341502458312211
0.00339975203689798
0.00332142563649675
0.00388968569292233
0.00387491599959579
0.00399426745596616
0.00470303238693382
0.00378863627750653
0.00436893662587876
0.00428705705890043
0.00410701134880408
0.00469098441173097
