1
0.00130193558318208
0.00404454291151166
0.00434509454545023
0.00553268240393081
0.00580253751614655
0.00558356773272155
0.00545356769562998
0.00671378415682102
0.00732994274485184
0.00765888804197455
0.00755061654592235
0.0084674301880809
0.00911522609865719
0.00936461637773787
0.0101577496578607
0.0107778866568304
0.0119630195828468
0.0114286938941142
0.0112972913320867
0.0121231437303362
0.0140465182160833
0.0132273288129759
0.0132618300990003
0.0156014554108991
0.0177663349526374
0.0173314477604258
0.0191309480903567
0.0205798794524956
0.0200825417697873
0.021617912360738
0.022350272349287
0.0197561198247414
0.0209863365917144
0.0167907769187312
0.0165558754596438
0.0158244757040301
0.0131511137174933
0.0117020745218874
0.0110669890739815
0.00847599149793729
0.00699834987290542
0.00562450399721157
0.00446526381071875
0.00414824851244103
0.00301536812245793
0.00272444683396841
0.00211551168558656
0.00198120971734443
0.00084685003988986
0.000675576378055261
