1
0.00136072260860344
0.00182768159882301
0.00172119673127033
0.00200654750570482
0.00174887110932532
0.00192994245212384
0.0019938763252456
0.00191015312802544
0.00205458315075693
0.00218042639489692
0.00248183505670604
0.00247781102846304
0.00210688037964283
0.00229782565279717
0.00245869658038852
0.00226822491686387
0.00232069191009564
0.00258249689999084
0.00250591226827926
0.00286066532112143
0.00260142728019372
0.00296435792024126
0.00287815762842019
0.00267258650307376
0.00251271864123266
0.00260816249395405
0.00212740158755532
