-0.310367 -0.220194 -0.243933 -0.234322 -0.293569 -0.2293 -0.211445 -0.288652 -0.268991 -0.302335 -0.197 -0.260875 -0.334079 -0.222921 -0.174563 -0.221857 -0.299074 -0.260457 -0.186743 -0.191966 -0.284279 -0.343961 -0.214121 -0.294576 -0.26771 -0.198376 -0.294199 -0.361988 -0.243232 -0.215945 -0.233837 -0.266858 -0.262106 -0.265362 -0.265466 -0.213858 -0.276702 -0.220686 -0.198989 -0.250164 -0.208946 -0.219806 -0.252517 -0.239324 -0.293055 -0.205935 -0.23459 -0.256787 -0.285208 -0.224563
-0.165791 -0.1477 -0.232243 -0.175596 -0.189148 -0.191084 -0.14654 -0.174256 -0.174513 -0.145228 -0.159288 -0.183684 -0.204202 -0.158094 -0.146422 -0.183861 -0.218473 -0.170933 -0.150424 -0.146875 -0.167714 -0.167872 -0.208257 -0.150094 -0.164386 -0.159272 -0.20237 -0.162436 -0.15025 -0.176135 -0.15183 -0.178949 -0.206484 -0.227719 -0.159235 -0.147352 -0.203803 -0.16069 -0.138522 -0.170014 -0.129221 -0.147895 -0.186961 -0.180157 -0.180087 -0.173338 -0.165386 -0.188186 -0.208447 -0.159475
-0.14156 -0.12283 -0.176549 -0.147929 -0.160646 -0.145699 -0.130961 -0.185412 -0.166782 -0.146355 -0.144574 -0.181191 -0.154116 -0.165568 -0.138615 -0.176998 -0.175038 -0.159641 -0.156328 -0.150667 -0.156816 -0.13574 -0.203173 -0.162447 -0.152895 -0.147815 -0.163659 -0.125899 -0.120632 -0.153709 -0.153268 -0.171094 -0.193557 -0.208106 -0.172557 -0.13309 -0.16811 -0.150998 -0.124837 -0.161558 -0.110662 -0.140941 -0.180341 -0.195613 -0.148062 -0.143216 -0.132681 -0.172285 -0.171667 -0.154463
-0.131221 -0.1303 -0.148747 -0.139084 -0.145778 -0.129941 -0.103019 -0.171185 -0.160106 -0.139411 -0.113509 -0.17391 -0.143174 -0.141515 -0.126779 -0.173657 -0.171243 -0.132967 -0.128193 -0.135765 -0.145203 -0.116725 -0.187226 -0.164609 -0.152073 -0.13976 -0.156806 -0.128341 -0.122009 -0.14274 -0.138668 -0.162872 -0.190144 -0.185006 -0.166268 -0.123512 -0.166553 -0.131929 -0.116326 -0.133814 -0.115392 -0.142013 -0.159122 -0.156092 -0.121959 -0.128936 -0.112064 -0.15829 -0.169065 -0.163064
-0.127106 -0.111227 -0.127958 -0.139637 -0.144077 -0.149405 -0.095079 -0.143475 -0.142126 -0.134339 -0.105672 -0.154453 -0.136981 -0.142311 -0.113892 -0.165292 -0.162059 -0.119973 -0.129833 -0.163839 -0.145839 -0.113702 -0.150508 -0.133006 -0.146801 -0.128762 -0.157959 -0.116307 -0.120043 -0.140353 -0.147641 -0.147972 -0.165279 -0.175678 -0.177022 -0.121585 -0.15697 -0.142913 -0.100575 -0.133731 -0.107809 -0.136823 -0.152199 -0.117967 -0.119214 -0.128318 -0.11508 -0.147187 -0.168308 -0.127031
-0.130162 -0.103972 -0.12548 -0.12201 -0.148262 -0.154026 -0.096134 -0.129434 -0.147764 -0.125913 -0.107941 -0.140385 -0.133642 -0.136443 -0.109206 -0.161772 -0.163277 -0.123687 -0.117097 -0.150709 -0.139534 -0.115641 -0.145529 -0.118519 -0.146223 -0.123595 -0.157396 -0.092317 -0.119293 -0.131876 -0.151566 -0.133843 -0.162676 -0.159269 -0.154676 -0.127765 -0.134782 -0.137598 -0.101877 -0.12415 -0.106729 -0.151364 -0.153089 -0.120657 -0.129932 -0.129445 -0.108498 -0.14525 -0.15484 -0.125106
-0.132719 -0.102579 -0.117359 -0.117409 -0.143391 -0.143708 -0.101272 -0.131648 -0.142368 -0.114679 -0.10432 -0.119786 -0.112039 -0.132784 -0.10561 -0.164383 -0.160654 -0.119856 -0.121701 -0.135008 -0.138658 -0.109666 -0.135719 -0.107074 -0.142258 -0.125735 -0.165717 -0.094669 -0.112074 -0.133766 -0.144859 -0.126075 -0.146506 -0.16644 -0.136503 -0.122831 -0.129387 -0.127875 -0.100786 -0.112585 -0.101215 -0.149627 -0.130581 -0.121307 -0.127804 -0.133587 -0.111668 -0.102202 -0.157032 -0.122261
-0.131804 -0.098711 -0.110831 -0.113913 -0.128398 -0.138711 -0.099579 -0.115919 -0.13522 -0.110163 -0.097101 -0.127263 -0.100781 -0.133467 -0.094779 -0.167707 -0.151275 -0.114182 -0.118442 -0.139245 -0.131812 -0.110945 -0.108052 -0.106449 -0.146419 -0.126465 -0.165781 -0.093748 -0.112621 -0.120587 -0.13116 -0.133459 -0.142282 -0.153356 -0.11584 -0.12285 -0.119612 -0.123963 -0.103318 -0.112701 -0.100372 -0.132644 -0.127305 -0.124419 -0.125254 -0.115841 -0.105466 -0.099024 -0.15299 -0.126269
-0.134779 -0.096887 -0.11173 -0.124738 -0.129755 -0.141505 -0.100157 -0.123802 -0.133616 -0.106071 -0.090519 -0.11785 -0.09627 -0.123164 -0.09055 -0.161339 -0.152295 -0.115612 -0.115288 -0.113647 -0.132007 -0.112123 -0.110333 -0.108789 -0.143979 -0.114526 -0.164739 -0.096972 -0.106064 -0.117021 -0.133886 -0.128816 -0.138399 -0.15563 -0.118696 -0.120501 -0.123622 -0.117886 -0.10149 -0.114702 -0.107387 -0.146534 -0.122634 -0.123675 -0.125731 -0.116286 -0.109854 -0.102791 -0.138218 -0.12481
-0.126927 -0.099587 -0.110259 -0.123412 -0.130929 -0.129294 -0.105526 -0.122843 -0.136153 -0.107567 -0.092918 -0.105808 -0.090315 -0.123755 -0.08959 -0.161054 -0.151092 -0.112244 -0.115743 -0.111291 -0.123417 -0.119267 -0.111781 -0.105204 -0.144045 -0.109226 -0.167732 -0.099335 -0.098507 -0.10844 -0.124538 -0.127004 -0.130033 -0.15173 -0.113739 -0.114931 -0.123709 -0.117319 -0.102694 -0.110691 -0.103567 -0.146755 -0.12033 -0.126386 -0.121686 -0.115103 -0.108462 -0.100691 -0.118423 -0.110092
-0.126014 -0.100436 -0.112025 -0.104364 -0.128393 -0.107797 -0.102198 -0.127282 -0.126942 -0.102628 -0.090808 -0.105525 -0.095107 -0.124747 -0.096219 -0.154399 -0.152072 -0.111521 -0.108686 -0.106967 -0.124946 -0.110314 -0.108198 -0.105179 -0.139894 -0.111619 -0.167001 -0.095711 -0.099565 -0.114042 -0.126151 -0.123978 -0.130508 -0.148149 -0.114653 -0.112437 -0.127649 -0.113896 -0.096738 -0.097625 -0.09698 -0.127691 -0.118327 -0.122681 -0.115814 -0.101509 -0.108572 -0.104546 -0.113318 -0.100119
-0.12546 -0.099381 -0.11335 -0.100336 -0.119161 -0.104927 -0.102973 -0.123901 -0.126886 -0.102677 -0.093936 -0.103097 -0.096607 -0.124172 -0.096412 -0.158303 -0.153159 -0.108534 -0.107785 -0.098777 -0.123027 -0.100561 -0.100564 -0.10545 -0.141124 -0.108014 -0.146961 -0.100187 -0.09122 -0.111192 -0.125785 -0.118891 -0.128715 -0.148191 -0.116329 -0.110452 -0.123967 -0.103521 -0.097906 -0.094489 -0.090607 -0.12509 -0.115191 -0.12209 -0.104328 -0.099975 -0.099703 -0.099695 -0.113982 -0.100688
-0.113714 -0.089693 -0.110737 -0.100643 -0.117884 -0.101689 -0.098089 -0.125971 -0.112351 -0.105102 -0.095516 -0.106423 -0.095016 -0.124586 -0.095472 -0.155076 -0.15263 -0.108126 -0.105454 -0.096771 -0.122864 -0.099911 -0.103127 -0.106685 -0.129669 -0.108157 -0.139111 -0.097212 -0.091234 -0.11872 -0.124307 -0.119447 -0.124622 -0.148003 -0.11128 -0.114193 -0.124768 -0.103154 -0.097087 -0.090907 -0.088843 -0.122051 -0.112486 -0.116773 -0.091187 -0.100006 -0.09756 -0.095303 -0.114264 -0.095891
-0.117997 -0.092674 -0.106285 -0.102482 -0.118617 -0.101146 -0.098447 -0.127216 -0.107181 -0.10597 -0.094667 -0.101356 -0.090681 -0.113567 -0.096013 -0.155888 -0.152559 -0.105381 -0.10373 -0.095936 -0.124976 -0.103439 -0.098587 -0.106261 -0.140789 -0.104169 -0.135262 -0.095314 -0.09481 -0.121451 -0.122643 -0.11711 -0.123819 -0.129064 -0.108872 -0.114425 -0.124932 -0.101532 -0.097142 -0.090847 -0.092745 -0.115305 -0.112262 -0.117213 -0.08796 -0.100859 -0.089874 -0.099569 -0.114379 -0.097473
-0.120101 -0.08672 -0.105917 -0.102162 -0.115525 -0.101116 -0.098707 -0.119784 -0.114219 -0.107051 -0.095638 -0.103956 -0.091943 -0.108249 -0.092945 -0.152108 -0.152381 -0.102131 -0.104166 -0.094254 -0.119667 -0.10194 -0.096174 -0.104716 -0.136456 -0.103519 -0.143466 -0.097334 -0.095296 -0.121098 -0.120394 -0.09792 -0.12355 -0.129711 -0.109451 -0.101117 -0.124886 -0.101861 -0.099466 -0.088195 -0.091147 -0.112241 -0.113955 -0.115788 -0.089916 -0.098345 -0.09189 -0.097936 -0.113086 -0.102777
-0.115986 -0.089746 -0.104267 -0.102022 -0.105962 -0.099474 -0.099131 -0.111756 -0.111075 -0.101329 -0.091945 -0.10092 -0.094188 -0.112802 -0.090115 -0.135992 -0.154477 -0.102011 -0.107451 -0.095894 -0.124099 -0.102825 -0.098974 -0.108733 -0.136146 -0.103621 -0.123574 -0.096979 -0.093906 -0.117685 -0.100144 -0.09711 -0.122829 -0.11446 -0.108147 -0.093179 -0.129385 -0.097433 -0.103327 -0.087442 -0.090817 -0.111248 -0.114895 -0.115656 -0.087219 -0.097302 -0.090021 -0.097663 -0.111382 -0.094975
-0.116382 -0.090183 -0.105665 -0.100543 -0.110172 -0.100826 -0.096451 -0.107976 -0.109932 -0.101035 -0.088276 -0.10021 -0.095889 -0.111155 -0.08976 -0.133635 -0.142969 -0.097821 -0.10016 -0.092851 -0.117708 -0.097999 -0.101174 -0.107881 -0.135895 -0.105134 -0.124715 -0.099796 -0.091819 -0.11969 -0.098762 -0.098003 -0.125226 -0.106223 -0.109968 -0.087403 -0.123071 -0.098673 -0.10026 -0.088948 -0.094175 -0.110491 -0.115852 -0.113747 -0.082965 -0.092202 -0.087225 -0.097888 -0.101675 -0.09088
-0.11095 -0.086378 -0.106252 -0.09973 -0.109544 -0.097699 -0.090546 -0.10888 -0.108208 -0.098292 -0.08814 -0.104596 -0.09654 -0.11337 -0.085665 -0.132032 -0.142076 -0.095596 -0.105843 -0.093899 -0.111697 -0.095983 -0.097468 -0.110235 -0.115546 -0.103268 -0.117998 -0.093912 -0.090672 -0.118828 -0.097078 -0.097149 -0.1089 -0.104987 -0.1072 -0.092064 -0.124557 -0.098008 -0.094384 -0.089082 -0.090539 -0.107976 -0.116076 -0.110824 -0.083037 -0.092517 -0.087829 -0.093104 -0.101129 -0.086628
-0.105666 -0.086651 -0.105441 -0.096433 -0.107892 -0.094776 -0.087056 -0.106331 -0.103142 -0.097167 -0.087426 -0.10324 -0.094691 -0.114018 -0.086515 -0.127295 -0.141584 -0.09837 -0.103592 -0.091954 -0.104127 -0.097691 -0.092007 -0.113376 -0.114446 -0.104504 -0.111991 -0.091558 -0.092715 -0.119333 -0.09279 -0.096991 -0.11035 -0.10388 -0.108648 -0.091661 -0.121906 -0.093723 -0.090474 -0.088051 -0.088639 -0.110163 -0.113606 -0.112148 -0.081958 -0.092359 -0.089541 -0.094772 -0.101662 -0.090016
-0.104647 -0.086526 -0.105959 -0.094721 -0.106556 -0.094338 -0.088969 -0.108228 -0.101582 -0.097838 -0.087402 -0.100021 -0.094627 -0.113242 -0.084328 -0.129355 -0.145966 -0.094202 -0.097457 -0.093267 -0.104543 -0.09687 -0.097085 -0.109299 -0.116994 -0.106224 -0.110819 -0.093119 -0.088743 -0.113822 -0.091148 -0.096903 -0.107694 -0.090791 -0.108649 -0.092534 -0.120566 -0.097861 -0.092432 -0.080904 -0.084346 -0.105828 -0.113284 -0.109861 -0.080048 -0.091272 -0.08812 -0.092397 -0.099091 -0.089546
-0.11376 -0.086816 -0.098017 -0.093343 -0.106581 -0.100566 -0.085857 -0.108023 -0.100088 -0.099324 -0.093026 -0.098913 -0.084257 -0.110827 -0.082189 -0.128167 -0.14396 -0.092714 -0.092817 -0.096242 -0.104807 -0.091431 -0.099681 -0.113876 -0.114787 -0.104331 -0.105986 -0.088537 -0.089166 -0.111427 -0.090901 -0.09829 -0.105067 -0.090342 -0.10615 -0.092624 -0.124763 -0.093819 -0.098504 -0.078426 -0.086542 -0.104521 -0.112186 -0.109211 -0.078849 -0.091919 -0.088113 -0.093141 -0.098379 -0.089524
-0.109561 -0.086766 -0.087966 -0.090745 -0.107763 -0.097012 -0.085314 -0.105154 -0.098234 -0.099231 -0.093646 -0.097331 -0.086792 -0.113615 -0.081588 -0.124938 -0.145269 -0.088349 -0.092891 -0.095013 -0.104514 -0.088027 -0.095352 -0.104143 -0.106778 -0.103196 -0.100745 -0.088565 -0.089818 -0.112545 -0.092002 -0.091112 -0.104745 -0.088687 -0.105841 -0.08421 -0.110055 -0.092433 -0.096396 -0.079993 -0.087793 -0.105547 -0.112811 -0.107125 -0.076259 -0.092083 -0.093367 -0.090864 -0.097524 -0.088513
-0.104624 -0.082173 -0.094643 -0.091892 -0.108953 -0.095499 -0.087641 -0.10484 -0.100297 -0.097215 -0.093753 -0.096708 -0.09162 -0.110843 -0.081542 -0.123514 -0.14763 -0.090574 -0.090792 -0.091591 -0.103601 -0.08727 -0.094309 -0.103466 -0.107157 -0.104959 -0.103925 -0.091505 -0.090998 -0.110324 -0.092799 -0.093269 -0.106475 -0.086585 -0.106175 -0.082231 -0.114518 -0.094319 -0.095138 -0.079475 -0.087653 -0.105034 -0.114311 -0.107048 -0.079013 -0.092248 -0.093859 -0.091206 -0.103196 -0.088889
-0.106095 -0.080655 -0.09529 -0.091917 -0.107383 -0.095431 -0.083673 -0.106438 -0.10016 -0.096647 -0.08884 -0.094618 -0.09482 -0.107718 -0.083605 -0.124957 -0.148423 -0.087398 -0.092888 -0.089661 -0.103325 -0.087814 -0.092352 -0.105409 -0.106454 -0.103902 -0.10298 -0.091512 -0.088894 -0.106883 -0.087835 -0.092249 -0.107774 -0.088057 -0.104333 -0.082046 -0.109723 -0.098872 -0.09832 -0.077535 -0.085674 -0.100359 -0.112728 -0.109287 -0.083644 -0.094763 -0.091444 -0.092609 -0.099361 -0.086131
-0.108006 -0.083113 -0.092216 -0.094834 -0.107992 -0.098189 -0.08609 -0.105016 -0.097245 -0.094847 -0.082342 -0.096236 -0.096275 -0.109965 -0.081153 -0.124935 -0.145557 -0.087824 -0.092673 -0.09099 -0.096012 -0.087089 -0.090778 -0.103346 -0.107214 -0.103021 -0.103186 -0.084295 -0.085264 -0.104641 -0.086209 -0.093573 -0.106189 -0.084622 -0.103169 -0.084248 -0.110869 -0.09814 -0.099299 -0.077873 -0.085262 -0.09471 -0.11199 -0.109271 -0.077185 -0.093848 -0.094176 -0.093863 -0.099728 -0.091723
-0.102616 -0.081104 -0.092051 -0.094175 -0.110331 -0.093104 -0.08526 -0.107747 -0.098424 -0.094979 -0.083994 -0.09724 -0.095224 -0.109258 -0.082302 -0.119234 -0.145566 -0.087116 -0.085998 -0.093432 -0.098383 -0.085686 -0.088106 -0.103631 -0.106752 -0.103353 -0.100574 -0.080892 -0.082203 -0.101333 -0.080638 -0.089874 -0.106116 -0.087498 -0.097861 -0.082489 -0.110143 -0.098267 -0.100989 -0.073559 -0.090614 -0.096324 -0.113341 -0.103055 -0.074543 -0.092009 -0.088946 -0.091504 -0.101688 -0.087991
-0.103164 -0.082652 -0.089777 -0.094296 -0.111234 -0.093853 -0.084769 -0.108985 -0.097713 -0.096336 -0.084424 -0.096431 -0.09355 -0.10142 -0.081228 -0.118995 -0.146083 -0.088273 -0.092191 -0.090433 -0.099468 -0.087493 -0.085948 -0.103889 -0.105972 -0.095985 -0.102443 -0.087022 -0.082628 -0.105017 -0.080196 -0.090457 -0.105904 -0.088312 -0.098536 -0.083445 -0.107449 -0.093188 -0.099817 -0.074825 -0.08958 -0.096387 -0.112257 -0.100378 -0.077176 -0.091975 -0.091487 -0.092809 -0.095908 -0.087925
-0.107422 -0.086749 -0.092872 -0.095527 -0.109025 -0.095325 -0.084587 -0.109618 -0.097199 -0.08846 -0.083329 -0.091299 -0.08755 -0.100109 -0.081867 -0.118141 -0.146099 -0.085235 -0.095037 -0.091749 -0.097288 -0.081826 -0.085752 -0.104544 -0.105428 -0.101972 -0.09761 -0.080069 -0.082221 -0.104959 -0.086686 -0.091669 -0.104242 -0.086539 -0.094532 -0.083528 -0.113038 -0.092885 -0.097435 -0.074286 -0.089422 -0.097142 -0.112118 -0.099966 -0.076315 -0.092194 -0.090709 -0.092927 -0.094865 -0.092784
-0.104497 -0.085246 -0.090748 -0.096052 -0.109708 -0.094265 -0.08352 -0.106222 -0.097447 -0.089458 -0.083653 -0.093187 -0.086624 -0.09883 -0.080604 -0.117834 -0.143993 -0.088297 -0.096762 -0.090903 -0.098655 -0.083178 -0.088643 -0.101977 -0.10781 -0.10128 -0.093457 -0.081443 -0.083448 -0.103377 -0.085839 -0.091922 -0.105525 -0.08726 -0.095187 -0.082963 -0.112382 -0.088881 -0.096346 -0.076977 -0.087735 -0.097404 -0.114898 -0.093967 -0.079032 -0.093127 -0.091359 -0.092407 -0.093634 -0.089937
-0.10634 -0.084447 -0.093431 -0.093313 -0.108719 -0.093674 -0.082825 -0.102876 -0.097562 -0.090492 -0.083763 -0.091007 -0.087891 -0.102337 -0.080262 -0.118394 -0.139781 -0.085875 -0.090266 -0.092412 -0.097344 -0.083155 -0.085652 -0.096962 -0.104139 -0.101779 -0.093586 -0.080116 -0.083145 -0.102379 -0.086928 -0.088567 -0.107086 -0.085332 -0.093627 -0.082978 -0.11164 -0.086853 -0.09045 -0.076755 -0.087518 -0.097091 -0.114927 -0.10071 -0.079012 -0.082642 -0.089751 -0.095105 -0.096039 -0.089537
-0.105211 -0.083955 -0.091959 -0.094488 -0.109086 -0.090008 -0.083743 -0.10595 -0.096998 -0.091598 -0.081877 -0.090582 -0.085524 -0.1002 -0.079482 -0.118045 -0.138792 -0.086671 -0.08975 -0.092421 -0.096124 -0.083584 -0.088795 -0.103776 -0.102029 -0.099474 -0.096095 -0.080733 -0.082745 -0.105612 -0.085673 -0.092646 -0.106649 -0.086899 -0.093146 -0.083991 -0.110293 -0.08319 -0.090692 -0.074057 -0.088799 -0.096661 -0.113257 -0.100663 -0.07965 -0.082156 -0.088831 -0.090919 -0.095157 -0.08746
-0.105762 -0.084491 -0.091305 -0.094361 -0.110129 -0.090454 -0.083273 -0.087689 -0.096601 -0.087629 -0.081339 -0.08918 -0.086345 -0.099891 -0.080903 -0.115131 -0.138947 -0.083978 -0.090285 -0.092396 -0.096318 -0.084753 -0.08646 -0.103659 -0.103586 -0.099531 -0.094966 -0.083919 -0.081848 -0.105462 -0.087583 -0.088631 -0.103506 -0.089954 -0.093451 -0.085141 -0.107483 -0.083353 -0.091018 -0.078516 -0.087848 -0.096105 -0.112633 -0.101097 -0.081336 -0.082473 -0.089932 -0.093198 -0.096057 -0.088448
-0.107127 -0.085689 -0.091928 -0.096757 -0.109787 -0.091126 -0.082056 -0.08909 -0.09602 -0.086245 -0.082405 -0.090511 -0.084522 -0.104758 -0.078303 -0.099216 -0.138315 -0.086288 -0.089706 -0.089561 -0.098027 -0.084689 -0.08438 -0.103993 -0.103014 -0.102065 -0.09445 -0.085188 -0.083538 -0.106751 -0.086358 -0.09105 -0.10525 -0.087762 -0.093905 -0.083286 -0.106727 -0.081261 -0.087095 -0.073536 -0.087839 -0.09686 -0.110165 -0.100531 -0.081496 -0.079359 -0.088026 -0.092325 -0.094253 -0.087907
-0.10798 -0.085082 -0.092939 -0.094408 -0.1064 -0.089573 -0.085252 -0.089347 -0.097752 -0.086806 -0.080656 -0.089163 -0.084203 -0.099196 -0.077457 -0.100116 -0.139216 -0.086636 -0.08925 -0.085307 -0.099883 -0.090073 -0.087458 -0.103983 -0.102214 -0.099063 -0.096262 -0.084552 -0.081372 -0.105983 -0.086744 -0.089595 -0.103529 -0.087949 -0.093412 -0.086215 -0.103276 -0.081673 -0.087764 -0.071264 -0.087739 -0.097094 -0.107351 -0.099874 -0.080723 -0.078986 -0.089776 -0.090252 -0.089035 -0.088153
-0.11054 -0.083164 -0.091026 -0.092904 -0.107331 -0.088968 -0.082962 -0.088869 -0.096059 -0.087064 -0.082217 -0.090627 -0.08338 -0.100824 -0.078085 -0.101573 -0.138941 -0.085984 -0.089607 -0.08606 -0.100412 -0.093326 -0.083933 -0.103334 -0.102777 -0.097424 -0.095558 -0.085323 -0.084122 -0.105672 -0.085738 -0.092867 -0.104734 -0.085822 -0.095541 -0.083856 -0.100768 -0.082334 -0.089788 -0.071289 -0.088469 -0.095799 -0.102414 -0.100463 -0.082938 -0.076471 -0.08757 -0.090403 -0.089519 -0.087384
-0.101051 -0.085932 -0.092302 -0.091128 -0.10591 -0.091056 -0.082573 -0.089528 -0.098057 -0.08362 -0.080843 -0.088712 -0.08345 -0.099576 -0.078919 -0.101694 -0.132263 -0.085098 -0.088583 -0.087132 -0.098999 -0.091207 -0.082849 -0.096322 -0.099853 -0.100957 -0.09557 -0.08501 -0.083825 -0.104631 -0.078302 -0.09146 -0.103793 -0.085653 -0.093016 -0.086548 -0.100365 -0.082563 -0.089308 -0.070738 -0.089306 -0.096496 -0.103072 -0.093988 -0.078312 -0.07575 -0.086652 -0.092066 -0.088594 -0.088817
-0.103102 -0.089507 -0.087371 -0.089656 -0.109174 -0.092474 -0.082119 -0.088065 -0.097158 -0.084294 -0.082087 -0.090986 -0.085375 -0.09868 -0.078656 -0.101938 -0.132929 -0.089222 -0.088428 -0.086842 -0.097782 -0.091823 -0.080108 -0.098409 -0.097884 -0.101649 -0.095003 -0.083077 -0.082845 -0.105527 -0.086056 -0.091986 -0.104769 -0.086019 -0.087508 -0.085343 -0.099814 -0.082159 -0.086747 -0.072034 -0.086845 -0.095332 -0.100755 -0.093354 -0.079653 -0.074722 -0.089282 -0.092305 -0.09034 -0.090756
-0.099022 -0.086927 -0.088483 -0.089488 -0.109475 -0.090084 -0.07954 -0.088097 -0.091361 -0.084668 -0.080443 -0.089458 -0.086222 -0.096352 -0.079004 -0.100664 -0.13175 -0.085572 -0.087525 -0.085839 -0.096217 -0.093738 -0.083786 -0.099405 -0.093154 -0.10029 -0.092043 -0.081456 -0.084289 -0.105415 -0.087969 -0.093719 -0.10358 -0.083851 -0.082796 -0.088445 -0.100644 -0.081021 -0.088654 -0.072128 -0.087261 -0.094132 -0.102935 -0.091588 -0.080494 -0.07688 -0.088906 -0.092768 -0.082749 -0.089308
-0.102672 -0.086543 -0.089332 -0.095887 -0.110926 -0.090532 -0.078868 -0.09092 -0.093662 -0.088796 -0.081012 -0.084778 -0.086555 -0.097941 -0.077869 -0.099045 -0.115079 -0.086937 -0.086751 -0.085041 -0.096791 -0.094141 -0.080749 -0.10202 -0.092545 -0.098272 -0.093794 -0.082365 -0.083308 -0.104661 -0.086772 -0.096331 -0.105051 -0.082176 -0.082482 -0.082538 -0.102033 -0.084732 -0.087253 -0.070687 -0.08823 -0.095055 -0.099189 -0.092103 -0.079587 -0.074414 -0.088554 -0.092959 -0.078614 -0.081455
-0.101656 -0.085209 -0.087219 -0.094663 -0.108686 -0.091807 -0.077764 -0.090218 -0.094831 -0.086118 -0.076117 -0.088443 -0.085466 -0.098915 -0.075105 -0.09819 -0.109117 -0.085487 -0.084276 -0.087665 -0.103141 -0.094471 -0.080418 -0.101792 -0.093324 -0.099836 -0.09344 -0.081737 -0.08307 -0.103342 -0.084893 -0.093381 -0.1045 -0.079747 -0.085139 -0.082141 -0.104335 -0.082888 -0.08756 -0.070668 -0.089457 -0.095403 -0.101755 -0.090828 -0.080322 -0.078147 -0.088184 -0.091337 -0.082412 -0.079544
-0.101656 -0.085936 -0.08744 -0.091589 -0.106796 -0.091859 -0.078419 -0.090915 -0.09436 -0.086347 -0.078707 -0.088551 -0.086759 -0.100668 -0.077747 -0.096661 -0.107028 -0.084208 -0.084662 -0.087457 -0.101721 -0.092727 -0.079532 -0.100916 -0.093633 -0.094665 -0.092489 -0.081918 -0.084656 -0.104053 -0.078958 -0.094528 -0.103574 -0.08286 -0.085099 -0.0804 -0.103151 -0.084439 -0.086585 -0.07273 -0.086908 -0.094899 -0.099945 -0.09246 -0.078865 -0.081917 -0.087956 -0.091076 -0.082969 -0.082167
-0.102738 -0.083785 -0.086781 -0.088711 -0.107852 -0.091117 -0.079208 -0.091584 -0.093382 -0.084629 -0.078211 -0.090054 -0.085019 -0.09943 -0.077274 -0.100555 -0.108294 -0.085266 -0.08435 -0.08642 -0.096594 -0.094726 -0.075033 -0.099202 -0.09341 -0.096315 -0.092407 -0.08287 -0.083844 -0.103005 -0.077393 -0.093827 -0.104419 -0.086983 -0.087293 -0.079913 -0.102031 -0.084528 -0.086388 -0.072365 -0.087129 -0.0907 -0.095953 -0.092291 -0.077428 -0.075873 -0.086986 -0.089837 -0.082374 -0.080601
-0.097711 -0.088369 -0.086834 -0.087717 -0.108585 -0.092696 -0.075585 -0.091259 -0.092822 -0.084702 -0.076792 -0.089087 -0.083774 -0.098095 -0.078401 -0.099421 -0.108063 -0.08519 -0.082927 -0.085867 -0.097431 -0.091173 -0.078881 -0.098844 -0.093763 -0.097315 -0.091461 -0.082577 -0.084424 -0.105032 -0.077763 -0.094603 -0.10275 -0.083037 -0.085466 -0.078765 -0.103058 -0.082156 -0.087251 -0.069846 -0.088415 -0.088445 -0.096283 -0.092448 -0.07803 -0.077291 -0.088163 -0.090202 -0.081851 -0.078695
-0.099229 -0.089696 -0.088164 -0.08866 -0.096203 -0.091712 -0.075447 -0.089937 -0.096117 -0.085522 -0.075242 -0.092629 -0.084548 -0.097456 -0.077248 -0.099929 -0.106613 -0.086365 -0.082943 -0.086526 -0.096579 -0.090996 -0.077418 -0.101128 -0.093536 -0.09652 -0.095501 -0.083546 -0.084444 -0.10411 -0.075662 -0.093413 -0.104276 -0.083779 -0.084788 -0.078537 -0.102996 -0.082188 -0.084869 -0.072105 -0.088043 -0.089351 -0.09833 -0.093562 -0.078545 -0.074871 -0.086302 -0.088546 -0.082864 -0.08277
-0.096947 -0.090469 -0.087363 -0.088661 -0.097876 -0.091164 -0.076557 -0.088963 -0.094548 -0.081467 -0.077664 -0.093405 -0.08508 -0.097576 -0.076771 -0.099669 -0.107816 -0.085809 -0.081881 -0.086341 -0.094413 -0.091849 -0.079515 -0.098381 -0.093995 -0.094885 -0.093488 -0.084392 -0.079863 -0.102549 -0.076633 -0.095114 -0.101905 -0.081883 -0.084973 -0.076471 -0.10107 -0.082524 -0.084036 -0.070263 -0.087852 -0.090715 -0.094414 -0.09382 -0.073431 -0.074927 -0.086808 -0.090357 -0.08225 -0.081536
-0.098284 -0.090362 -0.087365 -0.08859 -0.09616 -0.091903 -0.075917 -0.085653 -0.09341 -0.083301 -0.077019 -0.085679 -0.085815 -0.100499 -0.074616 -0.098268 -0.109482 -0.088246 -0.082585 -0.079588 -0.095472 -0.091151 -0.078523 -0.097842 -0.091693 -0.097335 -0.092539 -0.0834 -0.079313 -0.102496 -0.074556 -0.094943 -0.096844 -0.081503 -0.084131 -0.075986 -0.1007 -0.083088 -0.085387 -0.072169 -0.085967 -0.092311 -0.099183 -0.093844 -0.077965 -0.075981 -0.085559 -0.089923 -0.081049 -0.080094
-0.097958 -0.088112 -0.087719 -0.089877 -0.097448 -0.092737 -0.07949 -0.085582 -0.09288 -0.081515 -0.075631 -0.083814 -0.090689 -0.100581 -0.072261 -0.099763 -0.111534 -0.087398 -0.081822 -0.080487 -0.096519 -0.091218 -0.077168 -0.097764 -0.094473 -0.093726 -0.089643 -0.083321 -0.072011 -0.103437 -0.074777 -0.094211 -0.097544 -0.081127 -0.087548 -0.077427 -0.099955 -0.0837 -0.084434 -0.07247 -0.086469 -0.088483 -0.099098 -0.096253 -0.079059 -0.075933 -0.082555 -0.083236 -0.081709 -0.079697
-0.097381 -0.090144 -0.086123 -0.092648 -0.096465 -0.090333 -0.080939 -0.087199 -0.093305 -0.082319 -0.075173 -0.08321 -0.087628 -0.10085 -0.075123 -0.096292 -0.110224 -0.087193 -0.082747 -0.079141 -0.093598 -0.0897 -0.077725 -0.099568 -0.091472 -0.094204 -0.089239 -0.086501 -0.07225 -0.102118 -0.076386 -0.094693 -0.096889 -0.081828 -0.085197 -0.074458 -0.097462 -0.081427 -0.085445 -0.071813 -0.086941 -0.087472 -0.093329 -0.093628 -0.074609 -0.074502 -0.083051 -0.082249 -0.081861 -0.078354
-0.098297 -0.088234 -0.087426 -0.092345 -0.097026 -0.090345 -0.079507 -0.08651 -0.093213 -0.080401 -0.072262 -0.083809 -0.0875 -0.099149 -0.0727 -0.095336 -0.109449 -0.090345 -0.083409 -0.077117 -0.094448 -0.089979 -0.075431 -0.099941 -0.093275 -0.096151 -0.085538 -0.08505 -0.069688 -0.101621 -0.077724 -0.094211 -0.094567 -0.081629 -0.085216 -0.075884 -0.09989 -0.08266 -0.08295 -0.071541 -0.088781 -0.088377 -0.092463 -0.090871 -0.07628 -0.073818 -0.083183 -0.083571 -0.083532 -0.079117
-0.098334 -0.087092 -0.084446 -0.08724 -0.093656 -0.090997 -0.082082 -0.085342 -0.094287 -0.08152 -0.072962 -0.083401 -0.087854 -0.100515 -0.073576 -0.093451 -0.113191 -0.086572 -0.081889 -0.078659 -0.100546 -0.090219 -0.076997 -0.098306 -0.092105 -0.09636 -0.086252 -0.082863 -0.069489 -0.101379 -0.078421 -0.09348 -0.094784 -0.08559 -0.085541 -0.076404 -0.099972 -0.080847 -0.085224 -0.071516 -0.087197 -0.089255 -0.094432 -0.089698 -0.077673 -0.070915 -0.082282 -0.082947 -0.082558 -0.079071
