-0.235325 -0.220523 -0.193173 -0.256627 -0.185837 -0.220153 -0.268431 -0.229125 -0.36429 -0.27094 -0.287736 -0.243302 -0.255193 -0.197259 -0.243613 -0.217779 -0.199884 -0.176432 -0.174366 -0.247355 -0.27158 -0.222472 -0.211536 -0.218203 -0.175595 -0.225125 -0.228713 -0.259901 -0.243944 -0.288537 -0.3167 -0.232412 -0.171244 -0.255336 -0.213406 -0.194321 -0.233983 -0.282388 -0.23227 -0.199589 -0.275518 -0.178114 -0.154575 -0.261817 -0.250981 -0.216403 -0.214843 -0.182598 -0.327355 -0.286991
-0.19416 -0.183401 -0.135719 -0.194915 -0.170589 -0.158384 -0.219039 -0.154637 -0.200972 -0.206027 -0.19061 -0.204149 -0.185729 -0.151014 -0.234587 -0.208133 -0.168037 -0.143396 -0.171883 -0.191835 -0.207122 -0.152894 -0.216711 -0.198748 -0.190966 -0.197524 -0.161233 -0.226254 -0.244652 -0.173038 -0.228521 -0.183239 -0.145675 -0.236122 -0.143158 -0.135879 -0.214999 -0.228159 -0.17987 -0.178743 -0.184671 -0.141304 -0.16338 -0.206372 -0.192871 -0.165273 -0.19694 -0.17587 -0.14155 -0.210841
-0.186509 -0.166449 -0.130117 -0.168742 -0.149737 -0.166442 -0.199666 -0.135344 -0.16029 -0.198953 -0.213456 -0.211405 -0.157966 -0.154266 -0.199238 -0.179396 -0.128857 -0.143296 -0.188047 -0.177098 -0.198515 -0.145358 -0.179514 -0.169823 -0.14426 -0.156556 -0.144312 -0.216465 -0.21513 -0.15881 -0.165149 -0.145675 -0.142559 -0.202787 -0.157958 -0.11974 -0.237348 -0.17231 -0.14501 -0.173054 -0.171381 -0.155249 -0.138119 -0.152512 -0.179529 -0.161958 -0.136 -0.158364 -0.137345 -0.176431
-0.167811 -0.14973 -0.130382 -0.178435 -0.146883 -0.150974 -0.147231 -0.121497 -0.132486 -0.165822 -0.178918 -0.162924 -0.172375 -0.139567 -0.173696 -0.145171 -0.129464 -0.134336 -0.164176 -0.162897 -0.161244 -0.125556 -0.165876 -0.17708 -0.142884 -0.122985 -0.138429 -0.164588 -0.201319 -0.139497 -0.16452 -0.14153 -0.132386 -0.192876 -0.125709 -0.108945 -0.216222 -0.164633 -0.138555 -0.149524 -0.147994 -0.128072 -0.133378 -0.146286 -0.129101 -0.133046 -0.152987 -0.147083 -0.143091 -0.164483
-0.16451 -0.150272 -0.123801 -0.178241 -0.141357 -0.167561 -0.137164 -0.127481 -0.128053 -0.145802 -0.176483 -0.168331 -0.17016 -0.150713 -0.16832 -0.143595 -0.121528 -0.130285 -0.148449 -0.158547 -0.154646 -0.105612 -0.130547 -0.164371 -0.133232 -0.121214 -0.135273 -0.161324 -0.19541 -0.136877 -0.16375 -0.127916 -0.124135 -0.147492 -0.118267 -0.109539 -0.206167 -0.171676 -0.151492 -0.145093 -0.151071 -0.12603 -0.130856 -0.124528 -0.113495 -0.133709 -0.147282 -0.148481 -0.134435 -0.16367
-0.142671 -0.143273 -0.115929 -0.162033 -0.126927 -0.13589 -0.131055 -0.136817 -0.127741 -0.143155 -0.149692 -0.153618 -0.164657 -0.138772 -0.139959 -0.141756 -0.114909 -0.129476 -0.152326 -0.170033 -0.148728 -0.102232 -0.157983 -0.131255 -0.120318 -0.126354 -0.133216 -0.150575 -0.165577 -0.132597 -0.149289 -0.123387 -0.130322 -0.143496 -0.123355 -0.104117 -0.188443 -0.173981 -0.134029 -0.151691 -0.138545 -0.127291 -0.113662 -0.128226 -0.118976 -0.129302 -0.136117 -0.15535 -0.128974 -0.160127
-0.144511 -0.109472 -0.113613 -0.149224 -0.129758 -0.133431 -0.132387 -0.129475 -0.125308 -0.135684 -0.141388 -0.1468 -0.17035 -0.134902 -0.144363 -0.142911 -0.116052 -0.133453 -0.145882 -0.168375 -0.147882 -0.105314 -0.166394 -0.132329 -0.139611 -0.123697 -0.131771 -0.161871 -0.157849 -0.12916 -0.142035 -0.12839 -0.121357 -0.143925 -0.117378 -0.102563 -0.168863 -0.15336 -0.128685 -0.156642 -0.139998 -0.118097 -0.114682 -0.13706 -0.117183 -0.125914 -0.132922 -0.13782 -0.129703 -0.149938
-0.151173 -0.109843 -0.109756 -0.15104 -0.129373 -0.135333 -0.125122 -0.137516 -0.143779 -0.123732 -0.142361 -0.144614 -0.1642 -0.132751 -0.143536 -0.133526 -0.123165 -0.132807 -0.110697 -0.153547 -0.147927 -0.100482 -0.163662 -0.134662 -0.138768 -0.121499 -0.134926 -0.14907 -0.159849 -0.123868 -0.138703 -0.124734 -0.11723 -0.11712 -0.108944 -0.100463 -0.163409 -0.138155 -0.126573 -0.146743 -0.136534 -0.112535 -0.107072 -0.143985 -0.118407 -0.120361 -0.130336 -0.125369 -0.123129 -0.148976
-0.143445 -0.111272 -0.117885 -0.143824 -0.116593 -0.130252 -0.131329 -0.11773 -0.143908 -0.122089 -0.123346 -0.145199 -0.165443 -0.12763 -0.143807 -0.133566 -0.111106 -0.127468 -0.114525 -0.15117 -0.144445 -0.094448 -0.163021 -0.128015 -0.132052 -0.119309 -0.133919 -0.144581 -0.154794 -0.113519 -0.140615 -0.11957 -0.117113 -0.108838 -0.105885 -0.095574 -0.160729 -0.136511 -0.130736 -0.152161 -0.133844 -0.112174 -0.109395 -0.134539 -0.123265 -0.120693 -0.119514 -0.113885 -0.120532 -0.128595
-0.130329 -0.106865 -0.112246 -0.142937 -0.118405 -0.127261 -0.131139 -0.120055 -0.137688 -0.131309 -0.122584 -0.14425 -0.147434 -0.123765 -0.138087 -0.131461 -0.108741 -0.125128 -0.107889 -0.148101 -0.139558 -0.098416 -0.155421 -0.120665 -0.133317 -0.115772 -0.137969 -0.14349 -0.143112 -0.111451 -0.121672 -0.115102 -0.113315 -0.114857 -0.113152 -0.10056 -0.144156 -0.135543 -0.118481 -0.142773 -0.138062 -0.113901 -0.115947 -0.131354 -0.121779 -0.118339 -0.122323 -0.116853 -0.114765 -0.129449
-0.135528 -0.105943 -0.098953 -0.138063 -0.123323 -0.119991 -0.133349 -0.117902 -0.140157 -0.138736 -0.12189 -0.143463 -0.146664 -0.122383 -0.137113 -0.129391 -0.105414 -0.123191 -0.109355 -0.132359 -0.135944 -0.097998 -0.14636 -0.12538 -0.13124 -0.115205 -0.120395 -0.14279 -0.141345 -0.107871 -0.120907 -0.115577 -0.112464 -0.109059 -0.105528 -0.090492 -0.142212 -0.132622 -0.121932 -0.140482 -0.130374 -0.114027 -0.114727 -0.130765 -0.118726 -0.117633 -0.129592 -0.117767 -0.113125 -0.125586
-0.126526 -0.093473 -0.102219 -0.134336 -0.113642 -0.108971 -0.114527 -0.116477 -0.126436 -0.132677 -0.127877 -0.126325 -0.147667 -0.14036 -0.138473 -0.106783 -0.107208 -0.124948 -0.113186 -0.129073 -0.134732 -0.095179 -0.142514 -0.114251 -0.10986 -0.114202 -0.12374 -0.141219 -0.145725 -0.106181 -0.127884 -0.112687 -0.11158 -0.107263 -0.09175 -0.087904 -0.141247 -0.132649 -0.107694 -0.14383 -0.125801 -0.103489 -0.113851 -0.135955 -0.110702 -0.115484 -0.11503 -0.112801 -0.105175 -0.12715
-0.125388 -0.090529 -0.102415 -0.132309 -0.110991 -0.090393 -0.108724 -0.117597 -0.121983 -0.134759 -0.126304 -0.126141 -0.14399 -0.122765 -0.139396 -0.106133 -0.099579 -0.126852 -0.116601 -0.12762 -0.128243 -0.094912 -0.116212 -0.120865 -0.109672 -0.107711 -0.123974 -0.134695 -0.140009 -0.107846 -0.120823 -0.1112 -0.10907 -0.109395 -0.094736 -0.092923 -0.13948 -0.130489 -0.105187 -0.130888 -0.12811 -0.104105 -0.113367 -0.130435 -0.109891 -0.111949 -0.110994 -0.116648 -0.108794 -0.122006
-0.123301 -0.094377 -0.108211 -0.132649 -0.110773 -0.089757 -0.102777 -0.117409 -0.118701 -0.125763 -0.127132 -0.126577 -0.137969 -0.112906 -0.140325 -0.107398 -0.106523 -0.123333 -0.116412 -0.127453 -0.131173 -0.0949 -0.12288 -0.113058 -0.110703 -0.105179 -0.124714 -0.120587 -0.137489 -0.108167 -0.12203 -0.111026 -0.111018 -0.106957 -0.100878 -0.09449 -0.140037 -0.128274 -0.099506 -0.115128 -0.131641 -0.105053 -0.111744 -0.13291 -0.11005 -0.111151 -0.119797 -0.110863 -0.106425 -0.116715
-0.127541 -0.092317 -0.107846 -0.133215 -0.104606 -0.090903 -0.097727 -0.117119 -0.118583 -0.124786 -0.120875 -0.128655 -0.138464 -0.109556 -0.141505 -0.106276 -0.104711 -0.12491 -0.113211 -0.114531 -0.133582 -0.095241 -0.120425 -0.106124 -0.111939 -0.107621 -0.129122 -0.115951 -0.124649 -0.105807 -0.124856 -0.108664 -0.111018 -0.105471 -0.095951 -0.092881 -0.136435 -0.123656 -0.087497 -0.096944 -0.126598 -0.105214 -0.108692 -0.131284 -0.107587 -0.106187 -0.121233 -0.108934 -0.105925 -0.116636
-0.127106 -0.092257 -0.110055 -0.125427 -0.104074 -0.087982 -0.090799 -0.114784 -0.1129 -0.123778 -0.127565 -0.128541 -0.13966 -0.107106 -0.133223 -0.106271 -0.103807 -0.118486 -0.109947 -0.117771 -0.130235 -0.090104 -0.104962 -0.102547 -0.107439 -0.0928 -0.128189 -0.119996 -0.133168 -0.102454 -0.122844 -0.108935 -0.111821 -0.105168 -0.096971 -0.094808 -0.121601 -0.124261 -0.087443 -0.096945 -0.133877 -0.095339 -0.112211 -0.128153 -0.116174 -0.107719 -0.114072 -0.112885 -0.106396 -0.117404
-0.122334 -0.095801 -0.106095 -0.12951 -0.108691 -0.088042 -0.086364 -0.116093 -0.119337 -0.106944 -0.122599 -0.131337 -0.143583 -0.109539 -0.128528 -0.104845 -0.105663 -0.117581 -0.112672 -0.115251 -0.127776 -0.0894 -0.106979 -0.100364 -0.108666 -0.095152 -0.129192 -0.118747 -0.13053 -0.088761 -0.134289 -0.109404 -0.106787 -0.111804 -0.098188 -0.090413 -0.122443 -0.124224 -0.089486 -0.097016 -0.125164 -0.092125 -0.105977 -0.12748 -0.117247 -0.103317 -0.114155 -0.110327 -0.108155 -0.115186
-0.12556 -0.090488 -0.107725 -0.13071 -0.104757 -0.093186 -0.086455 -0.109537 -0.116852 -0.105718 -0.112229 -0.134483 -0.144892 -0.108167 -0.129269 -0.106404 -0.106195 -0.111964 -0.114018 -0.111801 -0.12938 -0.091323 -0.105175 -0.101609 -0.108696 -0.093214 -0.126634 -0.119188 -0.132276 -0.089057 -0.132293 -0.102351 -0.112858 -0.111385 -0.098432 -0.094721 -0.118063 -0.129507 -0.089141 -0.099679 -0.125355 -0.087737 -0.09818 -0.127155 -0.117358 -0.104762 -0.114944 -0.109249 -0.108113 -0.105563
-0.128266 -0.091941 -0.104944 -0.127433 -0.100687 -0.092103 -0.0883 -0.108345 -0.113071 -0.105911 -0.112856 -0.133194 -0.133497 -0.106056 -0.128957 -0.10266 -0.106574 -0.121707 -0.106534 -0.113845 -0.125374 -0.091263 -0.104165 -0.102599 -0.103145 -0.090114 -0.123611 -0.118074 -0.121304 -0.096719 -0.128586 -0.102579 -0.103248 -0.101672 -0.096335 -0.091894 -0.120806 -0.132712 -0.08892 -0.090084 -0.123854 -0.091539 -0.106179 -0.126184 -0.118493 -0.104324 -0.11878 -0.111291 -0.10503 -0.108438
-0.11856 -0.089268 -0.105769 -0.110549 -0.101736 -0.092115 -0.091645 -0.106747 -0.116212 -0.108706 -0.110301 -0.1326 -0.129645 -0.108391 -0.115161 -0.098179 -0.110139 -0.122223 -0.103311 -0.113904 -0.128071 -0.091998 -0.105092 -0.100644 -0.102698 -0.089093 -0.115263 -0.109518 -0.114237 -0.097305 -0.126293 -0.104341 -0.104252 -0.094538 -0.096464 -0.092628 -0.122056 -0.118141 -0.089096 -0.090779 -0.124401 -0.090533 -0.107651 -0.112259 -0.093949 -0.108101 -0.117461 -0.099017 -0.099973 -0.103155
-0.115048 -0.091968 -0.098028 -0.108177 -0.101413 -0.08427 -0.08989 -0.107519 -0.116811 -0.107894 -0.107007 -0.114507 -0.13457 -0.108604 -0.116521 -0.095762 -0.105997 -0.113919 -0.101643 -0.120871 -0.124319 -0.091896 -0.106562 -0.099306 -0.098321 -0.08765 -0.116116 -0.102317 -0.115576 -0.084509 -0.124679 -0.106008 -0.104984 -0.088423 -0.098287 -0.091206 -0.12213 -0.117196 -0.088218 -0.087131 -0.1231 -0.089145 -0.103637 -0.11344 -0.09157 -0.103918 -0.114799 -0.099648 -0.098734 -0.098279
-0.116857 -0.08502 -0.101781 -0.109217 -0.089547 -0.088072 -0.087048 -0.108075 -0.11496 -0.102919 -0.108995 -0.111598 -0.131745 -0.110007 -0.115504 -0.095028 -0.107414 -0.112483 -0.103719 -0.112638 -0.1241 -0.086916 -0.104348 -0.103336 -0.095756 -0.093966 -0.120343 -0.103012 -0.114865 -0.085213 -0.121346 -0.106616 -0.110765 -0.08725 -0.097676 -0.083096 -0.101061 -0.120278 -0.089649 -0.087487 -0.121913 -0.092446 -0.109265 -0.108609 -0.091779 -0.102968 -0.097846 -0.098455 -0.091331 -0.099876
-0.11634 -0.088151 -0.101179 -0.107701 -0.091892 -0.086899 -0.091522 -0.108155 -0.117956 -0.106587 -0.106549 -0.111957 -0.126255 -0.107104 -0.113986 -0.096008 -0.109616 -0.112675 -0.106022 -0.111395 -0.125765 -0.088685 -0.102018 -0.105713 -0.098603 -0.090302 -0.11887 -0.104351 -0.117486 -0.080947 -0.119499 -0.096325 -0.105486 -0.087631 -0.100785 -0.092795 -0.100704 -0.119988 -0.091018 -0.087862 -0.125017 -0.089153 -0.101449 -0.108758 -0.093134 -0.10567 -0.09443 -0.097764 -0.086694 -0.094341
-0.114185 -0.086664 -0.10204 -0.10449 -0.086863 -0.085557 -0.085307 -0.103665 -0.112541 -0.104828 -0.106168 -0.105532 -0.12344 -0.104635 -0.113223 -0.093998 -0.108403 -0.11471 -0.108724 -0.117849 -0.128288 -0.087702 -0.099595 -0.102622 -0.095029 -0.089707 -0.11403 -0.106638 -0.120395 -0.080104 -0.119911 -0.096368 -0.108355 -0.083603 -0.102212 -0.093455 -0.100944 -0.118706 -0.091476 -0.084581 -0.118014 -0.095769 -0.098042 -0.108908 -0.091005 -0.097968 -0.096541 -0.095002 -0.086517 -0.097631
-0.1094 -0.087457 -0.10022 -0.104533 -0.08478 -0.083304 -0.089049 -0.102987 -0.11539 -0.103115 -0.111406 -0.102358 -0.117686 -0.097935 -0.116774 -0.095313 -0.107689 -0.116431 -0.113734 -0.108648 -0.120409 -0.088386 -0.099318 -0.104553 -0.093421 -0.090001 -0.111053 -0.107889 -0.098901 -0.079672 -0.110147 -0.094835 -0.104776 -0.084988 -0.100719 -0.090329 -0.098686 -0.119297 -0.090953 -0.092329 -0.113345 -0.088743 -0.090044 -0.106285 -0.093838 -0.098814 -0.098434 -0.103851 -0.082292 -0.098408
-0.108368 -0.086124 -0.10249 -0.101422 -0.086927 -0.078022 -0.087387 -0.101975 -0.114721 -0.095714 -0.106954 -0.10184 -0.116989 -0.098763 -0.115699 -0.098967 -0.105773 -0.115219 -0.113107 -0.107464 -0.114135 -0.083655 -0.102902 -0.103554 -0.089858 -0.085378 -0.106327 -0.10482 -0.099493 -0.08035 -0.113365 -0.095669 -0.108626 -0.085367 -0.10301 -0.089466 -0.102119 -0.121016 -0.086098 -0.086242 -0.113257 -0.087916 -0.091064 -0.107854 -0.098457 -0.09851 -0.093172 -0.102312 -0.080846 -0.094354
-0.110232 -0.087134 -0.095699 -0.099371 -0.085941 -0.079511 -0.085452 -0.102807 -0.114462 -0.093176 -0.090398 -0.099952 -0.10591 -0.101127 -0.116854 -0.094641 -0.103169 -0.10928 -0.099142 -0.096193 -0.114483 -0.080274 -0.096342 -0.102286 -0.088351 -0.08856 -0.103642 -0.105835 -0.098528 -0.079162 -0.101254 -0.095635 -0.104543 -0.082919 -0.101922 -0.087683 -0.102101 -0.120202 -0.08423 -0.086752 -0.10759 -0.087299 -0.089571 -0.107431 -0.099807 -0.097236 -0.094638 -0.101583 -0.082796 -0.091661
-0.110998 -0.085959 -0.099538 -0.100166 -0.08229 -0.082389 -0.085531 -0.103417 -0.114787 -0.092869 -0.088845 -0.093542 -0.106806 -0.097838 -0.110439 -0.090784 -0.102049 -0.108684 -0.101377 -0.092693 -0.114202 -0.07928 -0.098514 -0.107805 -0.090461 -0.083245 -0.101855 -0.103202 -0.098834 -0.08034 -0.110386 -0.095421 -0.10004 -0.080624 -0.102177 -0.088689 -0.108828 -0.120805 -0.083481 -0.085006 -0.107925 -0.08761 -0.090209 -0.105758 -0.099851 -0.098196 -0.090468 -0.098545 -0.080611 -0.091663
-0.115561 -0.086525 -0.095692 -0.097595 -0.080585 -0.083256 -0.084335 -0.099884 -0.113464 -0.094446 -0.092822 -0.095667 -0.105828 -0.096151 -0.107968 -0.091915 -0.102125 -0.107787 -0.099352 -0.085483 -0.114605 -0.078951 -0.101785 -0.104736 -0.087672 -0.085084 -0.101475 -0.103039 -0.100907 -0.081663 -0.11397 -0.095073 -0.097736 -0.08259 -0.103068 -0.090717 -0.102923 -0.12125 -0.086653 -0.083004 -0.097297 -0.088704 -0.090202 -0.105474 -0.096181 -0.099542 -0.089252 -0.098714 -0.081687 -0.085211
-0.117174 -0.0861 -0.092752 -0.099077 -0.081682 -0.081013 -0.084562 -0.100793 -0.114911 -0.095406 -0.092655 -0.092513 -0.08528 -0.094323 -0.098591 -0.091207 -0.100907 -0.105262 -0.098709 -0.086964 -0.114806 -0.079007 -0.092129 -0.100654 -0.08896 -0.083998 -0.095972 -0.104035 -0.100359 -0.076397 -0.096947 -0.090114 -0.10459 -0.082838 -0.101866 -0.08209 -0.102574 -0.122114 -0.087327 -0.081144 -0.098769 -0.088897 -0.086697 -0.102885 -0.096613 -0.100238 -0.089956 -0.097655 -0.082632 -0.086756
-0.112522 -0.084955 -0.092302 -0.098013 -0.078376 -0.082432 -0.085112 -0.101214 -0.112973 -0.098511 -0.092585 -0.09218 -0.083341 -0.093324 -0.096458 -0.084969 -0.098637 -0.100293 -0.098606 -0.087539 -0.097735 -0.076439 -0.088899 -0.100633 -0.09056 -0.077411 -0.102756 -0.104376 -0.102244 -0.078189 -0.095272 -0.084681 -0.104575 -0.08222 -0.103032 -0.081618 -0.101068 -0.114137 -0.086678 -0.079082 -0.101185 -0.081005 -0.083879 -0.100681 -0.095777 -0.101109 -0.08642 -0.0961 -0.086683 -0.084294
-0.109904 -0.086066 -0.088983 -0.100337 -0.081518 -0.081895 -0.084354 -0.097777 -0.108142 -0.093854 -0.093376 -0.093657 -0.078776 -0.093597 -0.093316 -0.089388 -0.083847 -0.101575 -0.093406 -0.086297 -0.096198 -0.079169 -0.090226 -0.101053 -0.090715 -0.075191 -0.103449 -0.103451 -0.101192 -0.077071 -0.091638 -0.087823 -0.10564 -0.080214 -0.101132 -0.079176 -0.101005 -0.113785 -0.083843 -0.081705 -0.097635 -0.082166 -0.086683 -0.100872 -0.098364 -0.099905 -0.079502 -0.094723 -0.083324 -0.083738
-0.110378 -0.087672 -0.089998 -0.103098 -0.080511 -0.080922 -0.085752 -0.098288 -0.108644 -0.100812 -0.093246 -0.085445 -0.082818 -0.091521 -0.091407 -0.088049 -0.083653 -0.100354 -0.093044 -0.087036 -0.09416 -0.079655 -0.088367 -0.097794 -0.090588 -0.082241 -0.101487 -0.100816 -0.101156 -0.079616 -0.092964 -0.085159 -0.10542 -0.07909 -0.098423 -0.078548 -0.104049 -0.112637 -0.080949 -0.080325 -0.09697 -0.074312 -0.085184 -0.092721 -0.097437 -0.10459 -0.077074 -0.095459 -0.082529 -0.082293
-0.107692 -0.086867 -0.091391 -0.102648 -0.079871 -0.079792 -0.085822 -0.096891 -0.10967 -0.101668 -0.091045 -0.0869 -0.085136 -0.091483 -0.086525 -0.088568 -0.083259 -0.099292 -0.09433 -0.087125 -0.096048 -0.080526 -0.090068 -0.100255 -0.090692 -0.077745 -0.102282 -0.099792 -0.094537 -0.079272 -0.091249 -0.08628 -0.103821 -0.078895 -0.095326 -0.075168 -0.101742 -0.114747 -0.079946 -0.084632 -0.09104 -0.074284 -0.08449 -0.091536 -0.089546 -0.102575 -0.077956 -0.094558 -0.080868 -0.082706
-0.107773 -0.084697 -0.092369 -0.104256 -0.087124 -0.077714 -0.083047 -0.095669 -0.105183 -0.092388 -0.092622 -0.080741 -0.083795 -0.0936 -0.085553 -0.086596 -0.080862 -0.099832 -0.093779 -0.085715 -0.09812 -0.080302 -0.089596 -0.099637 -0.093039 -0.07811 -0.102738 -0.099914 -0.093872 -0.077398 -0.089617 -0.084447 -0.102967 -0.080892 -0.098528 -0.076076 -0.096377 -0.114677 -0.079859 -0.083643 -0.092996 -0.075373 -0.081267 -0.100492 -0.088319 -0.100932 -0.077025 -0.096833 -0.082783 -0.082635
-0.102361 -0.081966 -0.090838 -0.104869 -0.082871 -0.07917 -0.083767 -0.096969 -0.106483 -0.093797 -0.089193 -0.087133 -0.084042 -0.093872 -0.088248 -0.087825 -0.081643 -0.101293 -0.095428 -0.087246 -0.097686 -0.075911 -0.091355 -0.099036 -0.09598 -0.077143 -0.103349 -0.087035 -0.090892 -0.0778 -0.088435 -0.086503 -0.099559 -0.078645 -0.098046 -0.074042 -0.102058 -0.114248 -0.07986 -0.08622 -0.091897 -0.075671 -0.078223 -0.100373 -0.088074 -0.100669 -0.076719 -0.09201 -0.081026 -0.081214
-0.100586 -0.078811 -0.091666 -0.102928 -0.076959 -0.078331 -0.083164 -0.0907 -0.108078 -0.090572 -0.092189 -0.084168 -0.083888 -0.090309 -0.088304 -0.08622 -0.08132 -0.091583 -0.091811 -0.088073 -0.091381 -0.075784 -0.088479 -0.097676 -0.094301 -0.076928 -0.092372 -0.08603 -0.09468 -0.081708 -0.085504 -0.082786 -0.098676 -0.079788 -0.092133 -0.074797 -0.101803 -0.113261 -0.080204 -0.08196 -0.093559 -0.073386 -0.078641 -0.103433 -0.082636 -0.102004 -0.078001 -0.091716 -0.082184 -0.080174
-0.098352 -0.082607 -0.089946 -0.100898 -0.076918 -0.078996 -0.081154 -0.092921 -0.111636 -0.088819 -0.094565 -0.082646 -0.083935 -0.09033 -0.095318 -0.088127 -0.083064 -0.081154 -0.093134 -0.08862 -0.090826 -0.076201 -0.089269 -0.098427 -0.096557 -0.076349 -0.091784 -0.085751 -0.093119 -0.079566 -0.08643 -0.082757 -0.09862 -0.081651 -0.095212 -0.070654 -0.098593 -0.104365 -0.077112 -0.082097 -0.092341 -0.074085 -0.075556 -0.091017 -0.081693 -0.100656 -0.075414 -0.092475 -0.080992 -0.080978
-0.098469 -0.080888 -0.090049 -0.103626 -0.075027 -0.078784 -0.081628 -0.093232 -0.10798 -0.089242 -0.092633 -0.081864 -0.08268 -0.091974 -0.096172 -0.088066 -0.08311 -0.082895 -0.090975 -0.089478 -0.092393 -0.075968 -0.088487 -0.097184 -0.09261 -0.076198 -0.092159 -0.085628 -0.092799 -0.08069 -0.081917 -0.081226 -0.096022 -0.080045 -0.092264 -0.07035 -0.099568 -0.105043 -0.077509 -0.080277 -0.090729 -0.073975 -0.079948 -0.091383 -0.082662 -0.099969 -0.075328 -0.087249 -0.082735 -0.085342
-0.100069 -0.081074 -0.090092 -0.103514 -0.075508 -0.08107 -0.084646 -0.087188 -0.106087 -0.085461 -0.092786 -0.081568 -0.085555 -0.090855 -0.092224 -0.086805 -0.085787 -0.078375 -0.09106 -0.088042 -0.093119 -0.076508 -0.08773 -0.092431 -0.092263 -0.076906 -0.093295 -0.086442 -0.08737 -0.077109 -0.082227 -0.082381 -0.09293 -0.080155 -0.09304 -0.072049 -0.092918 -0.081213 -0.074914 -0.082887 -0.091572 -0.077045 -0.07816 -0.08854 -0.082973 -0.100486 -0.074309 -0.088412 -0.080794 -0.084355
-0.103087 -0.081422 -0.086892 -0.101217 -0.076142 -0.080731 -0.08286 -0.088429 -0.106795 -0.087642 -0.091902 -0.080353 -0.081025 -0.090111 -0.09102 -0.086663 -0.081968 -0.084487 -0.090008 -0.085252 -0.089456 -0.075006 -0.092425 -0.093966 -0.091026 -0.078744 -0.091766 -0.087841 -0.08868 -0.077323 -0.084126 -0.083874 -0.092863 -0.079728 -0.092621 -0.069157 -0.093619 -0.07837 -0.075859 -0.082869 -0.087924 -0.071865 -0.077457 -0.087333 -0.082238 -0.100082 -0.074602 -0.08987 -0.082692 -0.082573
-0.103036 -0.081589 -0.08782 -0.095269 -0.074014 -0.080698 -0.083635 -0.085801 -0.105869 -0.08496 -0.091607 -0.07821 -0.088012 -0.09101 -0.092482 -0.086795 -0.084749 -0.086012 -0.089351 -0.08092 -0.089089 -0.076086 -0.092152 -0.09577 -0.091267 -0.075735 -0.08721 -0.088903 -0.086466 -0.076884 -0.082252 -0.081363 -0.086682 -0.080652 -0.092178 -0.072839 -0.094195 -0.079209 -0.076752 -0.080276 -0.086981 -0.072859 -0.07397 -0.08651 -0.083558 -0.101041 -0.078582 -0.087892 -0.08097 -0.082504
-0.100097 -0.076568 -0.089667 -0.094575 -0.075432 -0.077697 -0.082802 -0.093816 -0.09689 -0.083336 -0.093551 -0.076752 -0.088037 -0.091748 -0.091645 -0.087397 -0.080925 -0.086282 -0.087262 -0.079948 -0.089347 -0.075495 -0.090927 -0.093758 -0.091792 -0.076071 -0.092293 -0.08436 -0.085543 -0.077449 -0.081826 -0.083849 -0.095823 -0.08084 -0.092151 -0.06921 -0.091546 -0.078746 -0.071431 -0.08259 -0.086304 -0.074895 -0.073712 -0.086387 -0.082329 -0.1009 -0.080464 -0.089705 -0.079448 -0.082979
-0.098784 -0.079057 -0.087024 -0.095434 -0.072734 -0.079337 -0.082844 -0.095545 -0.097071 -0.083215 -0.094845 -0.078645 -0.08541 -0.086856 -0.092055 -0.087432 -0.084158 -0.08388 -0.08662 -0.076643 -0.089159 -0.074935 -0.086385 -0.093448 -0.090296 -0.080097 -0.097351 -0.086711 -0.084504 -0.0818 -0.08207 -0.082112 -0.08472 -0.075913 -0.091282 -0.069402 -0.089812 -0.079182 -0.070667 -0.081733 -0.084121 -0.072966 -0.078345 -0.086325 -0.084197 -0.097103 -0.0775 -0.089482 -0.079165 -0.081801
-0.101141 -0.080295 -0.07904 -0.094573 -0.07447 -0.082474 -0.081166 -0.094321 -0.095703 -0.084217 -0.093434 -0.079634 -0.084811 -0.086726 -0.090048 -0.083523 -0.089246 -0.088734 -0.084589 -0.076098 -0.092031 -0.074934 -0.087056 -0.094668 -0.085059 -0.078665 -0.097205 -0.083543 -0.083793 -0.088559 -0.081345 -0.083424 -0.083766 -0.075333 -0.087211 -0.071588 -0.089807 -0.078627 -0.068086 -0.078581 -0.078608 -0.073605 -0.076167 -0.083961 -0.084041 -0.098872 -0.06888 -0.089042 -0.079877 -0.079747
-0.094705 -0.083291 -0.079235 -0.091889 -0.0759 -0.078678 -0.085499 -0.093541 -0.093725 -0.083068 -0.089492 -0.079496 -0.080505 -0.083633 -0.088073 -0.082715 -0.085087 -0.089514 -0.086697 -0.076122 -0.088795 -0.071759 -0.086669 -0.091225 -0.086494 -0.077991 -0.095795 -0.083954 -0.084373 -0.08323 -0.080725 -0.083037 -0.084453 -0.077707 -0.093046 -0.067024 -0.09027 -0.079979 -0.067476 -0.082612 -0.077354 -0.071185 -0.074538 -0.085045 -0.084843 -0.099125 -0.06864 -0.087016 -0.080401 -0.080307
-0.095738 -0.081803 -0.080646 -0.092239 -0.077041 -0.077907 -0.084363 -0.095352 -0.097627 -0.082692 -0.090149 -0.079474 -0.078726 -0.085187 -0.091717 -0.081672 -0.084464 -0.091841 -0.0828 -0.073398 -0.089809 -0.073592 -0.079139 -0.091275 -0.082647 -0.07644 -0.091741 -0.08452 -0.084613 -0.076128 -0.080284 -0.082083 -0.083826 -0.077408 -0.090762 -0.067637 -0.090008 -0.078889 -0.068188 -0.084478 -0.079119 -0.071606 -0.075019 -0.083522 -0.082359 -0.099323 -0.068807 -0.088867 -0.084894 -0.075113
-0.092213 -0.078421 -0.07994 -0.093317 -0.074079 -0.079885 -0.086226 -0.095781 -0.098551 -0.084209 -0.090943 -0.078472 -0.07913 -0.08281 -0.089274 -0.08221 -0.085574 -0.089488 -0.081571 -0.07914 -0.089532 -0.070118 -0.08168 -0.089907 -0.080364 -0.076732 -0.092385 -0.085958 -0.083468 -0.08012 -0.079214 -0.081954 -0.077493 -0.075814 -0.087287 -0.067114 -0.08974 -0.080577 -0.070679 -0.083527 -0.078641 -0.069389 -0.076244 -0.084848 -0.081597 -0.098927 -0.068136 -0.082319 -0.084058 -0.076079
-0.088552 -0.078769 -0.081004 -0.092106 -0.076468 -0.079724 -0.085785 -0.095958 -0.098252 -0.083573 -0.085876 -0.080973 -0.076689 -0.083255 -0.092989 -0.082231 -0.084058 -0.087415 -0.081861 -0.078642 -0.088592 -0.071534 -0.078518 -0.090484 -0.080022 -0.077041 -0.092664 -0.084416 -0.084057 -0.080683 -0.080742 -0.080803 -0.082605 -0.076138 -0.091617 -0.066625 -0.088326 -0.079708 -0.067705 -0.082921 -0.078338 -0.07122 -0.075435 -0.084423 -0.085163 -0.100201 -0.069614 -0.083172 -0.083616 -0.075736
-0.087361 -0.078422 -0.082074 -0.086013 -0.075132 -0.078337 -0.084983 -0.096583 -0.095304 -0.082368 -0.086368 -0.079741 -0.075521 -0.081203 -0.089645 -0.083172 -0.079612 -0.087065 -0.08328 -0.078945 -0.088905 -0.074756 -0.076098 -0.088954 -0.079291 -0.076619 -0.076122 -0.085348 -0.083525 -0.079757 -0.080019 -0.082157 -0.084473 -0.075499 -0.090628 -0.069132 -0.0889 -0.079502 -0.069897 -0.079642 -0.078318 -0.070805 -0.073997 -0.082204 -0.084783 -0.098692 -0.068215 -0.080826 -0.079467 -0.075479
