-0.220814 -0.16072 -0.271521 -0.222681 -0.231317 -0.328433 -0.286315 -0.259369 -0.286915 -0.224955 -0.166769 -0.201905 -0.267164 -0.248796 -0.266979 -0.205097 -0.244668 -0.22511 -0.162599 -0.242899 -0.200681 -0.209009 -0.221412 -0.321611 -0.252354 -0.268689 -0.24965 -0.197616 -0.269483 -0.227012 -0.217251 -0.266496 -0.259741 -0.209239 -0.261175 -0.228824 -0.17 -0.220472 -0.209666 -0.207029 -0.24384 -0.271223 -0.244945 -0.238596 -0.29439 -0.232967 -0.241604 -0.210614 -0.258515 -0.281837
-0.247128 -0.151056 -0.216014 -0.130791 -0.189571 -0.229903 -0.229788 -0.192219 -0.218789 -0.178739 -0.1741 -0.223141 -0.18238 -0.210374 -0.184827 -0.166253 -0.224773 -0.178217 -0.171123 -0.224247 -0.197963 -0.186745 -0.167768 -0.214394 -0.174624 -0.201104 -0.242438 -0.172511 -0.183975 -0.183547 -0.14695 -0.181749 -0.186649 -0.193953 -0.241238 -0.161485 -0.191189 -0.188309 -0.209769 -0.177251 -0.209984 -0.211566 -0.193995 -0.199652 -0.204476 -0.204441 -0.215084 -0.169289 -0.163005 -0.158043
-0.184938 -0.172637 -0.182177 -0.147253 -0.149839 -0.190915 -0.173573 -0.178168 -0.164155 -0.197739 -0.162207 -0.146786 -0.191789 -0.143113 -0.162045 -0.169995 -0.190267 -0.116982 -0.141262 -0.158791 -0.18368 -0.162805 -0.171747 -0.162328 -0.176978 -0.174568 -0.189792 -0.171736 -0.13526 -0.176207 -0.139028 -0.14159 -0.152361 -0.151652 -0.183821 -0.182567 -0.128937 -0.159142 -0.203312 -0.147669 -0.166214 -0.181719 -0.157931 -0.19038 -0.137183 -0.161825 -0.215957 -0.204964 -0.145811 -0.142809
-0.13781 -0.1273 -0.15105 -0.122042 -0.13959 -0.139364 -0.136225 -0.180938 -0.139588 -0.150143 -0.142542 -0.147189 -0.174584 -0.155398 -0.161603 -0.157188 -0.190281 -0.144224 -0.177633 -0.146188 -0.134445 -0.13176 -0.174995 -0.145186 -0.168777 -0.159448 -0.170089 -0.165895 -0.152137 -0.144421 -0.142714 -0.137021 -0.124432 -0.146485 -0.200016 -0.140083 -0.112301 -0.187751 -0.171893 -0.171457 -0.135838 -0.184031 -0.13821 -0.155354 -0.135103 -0.124575 -0.148573 -0.159317 -0.126265 -0.126498
-0.150633 -0.126073 -0.176366 -0.156243 -0.13273 -0.13521 -0.151416 -0.126578 -0.134276 -0.15562 -0.139959 -0.12044 -0.157603 -0.145004 -0.168941 -0.133104 -0.17129 -0.132332 -0.1501 -0.149995 -0.174758 -0.125752 -0.156295 -0.140826 -0.149797 -0.139666 -0.142705 -0.165585 -0.166021 -0.152927 -0.139812 -0.134757 -0.122239 -0.156308 -0.146528 -0.15417 -0.136805 -0.141272 -0.161171 -0.146853 -0.129255 -0.180778 -0.130902 -0.171394 -0.135163 -0.134905 -0.123355 -0.143955 -0.143198 -0.13748
-0.13764 -0.125921 -0.140298 -0.145648 -0.11172 -0.140583 -0.155324 -0.144246 -0.121494 -0.1304 -0.11017 -0.118327 -0.129181 -0.148669 -0.165201 -0.152249 -0.158076 -0.160327 -0.133524 -0.143494 -0.146865 -0.113561 -0.151455 -0.136712 -0.151509 -0.11493 -0.135505 -0.134665 -0.151147 -0.129406 -0.133252 -0.131587 -0.123271 -0.154089 -0.14148 -0.130094 -0.110784 -0.135458 -0.110899 -0.159817 -0.141637 -0.142836 -0.114727 -0.147978 -0.128195 -0.102657 -0.128902 -0.115925 -0.131699 -0.159326
-0.132608 -0.139289 -0.137867 -0.152037 -0.126302 -0.127049 -0.132284 -0.121795 -0.13186 -0.110697 -0.120009 -0.117884 -0.107859 -0.122287 -0.14457 -0.134744 -0.122081 -0.13779 -0.120701 -0.148897 -0.140513 -0.122974 -0.122167 -0.120747 -0.126096 -0.101006 -0.118975 -0.116431 -0.125354 -0.118112 -0.119637 -0.160355 -0.121062 -0.138047 -0.113817 -0.120151 -0.107884 -0.100102 -0.121328 -0.121722 -0.171434 -0.152661 -0.11712 -0.159649 -0.133237 -0.102239 -0.116648 -0.109155 -0.130286 -0.126595
-0.147077 -0.087374 -0.125305 -0.109654 -0.112497 -0.116145 -0.135311 -0.108602 -0.12782 -0.133054 -0.109206 -0.122769 -0.110745 -0.108703 -0.128256 -0.139991 -0.128214 -0.147419 -0.093226 -0.136795 -0.137979 -0.106021 -0.114757 -0.115736 -0.131167 -0.102833 -0.111543 -0.122942 -0.128026 -0.118907 -0.121944 -0.127724 -0.103293 -0.164813 -0.128015 -0.114114 -0.100711 -0.110405 -0.101809 -0.135026 -0.139795 -0.111591 -0.129552 -0.148563 -0.137063 -0.104052 -0.090418 -0.121606 -0.096167 -0.11194
-0.1323 -0.09475 -0.116258 -0.107059 -0.113317 -0.110282 -0.114511 -0.110144 -0.120286 -0.151132 -0.115737 -0.107267 -0.120426 -0.117556 -0.161744 -0.123374 -0.123881 -0.142245 -0.086933 -0.133949 -0.094314 -0.110346 -0.132413 -0.138642 -0.108052 -0.110998 -0.10173 -0.109024 -0.109151 -0.110336 -0.125692 -0.115965 -0.112003 -0.147715 -0.123541 -0.10628 -0.125522 -0.091814 -0.112814 -0.112126 -0.134046 -0.100463 -0.111703 -0.127192 -0.134426 -0.105468 -0.112085 -0.123638 -0.103118 -0.114736
-0.137338 -0.09429 -0.112642 -0.12143 -0.12464 -0.112338 -0.08743 -0.121017 -0.13395 -0.104173 -0.109951 -0.111594 -0.122833 -0.092303 -0.146487 -0.119677 -0.122407 -0.127449 -0.084621 -0.118732 -0.105664 -0.107962 -0.133432 -0.121482 -0.125398 -0.123978 -0.100529 -0.096753 -0.12264 -0.102662 -0.143707 -0.127058 -0.136013 -0.135669 -0.128682 -0.09996 -0.098559 -0.115022 -0.150547 -0.112686 -0.109115 -0.112397 -0.117832 -0.12853 -0.123487 -0.095775 -0.112644 -0.094095 -0.118512 -0.121249
-0.11851 -0.088274 -0.111028 -0.128779 -0.102296 -0.113 -0.097705 -0.09587 -0.13718 -0.096858 -0.102645 -0.105068 -0.116923 -0.095539 -0.119037 -0.127333 -0.138665 -0.118966 -0.099699 -0.105639 -0.102347 -0.103089 -0.105484 -0.104077 -0.110221 -0.077542 -0.114857 -0.097187 -0.127213 -0.110167 -0.12109 -0.109631 -0.112106 -0.123014 -0.103102 -0.091344 -0.097123 -0.096964 -0.107343 -0.11677 -0.108782 -0.105599 -0.107254 -0.13259 -0.125775 -0.110898 -0.091401 -0.110772 -0.100152 -0.116904
-0.140628 -0.1037 -0.117028 -0.129885 -0.105224 -0.086897 -0.09562 -0.096111 -0.124881 -0.108643 -0.111501 -0.088364 -0.10079 -0.091425 -0.126105 -0.135744 -0.120439 -0.107221 -0.09845 -0.104937 -0.098438 -0.108903 -0.102581 -0.112746 -0.10361 -0.089549 -0.085653 -0.098818 -0.096306 -0.108731 -0.105699 -0.118379 -0.093404 -0.111052 -0.098089 -0.099995 -0.107301 -0.102178 -0.131455 -0.101535 -0.111271 -0.094317 -0.098638 -0.126365 -0.11099 -0.101507 -0.108791 -0.106103 -0.11123 -0.117582
-0.10241 -0.105849 -0.105794 -0.124288 -0.115062 -0.095186 -0.085555 -0.088905 -0.122718 -0.116359 -0.10362 -0.096185 -0.104345 -0.094819 -0.115652 -0.124555 -0.119913 -0.106619 -0.101202 -0.111246 -0.092496 -0.101206 -0.120592 -0.088388 -0.103709 -0.079578 -0.107956 -0.111527 -0.107953 -0.120917 -0.123261 -0.106962 -0.097462 -0.118391 -0.09588 -0.094101 -0.097189 -0.09726 -0.095578 -0.090142 -0.10971 -0.097579 -0.088805 -0.115576 -0.117456 -0.124087 -0.104891 -0.095173 -0.096801 -0.10608
-0.098711 -0.096388 -0.102074 -0.114203 -0.106458 -0.094715 -0.120469 -0.09004 -0.104193 -0.113814 -0.097214 -0.102421 -0.108877 -0.091335 -0.103034 -0.106543 -0.13007 -0.109178 -0.095191 -0.118179 -0.109027 -0.122379 -0.11204 -0.102701 -0.092383 -0.085769 -0.088852 -0.1124 -0.140797 -0.103624 -0.100233 -0.118188 -0.091504 -0.128191 -0.104761 -0.118517 -0.093822 -0.097802 -0.111131 -0.103523 -0.109957 -0.11062 -0.086426 -0.115089 -0.112916 -0.125087 -0.094257 -0.079193 -0.093504 -0.093622
-0.128396 -0.094726 -0.120488 -0.123137 -0.127551 -0.106724 -0.108101 -0.095637 -0.10428 -0.101478 -0.098795 -0.096697 -0.097104 -0.080593 -0.097706 -0.118794 -0.126886 -0.091986 -0.100607 -0.09828 -0.09475 -0.099111 -0.113739 -0.120799 -0.111989 -0.086517 -0.09564 -0.108532 -0.092662 -0.105277 -0.110341 -0.106703 -0.08918 -0.104663 -0.095928 -0.092651 -0.086908 -0.093887 -0.109237 -0.089898 -0.092271 -0.094365 -0.093708 -0.104436 -0.1123 -0.127491 -0.091125 -0.089065 -0.100433 -0.098019
-0.101576 -0.125185 -0.122127 -0.120528 -0.115076 -0.125214 -0.092669 -0.106173 -0.11356 -0.10208 -0.096817 -0.10322 -0.106134 -0.079635 -0.104528 -0.107372 -0.13346 -0.087789 -0.101932 -0.103996 -0.10008 -0.124319 -0.114355 -0.097805 -0.101477 -0.105988 -0.092399 -0.109058 -0.104324 -0.096412 -0.105382 -0.099405 -0.089654 -0.101784 -0.108619 -0.099414 -0.092207 -0.100169 -0.107353 -0.111523 -0.10156 -0.103678 -0.096853 -0.101651 -0.100204 -0.103886 -0.099406 -0.097595 -0.105921 -0.100515
-0.09425 -0.105489 -0.122729 -0.145281 -0.100148 -0.12371 -0.093921 -0.108775 -0.110221 -0.099055 -0.103682 -0.121248 -0.105556 -0.084777 -0.096773 -0.096832 -0.108176 -0.099832 -0.098723 -0.093375 -0.101539 -0.095651 -0.102848 -0.103119 -0.099949 -0.085089 -0.098339 -0.107661 -0.105078 -0.111194 -0.104089 -0.106049 -0.095209 -0.111045 -0.099588 -0.093568 -0.112865 -0.092932 -0.110652 -0.105862 -0.090849 -0.104615 -0.096829 -0.087006 -0.117361 -0.106132 -0.095446 -0.094944 -0.122091 -0.113032
-0.095641 -0.08216 -0.147359 -0.128622 -0.101884 -0.113095 -0.08829 -0.109834 -0.113151 -0.099085 -0.111912 -0.108349 -0.090721 -0.084974 -0.098559 -0.102312 -0.11472 -0.093186 -0.097035 -0.103257 -0.101577 -0.086666 -0.09741 -0.115598 -0.094002 -0.104122 -0.085246 -0.113433 -0.094461 -0.12003 -0.082909 -0.103049 -0.08677 -0.114146 -0.086866 -0.086874 -0.114392 -0.099904 -0.125091 -0.086046 -0.086754 -0.112973 -0.106488 -0.095366 -0.110518 -0.107609 -0.091081 -0.092084 -0.122574 -0.111739
-0.098298 -0.077427 -0.10016 -0.151629 -0.104741 -0.101027 -0.096773 -0.108637 -0.122734 -0.087299 -0.101345 -0.103736 -0.108462 -0.081027 -0.101918 -0.112365 -0.115972 -0.107199 -0.110309 -0.0939 -0.080827 -0.098539 -0.105147 -0.107641 -0.107326 -0.089361 -0.099718 -0.099875 -0.113048 -0.107732 -0.124658 -0.095662 -0.09039 -0.103196 -0.111179 -0.08625 -0.087035 -0.097659 -0.096206 -0.080476 -0.085703 -0.100195 -0.088592 -0.091163 -0.119073 -0.092318 -0.086456 -0.091099 -0.103282 -0.085473
-0.096205 -0.081464 -0.116325 -0.116399 -0.096929 -0.107112 -0.094463 -0.11032 -0.108829 -0.08705 -0.095498 -0.108664 -0.102002 -0.073324 -0.112401 -0.110381 -0.123862 -0.109343 -0.10378 -0.085191 -0.082634 -0.101709 -0.103567 -0.114746 -0.109308 -0.091431 -0.08821 -0.097701 -0.111982 -0.109189 -0.101931 -0.092002 -0.084728 -0.084332 -0.108065 -0.093632 -0.099989 -0.104725 -0.124214 -0.081747 -0.092126 -0.099186 -0.090447 -0.090725 -0.10136 -0.091251 -0.088086 -0.084738 -0.111022 -0.093352
-0.108324 -0.100611 -0.106314 -0.101379 -0.101769 -0.104029 -0.093371 -0.104405 -0.093857 -0.12431 -0.087387 -0.104319 -0.092045 -0.077827 -0.096858 -0.111516 -0.102606 -0.104067 -0.095213 -0.091269 -0.085359 -0.099018 -0.092309 -0.098675 -0.096686 -0.087537 -0.08123 -0.099452 -0.108033 -0.095062 -0.091822 -0.092132 -0.086872 -0.099377 -0.114745 -0.088453 -0.091168 -0.109667 -0.129432 -0.079348 -0.10364 -0.091485 -0.112115 -0.088259 -0.110992 -0.090716 -0.094942 -0.084288 -0.101857 -0.111688
-0.096392 -0.09449 -0.10767 -0.1032 -0.098254 -0.107119 -0.079875 -0.104832 -0.097147 -0.094514 -0.09002 -0.098173 -0.106055 -0.079262 -0.114977 -0.114232 -0.09487 -0.087338 -0.100205 -0.094026 -0.096026 -0.109059 -0.103122 -0.105626 -0.096288 -0.090749 -0.077648 -0.097708 -0.112608 -0.096802 -0.09335 -0.089672 -0.091275 -0.094226 -0.127639 -0.091681 -0.088598 -0.126919 -0.114811 -0.080847 -0.097236 -0.101499 -0.09669 -0.087339 -0.126628 -0.086889 -0.08592 -0.093657 -0.084555 -0.096786
-0.089756 -0.095554 -0.11271 -0.110678 -0.117683 -0.095194 -0.091446 -0.092999 -0.086609 -0.111234 -0.093657 -0.086657 -0.105512 -0.094864 -0.094288 -0.123828 -0.110502 -0.076024 -0.085424 -0.09276 -0.092673 -0.10662 -0.104089 -0.103573 -0.099005 -0.08395 -0.077212 -0.096883 -0.087667 -0.085438 -0.090891 -0.087791 -0.09291 -0.094813 -0.105339 -0.107463 -0.083202 -0.097912 -0.099652 -0.091578 -0.101945 -0.089721 -0.08329 -0.110681 -0.103906 -0.098618 -0.093713 -0.082449 -0.10247 -0.095537
-0.101697 -0.083537 -0.121919 -0.086467 -0.100227 -0.090569 -0.082137 -0.088378 -0.085128 -0.094996 -0.089688 -0.095924 -0.098296 -0.089111 -0.097748 -0.098191 -0.107647 -0.074141 -0.086073 -0.097853 -0.089461 -0.101286 -0.103453 -0.108092 -0.100017 -0.090976 -0.073486 -0.096967 -0.100064 -0.097371 -0.083347 -0.093005 -0.101994 -0.095066 -0.121439 -0.099213 -0.097504 -0.098965 -0.099491 -0.097905 -0.110275 -0.0983 -0.083764 -0.096247 -0.098734 -0.092667 -0.090303 -0.084833 -0.107668 -0.100346
-0.098946 -0.092376 -0.10882 -0.10695 -0.093895 -0.093224 -0.084678 -0.077899 -0.094371 -0.089531 -0.081216 -0.075915 -0.09584 -0.101749 -0.098888 -0.101068 -0.102928 -0.078777 -0.086219 -0.083905 -0.089551 -0.104132 -0.096012 -0.129764 -0.099285 -0.084891 -0.080743 -0.09936 -0.097882 -0.11304 -0.099002 -0.090671 -0.102191 -0.09682 -0.111093 -0.086955 -0.091107 -0.084681 -0.109249 -0.091747 -0.078999 -0.096432 -0.077282 -0.104317 -0.098562 -0.106587 -0.07307 -0.097775 -0.092843 -0.088832
-0.094077 -0.099477 -0.102592 -0.091383 -0.105464 -0.092603 -0.083988 -0.083299 -0.08246 -0.087577 -0.071156 -0.089963 -0.104175 -0.098867 -0.102143 -0.105656 -0.101629 -0.089439 -0.105749 -0.088156 -0.090257 -0.111198 -0.100497 -0.111242 -0.10164 -0.076669 -0.083696 -0.094435 -0.102262 -0.100513 -0.093345 -0.085481 -0.107032 -0.088917 -0.099785 -0.105222 -0.116619 -0.102062 -0.087009 -0.099185 -0.111305 -0.107544 -0.080671 -0.097085 -0.094743 -0.110625 -0.087745 -0.090297 -0.081896 -0.092599
-0.100027 -0.072582 -0.106517 -0.092039 -0.095756 -0.115928 -0.09213 -0.090035 -0.100922 -0.108641 -0.083648 -0.087575 -0.116993 -0.09849 -0.113023 -0.089796 -0.088757 -0.090528 -0.098298 -0.090575 -0.08614 -0.103903 -0.086406 -0.110513 -0.094894 -0.075546 -0.085749 -0.092789 -0.110089 -0.090867 -0.094438 -0.098425 -0.09823 -0.096768 -0.09835 -0.08974 -0.093809 -0.089896 -0.095813 -0.081424 -0.109089 -0.117501 -0.091706 -0.089799 -0.093707 -0.095776 -0.083062 -0.09145 -0.09093 -0.085482
-0.096688 -0.078479 -0.102561 -0.080344 -0.094413 -0.097398 -0.075157 -0.100699 -0.096252 -0.085293 -0.08499 -0.082961 -0.101838 -0.106712 -0.087166 -0.089107 -0.083243 -0.092699 -0.125719 -0.094884 -0.08159 -0.091735 -0.083869 -0.104041 -0.086225 -0.083515 -0.10012 -0.085591 -0.101083 -0.094267 -0.090627 -0.097215 -0.098097 -0.098495 -0.09609 -0.096002 -0.090749 -0.10404 -0.096485 -0.083807 -0.096916 -0.101744 -0.073725 -0.093608 -0.099397 -0.09417 -0.093986 -0.102159 -0.080567 -0.113062
-0.091229 -0.076959 -0.091544 -0.080657 -0.101807 -0.096854 -0.073056 -0.087843 -0.098868 -0.078269 -0.081808 -0.095712 -0.110832 -0.092924 -0.113649 -0.094364 -0.094439 -0.109696 -0.094147 -0.093408 -0.083901 -0.096842 -0.077844 -0.104026 -0.099735 -0.083698 -0.082614 -0.107679 -0.09609 -0.102555 -0.107062 -0.086877 -0.089791 -0.099248 -0.085754 -0.085976 -0.082731 -0.102361 -0.09025 -0.07629 -0.106048 -0.104499 -0.085021 -0.096572 -0.112074 -0.078614 -0.077889 -0.098248 -0.087845 -0.103468
-0.096876 -0.081065 -0.087173 -0.076453 -0.095522 -0.088734 -0.088298 -0.083721 -0.078847 -0.092405 -0.069361 -0.089373 -0.103132 -0.086355 -0.093832 -0.087609 -0.112996 -0.075435 -0.102958 -0.093658 -0.083874 -0.112894 -0.086373 -0.115058 -0.096537 -0.079953 -0.074687 -0.090484 -0.097624 -0.090375 -0.099084 -0.093468 -0.087402 -0.101172 -0.102162 -0.092248 -0.08394 -0.080671 -0.101714 -0.080529 -0.105148 -0.097177 -0.095107 -0.09115 -0.103232 -0.071637 -0.079289 -0.096781 -0.09449 -0.091218
-0.11981 -0.085979 -0.087733 -0.074626 -0.104423 -0.085922 -0.087213 -0.08705 -0.089863 -0.0917 -0.081046 -0.095966 -0.088704 -0.102536 -0.095506 -0.086971 -0.112779 -0.102564 -0.097882 -0.094796 -0.076705 -0.100941 -0.090454 -0.105055 -0.09014 -0.094308 -0.071732 -0.088856 -0.094499 -0.09997 -0.113353 -0.095897 -0.096283 -0.108657 -0.12432 -0.121214 -0.10645 -0.077257 -0.098955 -0.076931 -0.09655 -0.084558 -0.09751 -0.108554 -0.084404 -0.078037 -0.084145 -0.089238 -0.092902 -0.096617
-0.086667 -0.077345 -0.096666 -0.077061 -0.108305 -0.094542 -0.085547 -0.094307 -0.075923 -0.094587 -0.085163 -0.089423 -0.099793 -0.096263 -0.099948 -0.09425 -0.09137 -0.079932 -0.084196 -0.10817 -0.08154 -0.112952 -0.085683 -0.101326 -0.086075 -0.082586 -0.073124 -0.098022 -0.091494 -0.087084 -0.112961 -0.094706 -0.094972 -0.109073 -0.100533 -0.102867 -0.088235 -0.088445 -0.097735 -0.08205 -0.115317 -0.091171 -0.085519 -0.082703 -0.102724 -0.080306 -0.095702 -0.095471 -0.095702 -0.108148
-0.083966 -0.078384 -0.088008 -0.087346 -0.106351 -0.086917 -0.087178 -0.099096 -0.077012 -0.085488 -0.086597 -0.082515 -0.099216 -0.087283 -0.11288 -0.09127 -0.100668 -0.076778 -0.08616 -0.101732 -0.079898 -0.091835 -0.079594 -0.090538 -0.096688 -0.086886 -0.077701 -0.091472 -0.087346 -0.086613 -0.104524 -0.10067 -0.092601 -0.111871 -0.080497 -0.091618 -0.105801 -0.095833 -0.078469 -0.082894 -0.092473 -0.105194 -0.086722 -0.099582 -0.096191 -0.074846 -0.087883 -0.090464 -0.094658 -0.11501
-0.078477 -0.090195 -0.09348 -0.073315 -0.111708 -0.079626 -0.082115 -0.098708 -0.074961 -0.087911 -0.091697 -0.081841 -0.084524 -0.093851 -0.087293 -0.101948 -0.088371 -0.083915 -0.09822 -0.099733 -0.074687 -0.118336 -0.075968 -0.100744 -0.090405 -0.086132 -0.098595 -0.086248 -0.083204 -0.100376 -0.093176 -0.08656 -0.096193 -0.096348 -0.107815 -0.084317 -0.090083 -0.092151 -0.090413 -0.111748 -0.090974 -0.103131 -0.090691 -0.084974 -0.110803 -0.106649 -0.083276 -0.099501 -0.0824 -0.089348
-0.091966 -0.0744 -0.094104 -0.080491 -0.109075 -0.086248 -0.087545 -0.098155 -0.072449 -0.109281 -0.085355 -0.10217 -0.080176 -0.093251 -0.093592 -0.096156 -0.097321 -0.086308 -0.089565 -0.103038 -0.09158 -0.115717 -0.071283 -0.098005 -0.084393 -0.077571 -0.083116 -0.090893 -0.082582 -0.099499 -0.090054 -0.090501 -0.085581 -0.100446 -0.090744 -0.087875 -0.081699 -0.087876 -0.086853 -0.097527 -0.09689 -0.099942 -0.08344 -0.085326 -0.091469 -0.070387 -0.090508 -0.090906 -0.087605 -0.096409
-0.088818 -0.070143 -0.094398 -0.081404 -0.100464 -0.08516 -0.084996 -0.085269 -0.07982 -0.083422 -0.078564 -0.085817 -0.09114 -0.099303 -0.095118 -0.108696 -0.096755 -0.095271 -0.087518 -0.099169 -0.082277 -0.103263 -0.11376 -0.10546 -0.094173 -0.084545 -0.099119 -0.088374 -0.089188 -0.098576 -0.092797 -0.092711 -0.090463 -0.09845 -0.089702 -0.082335 -0.093777 -0.086498 -0.082737 -0.093879 -0.087057 -0.086702 -0.103654 -0.093684 -0.086673 -0.083269 -0.089731 -0.091911 -0.089413 -0.08774
-0.091898 -0.09615 -0.089305 -0.102067 -0.106671 -0.080338 -0.0805 -0.099334 -0.079861 -0.091357 -0.073978 -0.094744 -0.094406 -0.08459 -0.116809 -0.102752 -0.098576 -0.099399 -0.090071 -0.088084 -0.076715 -0.099489 -0.087532 -0.089385 -0.086518 -0.076294 -0.073965 -0.086747 -0.094336 -0.082112 -0.090784 -0.085629 -0.087778 -0.090637 -0.105038 -0.090536 -0.094312 -0.099051 -0.092136 -0.096061 -0.092012 -0.087743 -0.102049 -0.083527 -0.089927 -0.075063 -0.095122 -0.090007 -0.091855 -0.082636
-0.084705 -0.099747 -0.112014 -0.090763 -0.102302 -0.074334 -0.083676 -0.105876 -0.086061 -0.086733 -0.075563 -0.083221 -0.085007 -0.087517 -0.087212 -0.099284 -0.107776 -0.096928 -0.086023 -0.089841 -0.094279 -0.106049 -0.116887 -0.109981 -0.080326 -0.074817 -0.075387 -0.099204 -0.097341 -0.102017 -0.089778 -0.082293 -0.109402 -0.084661 -0.103836 -0.080727 -0.110419 -0.090947 -0.086325 -0.098501 -0.089404 -0.10813 -0.084632 -0.098978 -0.105645 -0.090558 -0.076357 -0.090364 -0.094372 -0.083667
-0.0963 -0.08966 -0.097752 -0.094653 -0.092554 -0.085532 -0.081674 -0.110205 -0.088472 -0.087451 -0.079437 -0.078715 -0.100105 -0.085869 -0.095055 -0.087308 -0.102376 -0.09955 -0.072872 -0.111402 -0.093659 -0.104847 -0.091919 -0.080204 -0.091928 -0.087156 -0.067189 -0.0904 -0.08279 -0.083172 -0.0883 -0.079209 -0.102765 -0.084958 -0.108399 -0.088455 -0.106031 -0.087506 -0.096715 -0.092835 -0.099082 -0.111168 -0.079193 -0.075384 -0.086916 -0.082834 -0.070102 -0.088046 -0.084744 -0.09044
-0.087986 -0.082005 -0.092738 -0.093667 -0.08486 -0.072142 -0.076025 -0.089592 -0.080185 -0.093265 -0.080548 -0.103776 -0.09088 -0.087427 -0.092546 -0.078807 -0.105409 -0.101749 -0.078202 -0.098747 -0.079627 -0.093441 -0.090635 -0.088545 -0.089712 -0.084163 -0.070589 -0.083952 -0.084984 -0.084645 -0.093101 -0.075828 -0.093581 -0.092164 -0.091839 -0.082342 -0.086921 -0.083849 -0.077618 -0.106354 -0.109198 -0.091792 -0.081979 -0.089118 -0.084854 -0.106987 -0.08023 -0.09427 -0.089038 -0.096862
-0.090102 -0.092497 -0.098043 -0.094444 -0.079528 -0.084034 -0.077658 -0.091872 -0.073881 -0.088065 -0.091196 -0.084313 -0.080169 -0.092743 -0.084003 -0.080675 -0.107663 -0.09508 -0.094747 -0.099312 -0.083721 -0.08306 -0.080858 -0.087195 -0.087103 -0.080957 -0.073873 -0.083105 -0.083941 -0.086359 -0.0915 -0.078233 -0.096923 -0.099575 -0.103973 -0.088551 -0.093264 -0.097827 -0.085118 -0.083317 -0.09554 -0.093041 -0.080542 -0.08439 -0.082636 -0.079445 -0.086576 -0.097464 -0.090001 -0.083179
-0.087124 -0.083257 -0.095561 -0.096709 -0.075834 -0.074975 -0.079863 -0.099213 -0.075547 -0.073882 -0.088757 -0.08073 -0.09822 -0.092682 -0.088453 -0.089123 -0.097735 -0.09715 -0.078612 -0.106068 -0.084092 -0.086974 -0.088517 -0.113435 -0.083898 -0.077361 -0.069909 -0.089759 -0.113718 -0.089946 -0.095585 -0.073881 -0.093087 -0.094254 -0.088421 -0.083814 -0.118142 -0.083968 -0.091036 -0.099526 -0.095924 -0.09329 -0.080725 -0.090548 -0.082187 -0.081973 -0.08273 -0.0925 -0.085286 -0.087222
-0.115113 -0.098111 -0.100175 -0.090598 -0.08206 -0.082098 -0.088272 -0.086014 -0.086602 -0.081751 -0.088518 -0.089498 -0.086855 -0.092656 -0.080363 -0.093207 -0.090159 -0.086067 -0.10369 -0.100105 -0.092357 -0.101187 -0.112287 -0.085912 -0.093875 -0.067375 -0.086554 -0.089746 -0.103105 -0.098678 -0.105252 -0.083583 -0.084951 -0.118003 -0.093025 -0.085795 -0.109721 -0.089014 -0.084066 -0.108051 -0.103738 -0.089458 -0.081525 -0.088842 -0.08679 -0.098196 -0.086271 -0.084635 -0.080809 -0.084255
-0.094917 -0.086113 -0.087812 -0.09284 -0.078401 -0.089678 -0.078578 -0.113897 -0.092674 -0.081778 -0.086209 -0.085725 -0.088821 -0.084265 -0.087155 -0.091996 -0.10755 -0.097727 -0.083361 -0.099366 -0.090652 -0.09605 -0.091184 -0.084076 -0.089087 -0.072891 -0.083595 -0.096981 -0.095954 -0.102651 -0.095419 -0.074042 -0.08621 -0.109379 -0.098583 -0.088713 -0.085833 -0.08358 -0.08744 -0.084351 -0.105382 -0.088437 -0.08144 -0.089317 -0.090948 -0.095511 -0.079864 -0.093828 -0.084438 -0.078641
-0.094884 -0.102241 -0.085836 -0.100021 -0.076636 -0.082303 -0.080574 -0.094986 -0.079982 -0.103132 -0.090565 -0.088589 -0.08881 -0.093313 -0.088965 -0.095289 -0.116149 -0.087497 -0.081865 -0.097364 -0.09252 -0.100747 -0.079139 -0.090208 -0.096733 -0.071807 -0.092396 -0.090369 -0.092442 -0.092548 -0.098398 -0.083946 -0.08859 -0.100988 -0.091771 -0.086407 -0.111869 -0.091593 -0.08497 -0.081932 -0.095833 -0.09357 -0.075075 -0.085301 -0.089995 -0.092776 -0.089087 -0.091682 -0.088601 -0.101154
-0.093515 -0.103275 -0.085137 -0.095517 -0.083785 -0.083633 -0.07851 -0.084593 -0.088043 -0.093382 -0.088738 -0.086825 -0.083522 -0.084653 -0.081227 -0.094383 -0.101608 -0.088223 -0.083012 -0.095928 -0.080799 -0.097673 -0.081316 -0.096874 -0.10936 -0.090721 -0.093138 -0.09838 -0.104864 -0.090924 -0.086742 -0.080959 -0.083237 -0.085446 -0.082666 -0.080619 -0.110693 -0.101307 -0.094188 -0.086497 -0.085577 -0.091052 -0.079923 -0.087744 -0.086192 -0.078437 -0.089721 -0.082684 -0.104016 -0.073595
-0.092654 -0.103268 -0.10374 -0.075893 -0.087171 -0.085531 -0.07517 -0.07662 -0.091054 -0.097903 -0.098013 -0.08324 -0.092941 -0.089345 -0.08831 -0.084433 -0.098411 -0.083071 -0.074522 -0.094386 -0.08527 -0.097317 -0.093036 -0.097774 -0.091802 -0.083921 -0.072684 -0.081042 -0.095942 -0.083891 -0.10838 -0.072658 -0.090704 -0.085213 -0.082093 -0.086644 -0.119318 -0.100005 -0.09631 -0.075816 -0.094687 -0.087079 -0.086972 -0.089935 -0.080132 -0.081333 -0.086575 -0.085925 -0.087136 -0.085063
-0.105373 -0.076369 -0.096369 -0.090747 -0.087053 -0.090923 -0.074552 -0.073822 -0.089226 -0.07781 -0.094213 -0.089458 -0.093445 -0.08236 -0.081669 -0.086623 -0.097947 -0.078654 -0.077593 -0.107405 -0.07431 -0.09219 -0.099814 -0.093025 -0.081583 -0.08273 -0.073662 -0.084625 -0.077247 -0.081507 -0.101358 -0.102051 -0.096137 -0.095895 -0.075049 -0.084066 -0.094966 -0.095351 -0.085265 -0.070493 -0.081788 -0.092428 -0.072632 -0.095662 -0.087029 -0.078553 -0.086231 -0.080033 -0.090236 -0.103051
-0.093988 -0.076255 -0.103776 -0.092093 -0.077238 -0.079915 -0.083879 -0.082785 -0.077556 -0.083875 -0.081581 -0.095579 -0.083732 -0.087106 -0.07829 -0.091131 -0.084313 -0.087164 -0.08737 -0.086665 -0.072629 -0.084873 -0.091158 -0.082801 -0.081311 -0.088429 -0.086385 -0.0793 -0.096565 -0.081308 -0.095349 -0.089522 -0.098338 -0.094341 -0.087555 -0.084175 -0.097281 -0.091832 -0.080337 -0.07383 -0.094014 -0.076883 -0.075303 -0.098944 -0.085791 -0.07453 -0.081302 -0.073718 -0.083705 -0.091324
-0.085606 -0.084046 -0.079717 -0.084685 -0.080533 -0.084214 -0.084476 -0.087767 -0.071034 -0.077337 -0.088318 -0.093808 -0.0917 -0.085025 -0.083831 -0.094482 -0.085053 -0.086592 -0.073423 -0.100677 -0.073296 -0.093079 -0.091654 -0.086403 -0.083033 -0.081019 -0.078021 -0.075316 -0.095396 -0.075127 -0.095017 -0.093417 -0.089111 -0.090427 -0.08882 -0.084768 -0.082414 -0.088149 -0.079197 -0.072988 -0.100233 -0.084012 -0.078442 -0.085032 -0.081411 -0.083685 -0.0996 -0.081375 -0.098807 -0.116374
