0.1
0.0020128280132892
0.00226650061480288
0.00284672429272609
0.00320452114464562
0.00338579049167108
0.00367817355412438
0.00362229808657106
0.00373689045332147
0.0037046911127633
0.00415140881834733
0.00448253684411289
0.00476004433884998
0.00458619782528334
0.00504977442540503
0.00603587329983329
0.00653865604429363
0.00689256224551225
0.00688687903513447
0.00688371114051876
0.00780324385411793
0.00844497025190725
0.00762366424747983
0.00798015318667983
0.00711340453385129
0.00730852783577524
0.00862568190372875
0.00822059216391117
0.0083395506878558
0.00794479767882283
0.00867866628708672
0.00892141467754916
0.00840972565123522
0.00871114151633585
0.00926284290739918
0.00923704434403962
0.00879357280368795
0.00940412724928378
0.0104053087646822
0.00991810264507113
0.0100333505745713
0.0104334986831575
0.0115515314710728
0.0120903017235972
0.0138901289917701
0.0150053165737724
0.0150843557763667
0.0135960936802598
0.0137448894779834
0.0135833573156326
0.0119787641319558
0.0129139186980879
0.012996787774434
0.0126813475807287
0.0133893012723321
0.0139253833619255
0.0148715686449796
0.0134967800499512
0.0138468294653071
0.0150635136527823
0.0158536842995644
0.0143865204817712
0.0143869425285641
0.0146634835839392
0.0128742557447878
0.0135084986841622
0.0140747488885996
0.0140767857984886
0.0144310976706984
0.0141408001743284
0.0157070884364159
0.0146625670759003
0.0157335961260864
0.0151780482115285
0.0153467179051257
0.0171900826083434
0.0164569442187486
0.0155409083461419
0.0142564048663576
0.0135716030993721
0.0131338951395849
0.0127992487770388
0.013773008166901
0.0143287630631709
0.0162511572814238
0.0170217023435919
0.0190142406862636
0.0181731296966217
0.0179797599835711
0.0179667769720464
0.0173215338065816
0.0176173992627751
0.0157243212996147
0.0153192131803087
0.0157537935954413
0.0168823409830115
0.0181066622049082
0.0167936020771663
0.0180210180399985
0.0172960016097496
0.0173821324685256
0.0188600079569623
0.0185020805992176
0.020064316827073
0.0192585541820081
0.0187380537447678
0.0183295509448083
0.0174264915002833
0.0168276123542616
0.0160660394765081
0.0162848598877553
0.0149544412162509
0.01357250295424
0.0134649636495802
0.0131489802843818
0.0137714672369716
0.0143336475886471
0.0141214747300125
0.0128997029754655
0.0125343241030279
0.0126269276757855
0.0117416712422962
0.0121944712438865
0.0130075707677459
0.0136255613466959
0.0138348107066228
0.013406008185444
0.0139044123768661
0.0151710692038539
0.0152356100832535
0.0159551355871816
0.0159118219106684
0.0155557444450202
0.0147039003061991
0.0167298015749324
0.0175679249692477
0.0160850544562534
0.0157000665075786
0.0165134234115017
0.0178367971290298
0.0186108779698842
0.0189733300846142
0.0194945674633099
0.0175613709136643
0.0164603661118055
0.0168000385464299
0.0178667071795172
0.0161846954223453
0.015521174573529
0.0156811656354441
0.0155148349678163
0.0158417177180653
0.0182661231587691
0.0181500653596899
0.0194658651310502
0.018911358913964
0.0171493355435999
0.01945916010826
0.0185494245459969
0.0187260499670369
0.0185701098196132
0.0185530305803325
0.0190093456200836
0.0169782717290799
0.0175850790998011
0.0178461595483784
0.0180192626251303
0.0180848176424182
0.0178711525003443
0.0174408316412046
0.0170598025087213
0.0161945358303342
0.0168082047366869
0.0156968172736647
0.0155742286858385
0.0163227473689313
0.0157112697991242
0.016645374291249
0.0164130562469863
0.0179493935621877
0.0176610759222282
0.0180759199779094
0.0190372570163046
0.0189405112660615
0.0196536326970458
0.0201552960651174
0.0193739637223144
0.0198843643606245
0.0198199204380137
0.0198458761532456
0.0178578117960201
0.0183026740493895
0.0193699236354767
0.0192588941558971
0.0192750540058931
0.0197225654075381
0.0194756600010018
0.0197786124230813
0.0187982585078287
0.0191701594907594
0.0169795280110854
0.0176514011529912
0.0190938122660722
0.0197079174286863
0.0194496262483901
0.0204467790689047
0.019553177485113
0.0194850931735819
0.019537287452935
0.020137029460492
0.0197834364959096
0.0195436490129379
0.0203267858667111
0.0207458745932515
0.0201602717796423
0.0195916062307881
0.0193188398884298
0.0209585360519546
0.0211107669140113
0.0215740193645264
0.0223238027802948
0.0229221902905725
0.0221929440983343
0.0222572705492577
0.0211505467080192
0.0206716601717156
0.0215148928800235
0.0210345179159505
0.0201045491053085
0.0181644330331853
0.0173349073304148
0.0169695041422946
0.017376977435365
0.0178170659613736
0.017710826582145
0.0177424594087917
0.0189498968394495
0.0194833964973453
0.0178464648525659
0.0151552880111651
0.0153799859114057
0.0144664689809881
0.0135829105614575
0.0142502486761247
0.014935477443072
0.0156785434150155
0.016418530615053
0.0169527910995629
0.0161295431055329
0.016831983199137
0.016370364329736
0.0148321382922653
0.0163758667249819
0.0170636447928409
0.0176256912651083
0.0176454235185272
0.0186166660686475
0.0194248647776606
0.020646049095569
0.0210306879480529
0.0202619713382189
0.0218697044304016
0.0212400628807819
0.0204195744943049
0.0194937639816175
0.0192553109397952
0.0193237013031834
0.0199037885629729
0.0199008336695908
0.0191457433055731
0.0191675244703471
0.0190601554696463
0.0180786002845646
0.0179386915243911
0.018658327309704
0.0192400593313849
0.0190520929521869
0.019976894113748
0.018908301199911
0.0178764512405574
0.0182922892706108
0.017507708176903
0.0171853110753598
0.0184003201026607
0.0190060680939168
0.0172419992513519
0.0169360064115664
0.0160665220382482
0.0176601667978479
0.017881218264886
0.0175309235125365
0.0176929472950358
0.0167909951813326
0.0166560288936262
0.0175195575439477
0.0187593291780542
0.0180823913482562
0.016604473435293
0.0160306631081502
0.0173675496990768
0.0173255200211742
0.0165909920005575
0.0168986267276424
0.0177343233830947
0.0190251506378663
0.0194011448695107
0.0189336100029849
0.0188808519769138
0.0191702216082255
0.0202524276549527
0.0200939638863007
0.0191284432214022
0.018989540470206
0.0180000691551007
0.0180890075160508
0.0175422831193325
0.0165253464020135
0.0171506474137176
0.0159846200230871
0.015652819097289
0.0151054226431064
0.0158280311351103
0.0166766013081597
0.0190945235373424
0.0183101083545487
0.0170339472866783
0.0167412864460565
0.0161048857990507
0.0177527646685706
0.0172250779866184
0.0156684293985076
0.0156474204102934
0.0153842111762807
0.0164990773879331
0.0178383280936549
0.0171717849536396
0.0166061655333286
0.0171347398017178
0.0181877107621939
0.0185185979798061
0.0181382022280341
0.0179298491779384
0.0178235223593421
0.0192051864782496
0.0177742744587492
0.0172222275498113
0.0174334839296703
0.0179019470661296
0.0172291497976039
0.0184290036681098
0.0183203350605245
0.0175470272365959
0.016964525434871
0.0171677647416082
0.016829373170322
0.0168934797797691
0.0170066200663055
0.0172475624576216
0.0176565279973852
0.020396427122643
0.0203832986705149
0.0197821779068706
0.0197836664488449
0.0203417749275316
0.0191342826629655
0.0192346693493977
0.0199432544953447
0.0190511669180248
0.0201488972228409
0.0217428706312801
0.021633369357199
0.0219903642502508
0.0230783841229543
0.0238656705924364
0.0238723658592144
0.0232577359740528
0.0214497559665303
0.0204054727918936
0.0196111700145655
0.0191215400323319
0.0183703708379036
0.0167510620514626
0.0169080613638272
0.0156554075807133
0.0154520527248711
0.0143056107044395
0.015647137364489
0.017139731606127
0.0175409883676703
0.0172045003516152
0.0174725010541653
0.0182403715110492
0.0181428503098246
0.0176460685559447
0.019277999544465
0.0194709113983643
0.0186915108239135
0.0178206369263425
0.0166182242125916
0.0160742463838966
0.016464873129889
0.0175980709657189
0.0173580700674151
0.0174879327218435
0.017660830500643
0.0172466413151249
0.0176236588346185
0.0188957676115969
0.0191380358633208
0.0204640268499135
0.0195914844501598
0.0214741260507518
0.0221746356967466
0.0222431013090383
0.0222853053547969
0.0199651397889335
0.0202106580369511
0.020380146546572
0.0187400560247742
0.0187680557680971
0.0182317066978155
0.0177473027884162
0.0181886507419987
0.0191894762001793
0.0194050596929013
0.0178121418600723
0.0172263676016558
0.0177004375712573
0.0176156122404501
0.0191708920581226
0.0171207772797515
0.0169832029973879
0.01591128007039
0.0162750381413628
0.015528418393368
0.0167935793198639
0.0179343045983384
0.0182698958960017
0.0183970621723667
0.0196238189249608
0.0204101294571744
0.0217026468692954
0.0232878394133454
0.0234803456281781
0.022802684923648
0.022253921145131
0.0228868603219942
0.0234713995431621
0.0256415448630035
0.0247491319730079
0.0244967410102561
0.0246509959280759
0.0239112794772276
0.0224958225884946
0.0219733003877537
0.0237727062370147
0.0220978250770157
0.0234200023109745
0.0245476450626463
0.0242439740352093
0.022918967708894
0.0223403616852216
0.0225096090501672
0.0235059980513725
0.024503827619957
0.0249044738861033
0.0239703237162104
0.0239594015510281
0.0234233692750587
0.0226667536028206
0.0201078903758078
0.0191549879439973
0.0183236632414691
0.0179863398652215
0.0200191001498309
0.0213213659515997
0.0210129112755972
0.020025676654777
0.0208648516438659
0.02139188846004
0.0215805396701717
0.0217972720849874
0.0228040707924772
0.0233412069387038
0.0224665641427881
0.0226423725139998
0.0225197314184715
0.0223901809093605
0.0221565480591095
0.0221439845741583
0.022813363007702
0.0249318722420517
0.0262623547300879
0.0260453584280276
0.0255095664600757
0.0246753482977576
0.0257050342740068
0.0262185985072072
0.0262364751106768
0.0258760019268636
0.0258877003470304
0.0267654756592526
0.0274614764526173
0.0280361737668459
0.0274101519205491
0.0265210277508146
0.02661459920187
0.0253051453116927
0.027588916381514
0.0287822593186737
0.0264005274829459
0.0254531692309719
0.0248096165970492
0.024742173310545
0.0250683863234913
0.0242740141428292
0.0245167324641414
0.0263028172754008
0.0263259675565491
0.0268140522696581
0.0260993707091904
0.0267497103802644
0.0277741258085594
0.0289410375608736
0.0283443877613564
0.0282964678958793
0.0278281883078532
0.0280044614144415
0.0286520207581233
0.0298531704384496
0.030689368283771
0.029825659511869
0.0309436510150036
0.0310797031794831
0.0312509796026296
0.032322352092339
0.0324061739832114
0.0324574353669347
0.0339730140307594
0.0337300165372366
0.0315483298425245
0.0310497766874855
0.0300196195307664
0.0293005987327952
0.0293329934958187
0.0290249526946264
0.0303363796755456
0.0293845125499586
0.0282591135673712
0.0276425302159337
0.0286717755951121
0.0293891075117449
0.0299694533372661
0.0320009041795016
0.0303439303276536
0.0316188634742628
0.0318664118279253
0.0307450671503164
0.0304782467042749
0.0307540966195096
0.0316290739245918
0.0315865755836779
0.0313001717228652
0.0311010162653174
0.0304672649124581
0.0307770117753139
0.0311261098668142
0.0299694024536228
0.0287106420755033
0.0299013117997258
0.0298589950706898
0.0301398956869041
0.0322113838261316
0.0334927436263499
0.0332789009349905
0.0338216251049337
0.0333111627067259
0.032832114855644
0.033079626521798
0.0335066177551935
0.0332652669719504
0.0320479141716267
0.0325323799633195
0.03320195975418
0.033247746479755
0.0312669621755827
0.0316542355734953
0.032334332686542
0.0323337417563951
0.0305381190215417
0.0294589646278866
0.0307020776572544
0.0314236755653554
0.0315492058539244
0.0326405567435289
0.0316631100980968
0.0344448187758988
0.0342408410761687
0.0348992003249983
0.0345186410002749
0.0343631681782541
0.0349545392350349
0.0354008267931805
0.0364567677463657
0.0345663794640622
0.0351828232558766
0.0370109518230267
0.037514784429875
0.0372050662152846
0.0348042333965229
0.0347253020538739
0.036323674625144
0.035594906255778
0.0345315775663967
0.0346005382633121
0.0347543442570316
0.0355595846182985
0.036214081421655
0.035704394847783
0.0349540970264885
0.0356346922471468
0.0363834479630855
0.0356377699225657
0.0350992867304562
0.0364398726107873
0.0351883219125194
0.0321925155527178
0.0329323170729834
0.032680382952447
0.0354591201759905
0.0356702097478205
0.0354539406827632
0.0361299463106884
0.0361130574992813
0.0362399546148636
0.0358231979120701
0.0349825635943434
0.0345155066825411
0.0339720222438087
0.0341822636942465
0.0344094287234635
0.0338467268817915
0.0359952345399408
0.0350241923230401
0.0339915541639394
0.0350435300098371
0.0349855871760586
0.0348805753027591
0.0330823313754485
0.0338124412575823
0.0341464433927489
0.0347915434270796
0.034433842369692
0.0344658195233478
0.0337041759269205
0.0346508009167152
0.0350456549132493
0.0357403245376808
0.0356786701079911
0.0354039477398824
0.0346897063424175
0.0343755503793412
0.0364061675691681
0.0375161494448526
0.038631773919008
0.0382217728743979
0.0382592882519381
0.0376031726154682
0.0377028363451691
0.0384327740152266
0.038234818805589
0.0364251274711187
0.0354445418090881
0.0348383563113956
0.033667037737354
0.0348305607588319
0.0349037768147933
0.0350939258578002
0.0345353839642773
0.0336720986073191
0.0349174315974501
0.036047696403826
0.035612573449287
0.0361809255098636
0.0362650695529373
0.0363614040808119
0.0365298384476385
0.036297228158363
0.0336764324055031
0.033258228842074
0.0317792622513154
0.0322910079218653
0.033092882060656
0.0329773603129802
0.0325778784323352
0.0319857759052502
0.0323344134420546
0.0336334577916559
0.0343302674728405
0.0347183859956679
0.0326491239192426
0.0331857354835405
0.0326932565095736
0.0335527190064171
0.0332586605685696
0.0344758814117574
0.0336099404078343
0.0338841911985311
0.0341066131409431
0.0351252194732832
0.0363168215733135
0.0348707709113857
0.0359995751913054
0.0371594979612612
0.0359944977758844
0.0333388823378026
0.0325662409622465
0.0328968133019351
0.032919907450409
0.0321082072346448
0.0339374435655706
0.0327820951475589
0.0334659459258322
0.0316134543445412
0.0329775264225443
0.0330342570813569
0.0339805235753547
0.0336776480221791
0.0309967947977142
0.0313010014873251
0.0306890102726189
0.0305931428002368
0.0305550283814006
0.031517823784602
0.0318753400150592
0.0317338620857914
0.0313914331503976
0.0322479409107836
0.0320628153521252
0.0332665744852201
0.0337651089558255
0.0324224532578567
0.0324795892337195
0.0316255312916633
0.0313872512308878
0.029295244114637
0.029500098715377
0.029715331323673
0.0288352045598527
0.0282335210508324
0.0290487599313192
0.0276822775197288
0.0275180963158144
0.0273697649068715
0.0286384342655062
0.0295223082459558
0.0317597100534402
0.0336487283598987
0.0329478135379607
0.0324677352802229
0.0335056565128741
0.0328285554764039
0.0321698910947919
0.0307533776846978
0.0313908635909745
0.0309041968862486
0.0311853216653792
0.0304740886578658
0.0308318058122105
0.0304617161775849
0.0290622490290376
0.029038619247243
0.0310037465109102
0.0305514037187552
0.0308453096784242
0.0296118308678694
0.0278491932426896
0.0284801400345133
0.0286353793269065
0.0281810174653601
0.0301255111277487
0.0306788447162244
0.0319716813910365
0.0316488945700647
0.0314429782060892
0.0308077974063016
0.0307016388158091
0.03104792418039
0.0290482600146144
0.0298816364991279
0.030734273840586
0.0315627272501552
0.0310175193245645
0.030018345042747
0.0293840013605718
0.0288024706832789
0.0290186492602202
0.0279890084469244
0.0290236051369238
0.0284673025691703
0.0275065753181782
0.0277960510511896
0.0265886361335215
0.0275823160008284
0.0267061571716242
0.0263781751918846
0.0278866424586079
0.0266420850188099
0.0259149590947615
0.0258565898321011
0.0283475163478626
0.0267089491156492
0.0262233560904074
0.0260431005437565
0.0280844377168617
0.0288354434891089
0.0289663378578303
0.0286182647519534
0.0295271552019973
0.0308510830212538
0.0295500550983365
0.0296166468774798
0.0288295523925847
0.0286481313314544
0.02806434753306
0.0273018057137484
0.0271660010097172
0.0285803621508867
0.0289512811461895
0.0306414355075961
0.0300184974756213
0.0301300776787349
0.0289582878153672
0.0298974612590264
0.0314941568780952
0.0316564145817216
0.0323324359264239
0.031002550798061
0.0307869893250178
0.0306393017422314
0.0285109051125925
0.0291709932573159
0.0298080623960307
0.0285817786016984
0.0293021398612228
0.0297698130849083
0.0291846272463484
0.0276960907736483
0.0250343077128367
0.0248741971759425
0.0250026322243974
0.0248508132421532
0.0253834463454352
0.0259243519642559
0.026367840597087
0.0252101143486116
0.0259196792989576
0.0257107604311088
0.0266302978064903
0.0263448929831092
0.0251495495015798
0.0256895430387092
0.0268244094032607
0.0257942417762966
0.0265452141817573
0.0260288850693236
0.024920394150865
0.0242256342599307
0.0247222685678444
0.022264217995961
0.0229208489022322
0.0245960974245308
0.0244345088966137
0.0247737100206701
0.0256911808944198
0.0258303367431031
0.0261682246254181
0.0250028232061153
0.0223594301869449
0.022197326677412
0.021223826060279
0.0218559627980885
0.0221496463570182
0.0216104588208924
0.0221000566899532
0.0208476776028179
0.0215057184932915
0.0227345628624268
0.0235000776009239
0.0245037642948909
0.0231820116399878
0.0245287400861165
0.0227647694524809
0.0232448032799944
0.0223681874083392
0.0200036301147597
0.0200443589091755
0.0199250145105434
0.0212313660961672
0.0219383318205193
0.0224432118540421
0.0219511853608349
0.0206382791859083
0.0226401602448074
0.0226040163861923
0.0208622287787888
0.0217895094469346
0.0226434328507039
0.0219439402717595
0.0213532239181975
0.0233773310229041
0.0238195385678471
0.023535013105965
0.0220522419427658
0.0231692347421479
0.0241592755938217
0.0229866003519823
0.0226274611901905
0.0213759668661239
0.0223243757465946
0.0209267184907768
0.0213760754956731
0.0204879901031936
0.0208794672148211
0.0198215920228193
0.0196857863936891
0.0205556952871345
0.0189070759952956
0.0183793898691228
0.018878177177435
0.0206527708612908
0.0214376206177873
0.0215923868101367
0.0222763942628565
0.0208653258416202
0.0218159050682224
0.0214595560010465
0.020330399667211
0.0207049356379231
0.0210121191427501
0.0212797469165334
0.0207093748999788
0.0207520019476273
0.0192074047477309
0.0189719480895537
0.0189631325800847
0.0194567865750392
0.0189966587519016
0.0163929299002138
0.0167326142246306
0.0167850909503386
0.019446258514517
0.0196215478224784
0.0199398981412593
0.0212460206441659
0.0218695253839005
0.0231497626901682
0.0233476824260269
0.0230679263768704
0.0217427363808356
0.0204402684438321
0.0200250474008976
0.0197389540030671
0.019948200966412
0.0192993523297762
0.020309032804906
0.0193311241247341
0.0175933691197255
0.0174247343580432
0.0170209319971982
0.0185582886038257
0.0172934253061561
0.0169432869926179
0.0172720340898584
0.0180334133519917
0.017823694150535
0.0191941277254787
0.0188935723722226
0.0190924786397217
0.0186978443519178
0.018627707534692
0.0184018182131278
0.0183611846346532
0.0182320899611187
0.0196218610857335
0.0196831197685604
0.0193618142178205
0.0182063223157548
0.0186973950009004
0.0188805029667204
0.0190190890626034
0.0199834537706411
0.02103013668039
0.0209508393463797
0.0215011184774392
0.0223883405701934
0.0198444638886182
0.0191834443592093
0.0198693507365848
0.0212862071715701
0.019290800659914
0.01968561621131
0.0200821077009144
0.0184057178817669
0.0194156246840857
0.0201543670773705
0.0199891315294146
0.0192540080493744
0.0182082166786922
0.0186911597111
0.0197660303532065
0.0196037552815144
0.0191154020469222
0.0199192543369336
0.0200308501505633
0.0202098079960014
0.020181771292537
0.0216875571459786
0.0210383537224551
0.0221859674018943
0.0223691845408661
0.0244879557732699
0.0233972319843461
0.0232050196993743
0.0233268146037149
0.0217732447427323
0.021579927539593
0.019727592854641
0.0202443860120895
0.019678752772639
0.0184401056011896
0.0190698885956972
0.0175376014491705
0.0176559580957615
0.0185395080575417
0.018936520157811
0.0183969859165659
0.01868801521868
0.0190545829883988
0.0199282365768478
0.0199855076037311
0.0199511929786533
0.0203599899603209
0.0202883572681439
0.0207478250697454
0.0206515832964622
0.0187091820735147
0.0184255509399038
0.018925302312538
0.0177100933857116
0.0176926882900759
0.0181410405578524
0.0202307122234045
0.0198630107087927
0.0178170687928392
0.0186652615202556
0.0179366411829282
0.0169899850469392
0.0180005896188275
0.0165996808454695
0.0170610250134155
0.0175203263894753
0.0175000487431143
0.0179902617283385
0.0173244837365964
0.0181996134010708
0.0189842115930526
0.0181806354135135
0.0189468238782749
0.0186767036049589
0.0193644362669615
0.0183104006916066
0.0201926527327465
0.020286690529861
0.0186116295842476
0.0183062730069323
0.0189515135944212
0.0190286953176636
0.0198946656863337
0.0188124494264579
0.0179645580709516
0.0194401531189049
0.0203478150477735
0.0197976446504869
0.0193015783105664
0.018819051817563
0.0183606817668732
0.0185542707632939
0.0163552800767401
0.0154181517000682
0.0165996076654951
0.0174519651382067
0.0167078022304738
0.0149044826946966
0.0156883152536186
0.0169075427616902
0.0177146477498233
0.0176458574456536
0.0183691126133693
0.0179485541595143
0.0180894549612199
0.0183153481664712
0.0178698748613413
0.0175535958233429
0.0169295819123946
0.0178913472004086
0.0182576449584241
0.0182333594783078
0.018709820218315
0.0183549161519307
0.0182168158189448
0.0184139113446219
0.0190448134148368
0.0182764474992393
0.0170648569172211
0.0172075304912595
0.0151454234013563
0.0164164425980866
0.0167188839089352
0.0159219912781081
0.0163165386080398
0.016391116535731
0.0176490007907758
0.017490382557327
0.0173245619402562
0.0183326676106438
0.0171853367053562
0.018310437154641
0.0192518065744369
0.0172389569223716
0.0174107872961775
0.018766748175534
0.0170907175900356
0.0178028637018873
0.0179036931145851
0.0185822377067046
0.017734976493489
0.0207780006247429
0.0214046067461026
0.0226841965447014
0.0228677125744181
0.0218769200503394
0.0212602097580364
0.0223328864387596
0.0220461862328154
0.0201220623978854
0.0203129385076432
0.0200424513319946
0.0191592783345711
0.0203791182870685
0.0208891215375998
0.0197393070373239
0.0178454387165674
0.0171768665954898
0.0164877195384267
0.0155368471492798
0.0139581927328002
0.0139271307748738
0.0151126847016756
0.0155213709446966
0.0154989697518692
0.0142506541831022
0.0144991620181088
0.0149044369048354
0.014148818220862
0.0158472468330895
0.016731795742685
0.0183236220518714
0.0183224649711446
0.0193247917810563
0.0172206480049889
0.017913351796922
0.0191917778170592
0.0197083656755855
0.0197025717613803
0.0186319139632227
0.0193288440608041
0.0199448437200808
0.0189077134440441
0.0171494908649987
0.016635667597702
0.0171779082553577
0.0185511916280835
0.0181032572039281
0.0195129151872197
0.0186455732998101
0.0175632608239944
0.0190406035722599
0.0191864986338536
0.0188580056293316
0.0181614385676588
0.0170427049690659
0.0168498635153943
0.0175003470643771
0.0166565007046144
0.0148305705916984
0.0154976511515452
0.0165236911117458
0.0166216088112086
0.0167189337433125
0.0167145102293347
0.0168743199811637
0.0172430713134435
0.0157977883675096
0.0177220557434704
0.0187039944719651
0.0196270767700184
0.0200520479419808
0.0201509433735171
0.0200237245086748
0.0193657944309634
0.01952002238615
0.0188728968217744
0.0185442086824335
0.0200840465602943
0.0195223691747775
0.018801123485198
0.0193173248486055
0.018412232259026
0.0189588771701764
0.0199589420444102
0.0189868561819901
0.01652800143475
0.017312194054025
0.0166457072032383
0.0178124896679215
0.0198168776555767
0.0209199756994491
0.0205419614092256
0.0221211653750196
0.0216256845152963
0.0214095726009897
0.0197033994587573
0.0207277617651283
0.0198648668223229
0.0199585710527065
0.0207266833397474
0.0195358607819394
0.0205964839372892
0.0199209700880549
0.0182511743751315
0.0179666115431791
0.0162521002882922
0.0154648832953741
0.014980368421648
0.0145562657232429
0.0164719986888754
0.0148362493030138
0.0149500259321895
0.015836171445836
0.0153024372477035
0.0156964475317075
0.0161876829531119
0.016770318056516
0.0198643834828347
0.0191814742050499
0.019447824797987
0.0178632093522822
0.0175030965159189
0.0174220739601299
0.0182542653230843
0.0171204811636659
0.0174662106582691
0.017232029264305
0.016357205707223
0.0158238764501113
0.0165561499042996
0.0172979801525405
0.0170792269286196
0.0174932926154603
0.0176551769106393
0.0158998799053893
0.0160019658723734
0.0162556353188185
0.0147868221148203
0.0166071458066011
0.018349866858837
0.0194689170943332
0.0198250164362059
0.0191886338730359
0.0196191600113951
0.020039802678258
0.0181840650142003
0.0168284459967012
0.0176046126987988
0.018558733917924
0.0191789586870123
0.0184780746839597
0.0190216362490864
0.0194622458883426
0.0201729756640096
0.0209289631045687
0.0209346082534393
0.0199993826593097
0.0188715199705612
0.0193118053437882
0.0190631062889944
0.0177037867334639
0.0179204357244227
0.0191395528945312
0.0185879966701049
0.0181953114610851
0.0197130091444804
0.0183190685942929
0.0184503636691923
0.0186118770872644
0.0174464842045369
0.0169534315383927
0.0168680659750154
0.0164708229675205
0.0171362489227086
0.0182916855392921
0.0183685065049689
0.0188668831183607
0.0197951687188934
0.0198727634383784
0.0208969923753143
0.0226562662049407
0.021683566966678
0.0206802155824879
0.0226839425823899
0.0227725283524105
0.0229317925919458
0.0225612769147083
0.022876145166493
0.0230214999611972
0.0228271782842313
0.0203539679128063
0.0192621130777794
0.0179279156496076
0.0171864937854023
0.0164890987868255
0.0177799038628807
0.0186155441798424
0.0175556971283096
0.0172936773128145
0.0165316561685799
0.017201257051896
0.017590281973006
0.0179992501136866
0.0166187254551206
0.018424439544062
0.0193521870545259
0.0189647454993019
0.0175719695093429
0.0170166966022477
0.0183450373944315
0.0182058351166862
0.0185496909090258
0.0192248142218712
0.0184170292155243
0.0179608651143398
0.0180268943659664
0.0179635437189959
0.0205847315675667
0.0200065910360184
0.0202691432524014
0.0205942534912413
0.0209359839565843
0.0208845660314222
0.0212718534247793
0.0191035233870918
0.0209776762919103
0.0204225898086791
0.0204461102854029
0.0175205155238763
0.0186786419462569
0.0183417942980031
0.0180491522044454
0.0175150377415338
0.0153021646720036
0.0151259992740906
0.0149409680620832
0.0154069828471571
0.0150536393685387
0.0159819891320954
0.0145621653495267
0.014122266414599
0.0132224380602606
0.0137898042754186
0.0149380703665462
0.0134375631231239
0.015589850676533
0.0168551948493311
0.0187756901494183
0.0187370218500646
0.0186769389850047
0.0178535647896472
0.0156635080632735
0.0158761168509692
0.016007211687153
0.0163015287936369
0.0174043513485052
0.0174683970619748
0.0175298414748796
0.0186128205881669
0.0177797251714366
0.0158806668706729
0.0157135806357216
0.0162326760936202
0.0162228889632506
0.0153416019421723
0.0142746451541023
0.0147991100023773
0.0159806092173391
0.0173000589731376
0.0173871667059438
0.0161099784465547
0.0180225536867402
0.0185526820044009
0.0186413534889101
0.0162563634225245
0.0154683160231435
0.0180265010716143
0.0189994646793681
0.0195605075841991
0.0194491440687361
0.0172422642546895
0.017466533904366
0.0167375836707919
0.0159995196141272
0.0147805092313273
0.0165459411050573
0.0182715952834325
0.0167492004524774
0.0136969318551173
0.0142366955017461
0.0160680307863062
0.0147498297139083
0.0131158717213561
0.0136324373108523
0.0137330201535744
0.0139044871931336
0.0138974226647038
0.0167431528624588
0.0174183731577739
0.0178788170011093
0.0179339729845837
0.0190031677603494
0.0208352260429548
0.0197696767139836
0.0190421927566803
0.0195842796883919
0.0183934385594058
0.0186266359985578
0.019627220162787
0.0187172443140958
0.0184315915798163
0.0160767738894324
0.0162495222330711
0.0143375655505163
0.01482110774492
0.0141592811265742
0.0148531255483148
0.015589416271915
0.017759841724587
0.0165372205714913
0.0182418445108648
0.0152038609415756
0.0168807029573863
0.0168098104739876
0.0176647372493832
0.0162742529247261
0.015801946814955
0.0145776121047994
0.0143702840180266
0.0159150837390496
0.0165563271901278
0.0170403135837163
0.0179869184450743
0.0174673831328565
0.0175759945437986
0.0184225014971826
0.0180865356573825
0.0200552843563581
0.021225335728765
0.019186277480427
0.0185993645143275
0.0188867814667284
0.0193442039441602
0.0204162466836448
0.0198554762576184
0.0184386908694036
0.0178550297672474
0.0164957496625412
0.01714077329294
0.0163138323833523
0.0168153167876465
0.0188833008568531
0.0177692541665136
0.0169377608138199
0.0178734894075914
0.0170475801976687
0.0176892349999446
0.017805039252072
0.0179026213700042
0.0196902175134063
0.0178449380745516
0.0186992345732055
0.0184075101935823
0.0173974892185523
0.0163454330584854
0.0162672957132944
0.0153399871257804
0.0168669900263516
0.0154349469062146
0.0152718445586899
0.0155671917039043
0.0162516933831478
0.0164273348992972
0.0168186742036797
0.0154361278327815
0.016080671789706
0.0155578227136403
0.0157106240595864
0.0162925194038741
0.0178001503055108
0.0186467465389556
0.0171601339585588
0.015817830998642
0.0162732051626501
0.0144500057741971
0.0155015862588874
0.0161335396679774
0.0155826456692364
0.016657111677616
0.0163629737519642
0.0172867511305051
0.0174061709704318
0.0168323406369852
0.0168191390806294
0.0166490888777973
0.0160161512997711
0.0146373537007245
0.0160594847492539
0.0163399376009759
0.0183191056997148
0.0189777392789043
0.0192343480377428
0.0197388726910041
0.0194662334397454
0.0194291566380431
0.0187946245969703
0.0186174187597098
0.017862326835404
0.0170977047785492
0.0171381266008896
0.01731550493533
0.0175850324224356
0.0185498502459747
0.0184464054107716
0.0198509085739573
0.0184303608050333
0.0200267391059786
0.0181817111013866
0.0179017701494444
0.0167003174427153
0.016723330440864
0.0184655611736238
0.0186034904633489
0.0182279636445399
0.0183897517935501
0.0192129871965436
0.0197451789362147
0.0186825947029247
0.0186731163370942
0.0174290772075587
0.0174417630674616
0.0177401010678059
0.0180006188940305
0.0165846514083312
0.0157459485522782
0.0153586918509646
0.0157484588099893
0.016941310393482
0.0148678926943755
0.0160790855883106
0.0173159289538804
0.0170772352374268
0.0178296256023126
0.0174963276802616
0.017003463617448
0.016238280726257
0.0136723195688238
0.014571084534762
0.0153095510629203
0.0168481460634165
0.0178089845644923
0.0172539286295721
0.0181659680674314
0.0170089394930253
0.0167975921744979
0.017916423358994
0.0176245080920826
0.016580321444896
0.0150757530704336
0.0154958117776678
0.014949829125503
0.0158809933284013
0.0165697735135029
0.0172434815446455
0.0172803729425346
0.0188225703771438
0.0180688963035126
0.0178889914607325
0.0196302877496419
0.0184099070116793
0.0201378754268207
0.0214366766027145
0.0214448668052556
0.0212750253558223
0.0197865297413773
0.0197838324108305
0.0209751490915477
0.0214048937397049
0.0210752413034096
0.0228709872203138
0.0226008715154514
0.0219161319420302
0.0235394106302039
0.0219740017305681
0.0204048603546235
0.0167493370639433
0.0176271477771917
0.016748990197424
0.0160840463055609
0.0147138853719697
0.0147870235828644
0.0149738379448262
0.0156824991767919
0.0153222313250255
0.0174599516991374
0.0188099028902552
0.0174201102350074
0.0168051080609471
0.0167060266315639
0.0157078237957841
0.0173914649021868
0.0184547361134751
0.0185746311719747
0.0204978445021046
0.0201366462955992
0.0186542312723243
0.0167131732750908
0.0181480194550867
0.0195111890385179
0.0216511429721421
0.0212762291273948
0.019694961254339
0.0201015513380018
0.020065574144714
0.0195449324366899
0.019524125278271
0.0197996671161857
0.0187413026020768
0.020166562000198
0.0199503818441554
0.0188040948165336
0.0181075652611287
0.0172748521038787
0.0176754910850189
0.0170039049578442
0.0168444124789891
0.017447529978502
0.0163904708671422
0.0170325129750887
0.0183019539442729
0.0190171370586281
0.0181401391075642
0.0177212820196934
0.0196549728549626
0.018913625853596
0.0173864288056078
0.0167491318686821
0.0160503730660782
0.0156213290566978
0.0171210725975211
0.0168005820132891
0.0160391941180463
0.0160394546682439
0.0165641249344613
0.0183354133577076
0.0191716673102954
0.0198721254138505
0.01786182919831
0.0176967770536169
0.0194824025914329
0.0201668124230327
0.0197824599853783
0.018476848997162
0.0188148861613789
0.0181386216309858
0.0181808082830704
0.0197127818152306
0.0205278327485712
0.0208216580153591
0.0202643393492249
0.0192929693521488
0.0203787110440663
0.0204748020475218
0.02056034278332
0.0224780326550607
0.0213073468512965
0.0218872921543418
0.0211834486636076
0.0192811936054438
0.0189814160403601
0.0186444425621447
0.0185580230900592
0.0187163311390759
0.0171498146690414
0.0167164168311968
0.0175567892420194
0.0185329440108423
0.0172114002799101
0.0177828586315311
0.0169641710248794
0.0156416166194694
0.0158167673929289
0.0148057731261265
0.0154078391668364
0.0169023085932934
0.017874756402313
0.0175168631155305
0.0179922925018503
0.0193578948176987
0.0190076873578014
0.0188881393849806
0.0196037204223877
0.0196963287867689
0.0180465175147557
0.016459537622717
0.0160031759569344
0.0168706444982046
0.0180798771993877
0.0191085730655316
0.0188345307910009
0.0203584187146286
0.0213328485827522
0.0216523920262382
0.0199771066924053
0.0175734253772666
0.0168999099191907
0.0161431715777387
0.0170478879208287
0.0182556675372444
0.0171169770068837
0.0180489623141159
0.0165930546510278
0.014619831034656
0.0125741101425875
0.0150202847583804
0.0155216950483076
0.0155053133532905
0.0156212928269772
0.0150281323749387
0.0157036750866296
0.0171024290516173
0.0158964948951577
0.0165266077059096
0.0171921389867555
0.016333872795076
0.0141160068985991
0.0144185967544677
0.0149854433617492
0.0147507056297315
0.0148062171183873
0.0141794046816633
0.01276821421501
0.0134527809632757
0.013727144375119
0.0148745365687738
0.0156738076077527
0.0155953898164609
0.0147640881751654
0.0154955759886255
0.0146563407047902
0.014937897978167
0.0155404466566145
0.0140644420003841
0.0141813275701529
0.0148588140045874
0.0146523044626234
0.015814362338228
0.0169347170687442
0.0162562936789443
0.0145686870377268
0.0135039603966762
0.0154620853717508
0.0147271980353451
0.015244217950137
0.0151676392774072
0.0157157022926591
0.0145651344675678
0.0146399914704144
0.0152445486570195
0.0148473098919258
0.0155545822079749
0.0147184893191271
0.0146885799057226
0.0146530933404196
0.0143909246105541
0.0154864840625684
0.0158100997319207
0.0165147728817983
0.0165168876461534
0.016374858553634
0.0166781865667586
0.0159555889570008
0.0161278039262145
0.0169901311365239
0.0166464014118069
0.0170280721902248
0.0175781219948802
0.0156446354597756
0.0145695135705709
0.0143085932733995
0.0147392508721133
0.0132488437532394
0.0138949989490806
0.0151674762832177
0.0158229962654064
0.0152737152696185
0.0169059825382312
0.0158302123803497
0.0159992802605267
0.0170918694015758
0.016980931985766
0.0171559698741024
0.017413049776566
0.0172843514101455
0.016456396468552
0.0169133636271968
0.0159465344610433
0.0163496143838654
0.0160156572942455
0.0162931923823073
0.0173578246810921
0.0165017294995661
0.0144447312226373
0.0153612117493907
0.0146468377253643
0.0165914933094087
0.0162348391759374
0.0186785478383044
0.0172191066511544
0.0170208797694894
0.0161732542904682
0.0159161372809225
0.0160370402122838
0.0155861799905056
0.0146244769771449
0.013455546181551
0.0121954393373212
0.0137007105311989
0.0135555187961045
0.0117177253095863
0.0127530680592527
0.012556889443324
0.0147072225980842
0.0153669127886307
0.0155686610749791
0.0143362572783924
0.0145834527985343
0.014706062922887
0.015363189795853
0.0159070097536885
0.0158221833599191
0.0158640294867756
0.0142730463602608
0.014555257438226
0.0153892419141756
0.0145212912544094
0.0146988776028229
0.0155917398922871
0.0154991849134109
0.0168558221329777
0.0170032084376868
0.015924147790901
0.0160884751310495
0.015067996424944
0.0151108218871585
0.014717929647812
0.0143519076934738
0.0132363373671639
0.0146976184848788
0.0144094378371065
0.0147048539671372
0.0153550217062043
0.0167960692721554
0.0181368192184586
0.018851046462364
0.0181777442411397
0.0177201899544239
0.0169028230900134
0.0167334829884167
0.0166359679687733
0.0173131048951837
0.0164462563774843
0.0164612751448388
0.0172189583767777
0.0171410305256677
0.0173620508249554
0.0189608816647488
0.0183377976872358
0.01858725168412
0.0163417343779131
0.014922073099002
0.0144345865812993
0.0145840815835503
0.0152624767666002
0.016560607503841
0.0186183599568772
0.018352056741544
0.0182014074099957
0.0191871511607514
0.0181449006872887
0.0181913433849584
0.0164322923459383
0.0165581999813217
0.0165188244623664
0.0161056748681696
0.0171861787865177
0.0161778836639069
0.0162490748303847
0.0171474831887557
0.0178230825506403
0.0179128860220249
0.017345858564776
0.0166867627269607
0.0157828908312008
0.0150555806294284
0.0160601039341233
0.0176491667047986
0.0175910823290705
0.0172020960537995
0.0171302718388663
0.0176928548189245
0.0155386614990977
0.0160432574594391
0.0171817690939647
0.0173890051916377
0.0169563095682069
0.017395388001495
0.0165283094437635
0.0164579284488044
0.0171883690661262
0.0157831735470066
0.0157847421562929
0.0177337445536699
0.0187161091335801
0.0196433884397387
0.019785178007506
0.0192727292852499
0.0185041717355176
0.0177439435549373
0.017390175955078
0.017814097426247
0.0177838529353953
0.0184702798304236
0.0164478344923125
0.0166137892708588
0.0163856349545768
0.0160002619496424
0.0178543606401777
0.0189888012175065
0.017601175306081
0.0172919533447977
0.0168133106890639
0.0183588910536672
0.017004756025956
0.0162916747990004
0.0159799585927575
0.0166322820384682
0.0180739136297544
0.0182086374483094
0.018251267808551
0.0165365225039364
0.0162426598966422
0.016879953352027
0.0161183998627364
0.0165384652711487
0.0160506626065387
0.0169087036438013
0.0166400910225872
0.0162795874101343
0.0171475145264258
0.0177516844242512
0.0181312356401059
0.0173468489676068
0.0159991788747248
0.0151974514692568
0.0146814963177353
0.0156608035636753
0.0161249042447745
0.0158752567884962
0.0148627056641084
0.0142364657191365
0.0140758856586968
0.0158099716953012
0.0155602930290596
0.0164184824065512
0.0165463157125574
0.0155954840267289
0.0146946615820366
0.0152808710266162
0.0145467997874618
0.0155075800287206
0.0161433384591296
0.0167859330060768
0.0170672046318916
0.0184499833238358
0.0199457804260511
0.0191671322469818
0.0193357339653597
0.019878510260726
0.0215635546867043
0.0194583352959506
0.0194028969266247
0.0190781047082857
0.0180657676311201
0.017909738045312
0.0193079457585389
0.017996535097931
0.0166807219837008
0.0175339776430145
0.0176099963682392
0.017609749301521
0.017332046134596
0.017167642836059
0.0164620254711448
0.0151450720592756
0.0137246329062553
0.0149936796847224
0.014014295939874
0.0152343874836567
0.0148814051824138
0.0154618830036537
0.0173507226410183
0.0176572120273389
0.0167279784726649
0.0169246796556374
0.0175291440540827
0.0168714036221712
0.0168868005880829
0.0175774796035365
0.0173876259512655
0.0166734936966163
0.0167439726670016
0.016016134122017
0.0183385746904928
0.017977066958204
0.0183251735550334
0.0173152685601946
0.0178837512616603
0.0172798755081959
0.0157502909367842
0.0169268451113247
0.0183243247409481
0.0174547132623444
0.0170776754564027
0.0161252865935942
0.0171837561094378
0.0175898385007646
0.0159703129298976
0.0165713730385879
0.0160218716170215
0.0161916357813813
0.0169544742390565
0.0173027249984695
0.0179410510426028
0.0171868782799547
0.0166385715253673
0.0160407474944817
0.0154820054863896
0.0153439484834282
0.0150653166894414
0.0144962076524736
0.0148376725053285
0.0158619138379224
0.0162209013248908
0.0185195392804959
0.0192224027124738
0.0175429811499678
0.016054701986434
0.0155047811463986
0.0162281986256109
0.0156473583841203
0.015131166215071
0.0151273503239378
0.0165190573151692
0.0184945537971329
0.0190031793681059
0.0182058389946371
0.0179626317856661
0.0183424540156967
0.0167079542709119
0.0172870437597171
0.0169827581541266
0.0182771135678856
0.0193287482545821
0.018366555571625
0.0183996729409869
0.0187812865208324
0.0184634904909436
0.0192608613062874
0.0179345990569222
0.0170973667040731
0.0172757852403755
0.015774512966974
0.0143781842215474
0.0138805006071492
0.0134187507004083
0.0135576219031349
0.0148515587427301
0.0158400267949447
0.0167649434603422
0.0178057658323232
0.0163424246967329
0.0158677426609902
0.0157396672599768
0.0165477043948043
0.0151985680132049
0.016250890009427
0.0152992076799364
0.0155592820473728
0.0141828667494196
0.0152719580126512
0.0139200351805869
0.0144021128142094
0.0141043061041256
0.013550357003691
0.0136195889308837
0.0138124230851978
0.0147362226747547
0.0165254056255786
0.0161456972728092
0.0153531158062374
0.0152451014098915
0.0146248179383749
0.0133786848206176
0.0152843108048365
0.0157288381349413
0.0160967952745778
0.0174513594002184
0.0192411291423026
0.0206235429716869
0.0190496866104562
0.0178783602195457
0.0172169686679786
0.0174616278531176
0.0161193602421442
0.0169409202849266
0.0181699111430679
0.0183376578808472
0.0180388301792752
0.0175872431832635
0.016172638065819
0.0169953326431719
0.0154494069525107
0.0154498065885423
0.0148699500567232
0.0152778705331156
0.0159248944988758
0.0173326142039703
0.0172669079041476
0.0177439899092022
0.0175811326540584
0.01788015525574
0.0189507140224223
0.0208343122096964
0.0195201114346622
0.0189646793515827
0.0190447207378377
0.0175595096537384
0.0168993594340541
0.0178704133473053
0.0174984924641639
0.0177247498955538
0.018577243966614
0.0180834296991235
0.015134334194004
0.0150730955053077
0.0147436604373255
0.0148779829660024
0.0160556263036945
0.0152234164918984
0.0161261342903123
0.0154777390341071
0.016157475819913
0.017261966183232
0.0176298722026666
0.0171961156346462
0.0167374873450552
0.0152708542263642
0.0162882935230073
0.016667146710167
0.0159452430694754
0.0160067767795514
0.015079955540797
0.0145699939488662
0.0156913450398163
0.0172360547793959
0.0172860253466016
0.0165407422796103
0.0177305583578895
0.0179530355377185
0.0184180409052369
0.017062622888446
0.0156771671082719
0.0152850284572605
0.0150772049580293
0.0140255844482563
0.0141052004846647
0.0144472125176269
0.0133962177848573
0.0114351455914139
0.012200250199959
0.0130262281896074
0.0142640622399542
0.0151708606322379
0.0158132956750478
0.0175232634607645
0.01667369999541
0.0169148729545284
0.0165576274763929
0.0166308661928755
0.0153756256093154
0.0162147880664238
0.0161464997226486
0.0170705394718222
0.0152705364352431
0.0158036374799819
0.0153796451049956
0.0150177536401424
0.0154950786252413
0.0152951063969914
0.0151078386507199
0.0162779199819633
0.0178522112122197
0.0201523100629287
0.0187645378147906
0.0208303829539038
0.0200481914620958
0.0209409414525362
0.018238345747494
0.0177514402712817
0.0169112499265418
0.0186662901074092
0.0196109907294656
0.0184043573842897
0.0162666153769621
0.0160525452518856
0.0170361721326983
0.0174796538752506
0.0177806844284061
0.0188716570915847
0.0184253236965156
0.0183392685990118
0.0160088320063835
0.0172931653106341
0.0180653399781513
0.0177626350374018
0.0178132367502411
0.0172130745216455
0.0181649235655681
0.0177420523643458
0.0188237772816674
0.0195628034506188
0.0180672397627018
0.0187466290959453
0.0194784668982319
0.0188433040625464
0.0179451960377553
0.0185480106763725
0.0166645835317727
0.0168070625413987
0.0176863764507681
0.0178929681778318
0.017481196143342
0.0168188934007411
0.0171037210525817
0.0169361505746337
0.0181667778540928
0.0169272982503334
0.0180786190510177
0.017884467759196
0.0165116147707214
0.0153192275990922
0.0154789641959424
0.0158602911388404
0.0154820532039271
0.0160395440308599
0.0158465855901626
0.0150626556731601
0.0151454395703913
0.0158766524964145
0.0153292625432054
0.0142745011351026
0.0147949153097904
0.0145738112743103
0.0152773053905547
0.0163072023191147
0.0174367269147952
0.0157388990076397
0.0170667850445902
0.016837518823716
0.0174493092702133
0.0172454770447935
0.0181811779963662
0.0176836711526505
0.0160111582054056
0.0153654722352154
0.0157389888382324
0.0165275442887961
0.0174913931094568
0.0160046019834799
0.0172745225945298
0.0177246293352799
0.0167521091639229
0.0182111661581776
0.0166332189591755
0.0156034605233587
0.0150143537786023
0.0147535490520738
0.0144763536984584
0.0148965894826545
0.0139843424032875
0.0158399295175778
0.0171110763001346
0.0180290577990712
0.0155988166466484
0.0154314320915143
0.0155477215969718
0.0182740096818002
0.0191800207113987
0.018747777256659
0.0192520155934534
0.0197828001782189
0.0187493939341616
0.0176414407955393
0.0177001489997601
0.0179084005384516
0.0180407407004174
0.0183876638054134
0.0172623649989616
0.0177725987972538
0.0179004412674294
0.0162926322426836
0.0166899425639059
0.0178706317594457
0.0180009614520467
0.0174726788402934
0.0190737434922754
0.0197795254829927
0.0188288496909141
0.0187141196382031
0.0184665429826934
0.0168605668154609
0.0191397568451924
0.0194901381420362
0.0195035331356659
0.0199433502661102
0.0192071197474398
0.021484682165633
0.0220113663815699
0.022469537868199
0.0196878524189272
0.0183200164496951
0.0185049382226233
0.020228436989274
0.0200232469755445
0.0184090977400196
0.0182726824073292
0.0179447378487287
0.0173813981969157
0.0168277958117324
0.0176511961048667
0.0156473722048719
0.0154706279149635
0.0167790245831611
0.015944821325033
0.0167720404698782
0.0160334391810478
0.0166878339406757
0.0164064606843297
0.0165353048449936
0.0160927142566898
0.0154406473720453
0.0150323888841743
0.0148086111545239
0.0151624765409012
0.0163411047263845
0.0155222882617339
0.0139986181460168
0.0149650068756802
0.0146983054103267
0.0146526920753213
0.0158462241688054
0.0153839820388441
0.0142553068080273
0.0147202743216223
0.0151485310603814
0.0155985137735012
0.0177286408679646
0.0166335291422873
0.0174689865171311
0.0162143642793217
0.0155332675775267
0.0174262506267018
0.0176947854143875
0.0157812211041487
0.016534011172657
0.0180622591667473
0.0162895117972723
0.0160057249949314
0.0163317642450276
0.0148733446040988
0.0179769453612708
0.0176945618800382
0.0169983209382555
0.0156323248712167
0.0157360286679956
0.0149212022524036
0.0148370270079063
0.0146611684767419
0.0152632617184521
0.0165477844724069
0.0174974803193616
0.0182699447665168
0.018586273979281
0.0175992297391463
0.0171012258959035
0.0175377479112586
0.0166083182601901
0.018360604890832
0.0184999608721005
0.0189415624019567
0.0183052653137905
0.0195127262770317
0.0215497485978059
0.0214794736132753
0.0215892414919077
0.020370678405464
0.0197108412158422
0.0192390970232707
0.0187238981855442
0.0181424764770569
0.0181230415961032
0.0180708948546593
0.0174447663331134
0.0186699632238091
0.0189982324421219
0.0186839210224969
0.0178032740217827
0.0166962837955551
0.0174420836268175
0.0186524653622037
0.0190786592694499
0.017657022503694
0.0172150155069769
0.0175264679850693
0.0170725140509397
0.0157602744272265
0.0148743794695547
0.013955849396328
0.0157172271361163
0.0153646079151225
0.0166448491759215
0.0177245631980888
0.0174279001983655
0.0168102300177522
0.0178083702940076
0.0182566468147311
0.0190056358232462
0.0168896018523062
0.0177702207146252
0.018206477442067
0.018428926620324
0.0193438400915964
0.0193893988111319
0.0187517327929683
0.0178284653134532
0.0183548838451349
0.0185907497368018
0.01773882304052
0.0181784559589939
0.0180562272772359
0.0179685557595435
0.0160064311580631
0.0160574547884735
0.014888764388412
0.0156055188745306
0.0146096100073836
0.0153930841279599
0.0157193262222276
0.0151861376594059
0.0146741582078673
0.01481564487063
0.0141037938774421
0.0143673553276866
