0.1
0.867827433238412
0.990610037292336
1.10760764144552
1.22425290536389
1.3356919935162
1.44472410610775
1.54983602977648
1.65252382656459
1.75234626713991
1.85194627099714
1.94412736867992
2.03336235362749
2.12178341703218
2.20920875138256
2.29367041470018
2.37613849199822
2.44809982377192
2.51856029580962
2.59091593700532
2.65986090409692
2.73428304267972
2.79745843729631
2.85998354050557
2.91634836362821
2.96804934702564
3.01315397948856
3.06395935222606
3.11805301503109
3.16755901144174
3.20233335069597
3.24385645341585
3.28360259461497
3.31864432646303
3.35234135839696
3.38313408795793
3.40917299708925
3.44058168652381
3.46463290251452
3.4895665322824
3.52188572880027
3.54850199091767
3.56290045736898
3.5783944822224
3.59499694880768
3.6183936687865
3.63160592152393
3.65199479484091
3.66080289905781
3.67452959269162
3.69173383081028
3.71579242405882
3.72865249845046
3.73947825539684
3.74917727843908
3.74259613455019
3.7515309545222
3.76463275301316
3.77435511984049
3.77673161554747
3.79028712228342
3.8006356144978
3.80787155436366
3.81505148953672
3.81724197833848
3.82076024793473
3.8234852271397
3.83494793185291
3.83687008901166
3.83296896693056
3.83471489592324
3.85141320862154
3.85765802341967
3.86243020251563
3.86644969179193
3.87587245336272
3.87103074012276
3.87719094398172
3.87853905223871
3.8875622205331
3.89137226154479
3.89217883830752
3.88423956019078
3.88771407621471
3.89020365758359
3.89758285301703
3.91182795740007
3.9072136095951
3.91187898201821
3.90533615727778
3.91153318104193
3.9160317083204
3.91798141745131
3.91839799205281
3.92189339364344
3.92627432274857
3.92697993426906
3.92804041833791
3.92548098454482
3.94435291597903
3.94477634031326
3.93472559551404
3.93681791988399
3.93555800765847
3.94183098629053
3.9410885176244
3.94729115901722
3.95370879646387
3.95133892579911
3.96649263146484
3.96985100207513
3.96615291936574
3.97374092340491
3.96891608388237
3.97760561441272
3.97494911762797
3.97109391844482
3.97511016987536
3.98019433521795
3.98372981014917
3.99253926503097
3.99040743357479
3.99998274921042
4.0115782099808
4.01537752983269
4.02327061919816
4.0180022259207
4.02076725509361
4.02260220734971
4.00968537673997
4.01339403514756
4.0254868319474
4.03076771270787
4.04165524386216
4.04258836591473
4.03644605619664
4.03064290918854
4.05049789340461
4.05869258530035
4.063784439081
4.0705540255007
4.08040909967595
4.08852118073962
4.09032486193637
4.08613435777998
4.08441141101904
4.08917479094432
4.08847164103535
4.09124667288992
4.09765788347431
4.10483356420379
4.09040496186653
4.0854861395041
4.09438291634164
4.11154406746529
4.10725174234852
4.10730174219589
4.1243129119455
4.13010470734313
4.12234584122452
4.12265754548571
4.13847604223508
4.13343600774201
4.14012685055065
4.1343015544578
4.13591386122921
4.13112597017496
4.1413574763101
4.1429518116258
4.14676826757057
4.15844625768782
4.15920363394686
4.16707846418415
4.17136740318245
4.18089247656541
4.18732991292475
4.19414618581025
4.20664320645109
4.20443097004267
4.21376190614868
4.21466742750632
4.21787294504731
4.2161844875247
4.21554672799941
4.21508005510024
4.21544193996407
4.23849998160406
4.24917296850823
4.2381525471631
4.23720516737004
4.23701770625568
4.24960981747008
4.2548253767972
4.25985001799765
4.26906266610118
4.27237464865186
4.27469068972281
4.27258804581689
4.27010911801489
4.26548172732783
4.27053474760705
4.26782982336121
4.27544199758105
4.26710660330853
4.25324292789817
4.26100429479721
4.27997834178548
4.28356359647673
4.27232891253863
4.28031541818883
4.28691309675348
4.28590466995213
4.2872459951066
4.29442851635715
4.29661464962198
4.29728656226189
4.30692974572579
4.31129699703264
4.30213330736998
4.29044224399956
4.29611120509183
4.28799671967584
4.28999009094597
4.29617986717972
4.30196613933447
4.29320730934536
4.28533545744654
4.29280592377109
4.29141734593221
4.30082714477548
4.30075373926725
4.30329189816137
4.30278332742491
4.29876898533866
4.30733979413213
4.31115567257937
4.31093663308122
4.31343130387114
4.32063966705361
4.31171079349133
4.32757457793153
4.32828045480744
4.33398021428439
4.33548748036649
4.34289347581662
4.35571756910868
4.36705896039598
4.36801907958276
4.373335389303
4.37583145546047
4.37823406988156
4.38503080935972
4.37654383877918
4.37134225700303
4.37817960389964
4.3834943034822
4.38969386052361
4.39221909902636
4.39509459623428
4.40044328736203
4.40572750765243
4.40402186889033
4.40815750692718
4.40702810282421
4.39826471481345
4.39977073633812
4.40181014110161
4.39884644852358
4.39362748427898
4.39462229822892
4.39072681587713
4.38625090054826
4.39082662310315
4.39259577284036
4.39913451420025
4.40536381675743
4.39952798984617
4.39935471115618
4.40954841500934
4.41081085799952
4.40374472693438
4.39598590840334
4.39616645433872
4.38385494711714
4.38362254509393
4.37937401641739
4.39460371234559
4.39746203415363
4.40052829894761
4.39901330176585
4.393637721846
4.40246286314317
4.39819693672175
4.40625572723905
4.39501026382652
4.40385283899871
4.40367303483139
4.40558522968133
4.41276461367648
4.41360622412869
4.4146458799662
4.42315628634264
4.42996401423314
4.41724090665845
4.41966507850645
4.43005515970294
4.42941525662291
4.43584191139018
4.433573204854
4.4318367914555
4.41958618278939
4.41505510035286
4.40132421600159
4.40217219905511
4.39809531454391
4.40033156358853
4.40043357296363
4.41125591586413
4.41529886271505
4.42155620649585
4.41577371163288
4.42014593123275
4.41447979089134
4.41129170485433
4.41536877021975
4.41573458175494
4.42519663195531
4.43134486299466
4.42394005499403
4.41781016167414
4.41446107583582
4.41861530246652
4.42384943999522
4.43487956708173
4.43803468022409
4.43291041872842
4.44739397026364
4.43988938931847
4.44688114499736
4.43639931597717
4.42750514769928
4.42798999975956
4.43694727472169
4.43913528327125
4.43796434741162
4.44432849431865
4.4391454619502
4.44215152756385
4.44682939408685
4.45378013696228
4.4578025485497
4.45493963722715
4.45996060084263
4.45807845299745
4.45500987075521
4.44890219871921
4.46589737826096
4.46863683352014
4.48161060817963
4.47922934255777
4.47445705624487
4.47727139404088
4.48004145606552
4.47646952029262
4.48505623433341
4.48500444027365
4.48472222411461
4.45971548623792
4.45581120070073
4.46124538263691
4.47102060306149
4.46940153248247
4.4835724741053
4.49217623342405
4.49164541206071
4.49505027984175
4.49146177515891
4.48961416769165
4.50238432822738
4.50267820722247
4.5008927826285
4.50455241026872
4.50328405577817
4.50642897853539
4.5131829297079
4.51445004508783
4.52259251968339
4.52128582987306
4.51356622489682
4.50574878102586
4.50191104392978
4.50567105151317
4.50388914346872
4.50019234302331
4.49540646745535
4.49652179644584
4.50050165444495
4.48988472016757
4.49217506032092
4.49396545644642
4.49535865759834
4.49805962943454
4.50969552483686
4.50472735867843
4.50080656992545
4.50375724002454
4.50211149564955
4.50193474630384
4.50376407752575
4.50573973357786
4.5097714113501
4.50023160654912
4.49002200478988
4.48172629932859
4.4804975652283
4.46892602012655
4.46981245794656
4.47083722855268
4.48534226478779
4.48481339771346
4.47970726283921
4.47858343467504
4.48278905164216
4.4826891052993
4.48478011748833
4.47191273630407
4.47260057115929
4.47501526961764
4.47246255373962
4.48046412812568
4.48834195546795
4.48550466537181
4.49167472969181
4.49066800962063
4.50408153405469
4.50905676792558
4.50760536804822
4.50364343114031
4.50338678173309
4.49850076432206
4.50466498649135
4.4977965945261
4.50024642429363
4.50462782943056
4.51406927489347
4.51463347727862
4.50871347825989
4.50624244694328
4.50574669366909
4.49946798636045
4.49759205562357
4.50190205408788
4.50410268393038
4.51142024763486
4.51179418929731
4.51231820464751
4.51467045595752
4.52141815636025
4.51457656023218
4.51029668813627
4.49811920193499
4.50158239038688
4.50360716211457
4.50723871651368
4.51087879746334
4.51671460505621
4.50960238836981
4.50745931457014
4.50435836081742
4.50978872394873
4.49670875383088
4.48795356898945
4.49636124009759
4.489905877314
4.48727331440466
4.49138662180206
4.48713644116825
4.49448132948668
4.49920775591501
4.49442347987873
4.48937300377223
4.48567330988648
4.48741991067386
4.48706276905471
4.47112852696562
4.46749730548689
4.46258156370306
4.46464985700577
4.43440891431506
4.43249134809605
4.43418493237268
4.43690177880924
4.44338828856767
4.43465390833191
4.43767239896595
4.43543438561456
4.43438772579169
4.42668809249741
4.42103720972696
4.42636519415891
4.42727403655626
4.42316818686799
4.43239307104242
4.44130125785796
4.43934177425305
4.43518638073415
4.43971230419516
4.44570618456388
4.44031591355135
4.44361222808801
4.43486342503585
4.43368538438232
4.42931334835075
4.42300900829722
4.41255503143103
4.42575974430483
4.42015931422599
4.42248393153061
4.41396652096808
4.42602770796751
4.4214077391394
4.41706683610266
4.42095604255494
4.42129498829791
4.41099370800233
4.40911890081296
4.41026264832401
4.41431541973826
4.41680333828687
4.41238866065528
4.4059794010138
4.40683220201874
4.4168868309675
4.41213301365039
4.40493237264071
4.40910338721989
4.40483327146143
4.40342775486662
4.40145623080286
4.40724602314883
4.40471815772782
4.40838241852262
4.40406882003583
4.40097040452583
4.396128216933
4.40519653994395
4.40089032851572
4.37687421193974
4.37683786403751
4.37335380742615
4.37478798454947
4.37708932799695
4.37049823452372
4.37135782956117
4.37165974205307
4.36016110866011
4.36695611288564
4.3721532770011
4.36327522140025
4.36555804918126
4.36557144403114
4.36390270871694
4.36679152201609
4.35932213261403
4.37203729360413
4.37167942264187
4.37632730268609
4.37795337405974
4.38011323051165
4.37648194108062
4.382878226531
4.38391675668619
4.37377758814976
4.37137436628403
4.36432845243957
4.36101412254505
4.36052162257196
4.34150271975784
4.34236062094674
4.34354168524841
4.34637471077244
4.34778971407089
4.34025808470155
4.34869916573604
4.35311529435037
4.34989218721697
4.349429184774
4.34604865955614
4.34776449411792
4.3479025455984
4.34687262319754
4.33783738536795
4.33465573525714
4.3384961415725
4.32847127255102
4.32612225599801
4.32945169717664
4.33250576124503
4.32431091530947
4.32608998202947
4.33000031985633
4.32109101154116
4.32079453150882
4.32283222650628
4.32331890215793
4.30211297794066
4.28915015562932
4.28749752764966
4.29333248510266
4.2899757459915
4.29210332239056
4.29206908977795
4.28976992403461
4.28693183937538
4.27917730706558
4.28376643479361
4.2755151784392
4.27040166774445
4.28326282416855
4.27707083676279
4.28568945088802
4.28192089847602
4.26189591514101
4.25070202727031
4.2453361880666
4.24169304423933
4.23546805679332
4.24042395354517
4.24259524569922
4.2388633466704
4.24688246397429
4.25378569740765
4.25146304080084
4.24912341125778
4.24476807408438
4.24468573229676
4.24534594455544
4.23815605050244
4.23907363475167
4.22997910638719
4.22798599256492
4.23184133670959
4.21613893770707
4.21248740583994
4.20798491041145
4.21109837181736
4.21570186231276
4.21364814557856
4.21107970758466
4.20604514882398
4.21198024594196
4.2096268889596
4.21124414439348
4.20788048330669
4.20615054566725
4.20144797508006
4.20281079497279
4.19365458355755
4.1973144535454
4.18604271327297
4.18229087742298
4.18503795246621
4.17612655573797
4.17764356142716
4.16314895781813
4.16184155711215
4.17189531228091
4.17455281081404
4.17280189991417
4.18815305403564
4.17609214569376
4.17156922514441
4.15986220718985
4.1601081946617
4.16457369683496
4.17537156768358
4.17003905097885
4.15993444986528
4.15682195628524
4.16288957116656
4.15479576764626
4.15303167296303
4.15498367131076
4.14682308995464
4.14121003221019
4.14266940973515
4.14138583713703
4.14146754209931
4.12960871407954
4.13153406864648
4.13299683250033
4.1361470433004
4.1402022011621
4.1380976086166
4.13296343109932
4.14316188532239
4.14301684043279
4.13968105025756
4.13277756452141
4.12481589084501
4.12361097361299
4.11316687935808
4.12373101891953
4.11274196510243
4.11400667841437
4.11510249965526
4.12035353489002
4.11943076267691
4.11684530202948
4.11212133222162
4.11310683550952
4.1032088910614
4.09180759260574
4.10344111243478
4.11167986345454
4.11720328705185
4.10464918459557
4.10908288120085
4.0992673205271
4.09573087984768
4.08608773132595
4.08139075215755
4.07678380431076
4.0861275449116
4.09327332859617
4.09327957868302
4.10232494502393
4.08284741477565
4.09003773490124
4.09810604512104
4.09456413505449
4.09561442828903
4.07900741701284
4.06174193754541
4.06928852482318
4.073237469241
4.06120322819234
4.05567964109071
4.05349293955796
4.05730128269443
4.04925346677399
4.04831466711441
4.04853994636639
4.04491163213312
4.03292893490546
4.02612566292645
4.02836073025924
4.02312466026349
4.02530474936489
4.03590011557382
4.03143049093502
4.03359203458279
4.03201777133345
4.03622532837006
4.02431740926595
4.0320108192384
4.01404503270096
4.01095857890431
4.00242170825658
3.99285826110776
3.99209956520764
3.99819643515509
4.00460398454036
4.01016863048748
4.01672846765353
4.01634184110507
4.01619510544598
4.02384407431865
4.02593084839449
4.02483276462916
4.03109680355429
4.03450854746262
4.0224629311622
4.02697187556461
4.03308653660391
4.03186248848606
4.01979583109744
4.01332128227425
4.01444004472024
3.99935632211375
3.98415862686468
3.97070661123958
3.96745439732702
3.96924445070355
3.96458578723485
3.95897628256942
3.96765010672211
3.96025863044518
3.96591055851578
3.96559569184456
3.96818895605669
3.96671283893112
3.95999472389073
3.96211178957388
3.949913873113
3.95481245960006
3.95774403293258
3.94689643838805
3.95656934143156
3.95687352070778
3.94422809752436
3.95133703241307
3.95764814969713
3.95976577729462
3.95591022288653
3.95272578828721
3.94532728069512
3.93136187813339
3.9274118399672
3.92868383477346
3.92805069064145
3.92030755058926
3.91921491079488
3.91813820966489
3.92350119953128
3.92382065639312
3.92087859147422
3.90460787046346
3.9066598195137
3.90516181334762
3.90171624873534
3.90439694280417
3.9129222289356
3.90640640144643
3.90897923683444
3.9048881512676
3.91082929849903
3.90505930413702
3.90556056863432
3.91491534592176
3.91286130774318
3.90906420440737
3.90331379964072
3.89082774435658
3.89041067634238
3.89635778704772
3.90793897154219
3.92134393466649
3.91557874134041
3.9208662706637
3.9223273194956
3.91267626097523
3.9014919857024
3.8939161043101
3.89560812184128
3.90205856627875
3.90877549555372
3.91083293870958
3.9058766809139
3.90610255821676
3.90442740385601
3.90512493581538
3.90643082637776
3.90960630367998
3.91393562827308
3.90440169364071
3.90384730880201
3.90603180874661
3.90524829589173
3.91231490101816
3.91101403726938
3.91051418834624
3.90958452881386
3.90611744803196
3.90897855165074
3.90379690672919
3.90390631985408
3.90668307721289
3.91075882413648
3.90734272638643
3.90214509894862
3.89491025578441
3.88586280190451
3.88284581841023
3.88232505331095
3.88095853727665
3.8752357031305
3.87696916656323
3.85886683240621
3.85721828349194
3.86520356118961
3.86980932696414
3.87347920895262
3.8794870577386
3.87869989920627
3.87887741809175
3.86936873124667
3.86850412678206
3.86986182616256
3.87133542114678
3.8661528157099
3.8740522258908
3.85389883786423
3.85896736476867
3.86222872863334
3.85909689509999
3.86782187857123
3.85788988845469
3.85816367325449
3.86153551866223
3.85355490347595
3.85637918674436
3.87529573831942
3.87045413521929
3.86504010067953
3.86895850292566
3.87475507276583
3.8762729831457
3.87956303809101
3.87037604602606
3.87408316718008
3.87031597696818
3.86826874759506
3.86773700999352
3.86368261062001
3.87043074959219
3.86603049962538
3.86240222402733
3.86067560173864
3.85944491701854
3.86527039249837
3.86318657983406
3.86631172404664
3.86566782000684
3.85437411176193
3.84054962709309
3.84137193620385
3.8437000992171
3.84017193109524
3.84594890462486
3.85153173173101
3.84946981744658
3.84770109714453
3.85429446781301
3.86629599188344
3.86287464472437
3.85999743896861
3.85806648929063
3.85794013505602
3.86168057501672
3.85484060775953
3.84816416245615
3.86302703714523
3.85316165472559
3.85790636707096
3.8511163357398
3.85188433413179
3.84757099711652
3.84595454313801
3.85424920116735
3.87161828487414
3.87129297635476
3.88693254195319
3.88403891398315
3.88953251626088
3.88598638604292
3.87752348726885
3.87640724613522
3.87843221635218
3.87760051191268
3.87297751460711
3.86492654213716
3.86681841782932
3.87219779980636
3.86023074095002
3.84903349259799
3.84193288995267
3.83602193040252
3.84518040919152
3.84186352686109
3.84715911604612
3.85331163854444
3.84198704698137
3.84501287087717
3.84570797582827
3.85351733405936
3.85827474812552
3.84380334996227
3.84850434077863
3.85365823359986
3.85360367414559
3.85542990726523
3.85192324021011
3.8609907048494
3.87060674536142
3.86771123948171
3.86895588345028
3.86572819817874
3.86755831067717
3.86908008679932
3.86243304602629
3.8665721956631
3.86336584200198
3.85318236415208
3.84616551946116
3.83419645682654
3.82258766082398
3.80999033160632
3.81345577238052
3.82565425988688
3.82509352318917
3.82467623892579
3.82221848678304
3.81507882151994
3.81001173762448
3.81234007446186
3.80684986903733
3.80665516486663
3.80567853221542
3.81484799363994
3.81262135269307
3.82041137076607
3.82794450650383
3.82413533051911
3.82461983287024
3.83104738137458
3.83425439870684
3.83898970690148
3.83501483113672
3.82841488771424
3.83725307883979
3.83306098590155
3.82548472473958
3.83706221802591
3.84350348058136
3.85202854332311
3.85374164617524
3.84284319094988
3.83958415117671
3.84069313916322
3.83473409148427
3.83599991543025
3.83788074826362
3.82937822290764
3.8496586520041
3.83993590306807
3.84974168344783
3.84792266345635
3.86420954023582
3.85370600435876
3.85366872678136
3.85649756634504
3.86065194528746
3.84904824364903
3.85310418580983
3.85334606023979
3.85868119709111
3.85672646515618
3.85419271833068
3.84718374474313
3.8345799412845
3.82874538903647
3.818963989138
3.81629848546021
3.82525910399439
3.82822243518292
3.8284023413685
3.82517226945976
3.81584841481608
3.81063739875054
3.81058670175477
3.80978375312159
3.8278827152251
3.83599981035778
3.84095107673757
3.84273577157761
3.84446904814181
3.85216286807275
3.85919083603079
3.85314938738164
3.84867687507828
3.853916947473
3.84271209837838
3.84075925153832
3.84627898428475
3.84298926611976
3.84415536311932
3.84086121000276
3.83758061216122
3.84189712679593
3.84125706500191
3.84219781032621
3.85397157654978
3.85628108301119
3.85608918534285
3.85478450035478
3.84449739880725
3.83972170071078
3.84142863669273
3.84644203362538
3.86205806239773
3.85617263218081
3.84831400162579
3.84963714351439
3.8667286645793
3.88014028006996
3.88566315868009
3.86989180136576
3.87458468739191
3.88477070730871
3.88804275615362
3.87275869069198
3.86032079117283
3.85647043306247
3.84267687831956
3.85293362496212
3.85085357655984
3.85228018763596
3.85975900624833
3.86333753797995
3.85118873568235
3.85510341624326
3.86020517707475
3.86106546027309
3.86248534464648
3.86659990312957
3.86758849059272
3.87398467698905
3.87160424270008
3.86382883698883
3.85093147405154
3.84534429532392
3.83975703753708
3.83259478873769
3.83717532020712
3.84637937694947
3.85105475434287
3.8451421023497
3.85389230110887
3.84539105492792
3.84333090836716
3.8445788344831
3.83550498876667
3.8333510890311
3.83003343041661
3.82734312339374
3.82731993010648
3.82243939640017
3.82499318123899
3.81963972154964
3.83186553157961
3.8319917948226
3.83107969353929
3.82785103535339
3.83714371062519
3.83792016994583
3.84397418297643
3.84645800212911
3.85412805233936
3.86407907308176
3.86103094148599
3.85992517868574
3.84766402919678
3.85389236662722
3.85872342172789
3.85257035180075
3.84977869680432
3.84797426179536
3.84496564282396
3.85299776800151
3.85320745866135
3.86058564656582
3.85829549262407
3.85609386698151
3.85716629214368
3.84951194288995
3.8410927347118
3.83484390138831
3.83029912410842
3.82454659812833
3.82050697723523
3.82225612382097
3.82463868005674
3.83620145474809
3.85139729770944
3.85695256659652
3.86036116971422
3.84977435523272
3.83675644814229
3.82476292302791
3.83684602364714
3.82993108625553
3.83472500280913
3.83914488486475
3.84361400839521
3.83299777916632
3.83659630436787
3.84049351030887
3.83896182902676
3.84270561987572
3.84917637186214
3.84575673363327
3.84410814349809
3.83865002256253
3.83574184366427
3.82261705832683
3.8195191647227
3.82851850536543
3.83309976888604
3.82733691424862
3.83639649325996
3.83423000316813
3.83826131029429
3.83524640336948
3.8379591534428
3.8438490060791
3.84546607789424
3.8410137119546
3.84466482610687
3.85474393041825
3.86062659415647
3.85379475507144
3.85322691619828
3.84916695329202
3.84781959871101
3.8465237988205
3.84316188188507
3.84677676560155
3.860831259908
3.85894462803779
3.86166449976378
3.87655494898995
3.87761034274828
3.86982181602608
3.871111078316
3.87641597165569
3.87565183917035
3.87883916093334
3.86946168045118
3.86832570916618
3.86407160405554
3.87456334509822
3.86821576807181
3.85831100887101
3.85391591033033
3.85197364888072
3.84067366813567
3.83192361523596
3.83706763107371
3.83703371172867
3.8378048500918
3.83990430113984
3.83217437507906
3.82999613080032
3.83118916710923
3.8366770957625
3.82540778819505
3.83090685610973
3.82223894722435
3.82381804706847
3.83275103911762
3.83584881619719
3.83503779976991
3.83780124681638
3.82932669298729
3.8319940929121
3.82464143169728
3.82384833977464
3.81864064127772
3.8280051975557
3.8237700456129
3.83565055287456
3.8394251425308
3.83118838409655
3.83212685637329
3.83155579774218
3.84139413999807
3.83893752711978
3.83824235493719
3.83958367438313
3.84119509114214
3.83615991963748
3.83560875557601
3.82438596452095
3.82484753549237
3.82307324561482
3.80321119928701
3.8034471170243
3.80499212278983
3.82540639038598
3.82360884068501
3.81882629110087
3.81646873577419
3.81902813167529
3.81350935245639
3.81744599115133
3.8198961674744
3.82223754054383
3.82386957135975
3.83413208794582
3.8442636272795
3.84122145113914
3.84024128217667
3.84281684670851
3.84152881687265
3.83997620814085
3.84493201061165
3.83872010025148
3.83645116886325
3.83352531482296
3.83425103953159
3.83269380659906
3.83240245224434
3.81856127957588
3.82113876551058
3.8304335442687
3.82266914474127
3.81873108495501
3.82736113524941
3.83574321024957
3.83748189024589
3.84355206526014
3.8472110442197
3.83986414204426
3.84622419494103
3.83858183949999
3.83427413272082
3.83169643303342
3.82827964021999
3.82029916972526
3.81392046571605
3.82478184793205
3.82239075194246
3.83374890370168
3.83016136355806
3.83267066731039
3.8293647653451
3.83020902566905
3.82788338500198
3.8196239998766
3.81842966474505
3.81921833804785
3.81591923061182
3.81380049683406
3.82141167684362
3.82134533483066
3.81845128711411
3.82668308517664
3.84596287673828
3.83523938122944
3.82786221974392
3.83542144286226
3.82950139187276
3.80445302468661
3.80976156300459
3.82540241648576
3.8203714195597
3.81941451835676
3.81923911042292
3.82658563876927
3.83023785743125
3.8306135498388
3.83755370983854
3.84583190623131
3.85098025330189
3.85582446164912
3.85637161882636
3.84712006358297
3.84659105678064
3.84572673322639
3.84478544802861
3.85623091394178
3.84721579718449
3.83738426874864
3.81974619397958
3.80922298099969
3.80781257848649
3.8096042773171
3.81191622470948
3.81085872897871
3.79565324988113
3.7982699661385
3.80501935091861
3.80680252558655
3.80423560713229
3.80577506718676
3.81430996583382
3.82132913250068
3.82510696163333
3.82525620137951
3.83063134203126
3.82481472478671
3.82420627558599
3.82443444484127
3.83430394764811
3.84023654725917
3.83434766341237
3.83300358320068
3.83191123007412
3.82125653258358
3.81530837256092
3.81491900582367
3.81602471196175
3.81396682992681
3.81771864127487
3.81655488828916
3.81708399546132
3.81847956890785
3.82239608311028
3.82258427388263
3.80796839799334
3.80548139268994
3.79850893482242
3.79486010992315
3.7881359983672
3.80160646233714
3.81416021455387
3.80671073373751
3.8255530464836
3.82908635448439
3.83141827328459
3.82853269790612
3.82686713794762
3.8264145232877
3.8304717218845
3.83438252058839
3.81971246277674
3.82255590273018
3.82380105737518
3.82486149495789
3.82772508386785
3.82411532290206
3.81695069764634
3.82787102077228
3.8280857348118
3.82226672291515
3.82383291557024
3.8302899775148
3.81938028310852
3.82917327997797
3.82607944861337
3.81805523420427
3.8276575617241
3.82997282812
3.82786120160405
3.8213098572125
3.81491860506413
3.80772143746069
3.81205475835687
3.80303329973831
3.79845918637641
3.80275354900267
3.82761741059807
3.84053327561738
3.85295757179035
3.85235071216198
3.84536446108284
3.84590291190464
3.85876673068992
3.8598706053666
3.85649532179619
3.8549718478668
3.86108686814114
3.85576047808474
3.85685768905228
3.84380105046606
3.8463062838443
3.84447835750294
3.82554414148592
3.81622577376056
3.81485440935087
3.81574483721655
3.81147019948376
3.81878713443448
3.82615246357236
3.82808803722202
3.82067012864882
3.83624647750146
3.82672061340602
3.8312625511572
3.82634746388498
3.83973147038953
3.85171637938657
3.83536445934289
3.83481615596102
3.83348490311951
3.83355829252252
3.81900337647134
3.82060057494344
3.81252451316994
3.81465756564936
3.81512278388501
3.81757823869031
3.80148725487395
3.8043276181842
3.81335058526097
3.80493748756332
3.80871641700637
3.80014306992518
3.80256865036148
3.82430089873949
3.83091817991476
3.83477843917793
3.83219420636478
3.83165847234763
3.84218272812111
3.84308518324053
3.82998258138887
3.82903684441211
3.82670705034072
3.82181843359766
3.82358692323305
3.82633243948326
3.81770336368597
3.81039080031962
3.80480046024134
3.7911984248925
3.7931305017211
3.78820124602941
3.79517108077301
3.7967323961717
3.80720366293386
3.80179895089118
3.789501881569
3.79603011135544
3.7917724568471
3.79541477825639
3.79691841437108
3.79527603956241
3.81429975269853
3.81234603047225
3.80541607517502
3.80979802638704
3.81360988575759
3.81370625463064
3.81356199865019
3.81174294139744
3.81855265603937
3.81983256079894
3.81483052778827
3.81609236765506
3.81778483112495
3.80977027823956
3.81693401679874
3.81845721816431
3.81770592667196
3.8018391952761
3.79147395390872
3.80810783158232
3.81853557460979
3.81635968792932
3.80940532510684
3.80733071387137
3.8016025933161
3.80364263064384
3.80402873138051
3.79316839114764
3.79429888202841
3.80669400130177
3.80844986539093
3.80344888296891
3.80896494536833
3.7944386128129
3.79590085635917
3.80480219828206
3.81712577318191
3.81395744004922
3.81437653792497
3.81844760061158
3.82083373771519
3.81748930326491
3.83825701891103
3.82834059778678
3.82648297969521
3.82868034088922
3.84043093694387
3.82800778197057
3.83851623236928
3.8349671178927
3.83516238976333
3.83240300015422
3.82386554495935
3.81613261586242
3.8176359656268
3.82037588231084
3.82273769629543
3.83035398543734
3.82069179289747
3.83333124830642
3.82767477470652
3.83555553334166
3.8413129424388
3.82928891334539
3.82679932592631
3.82111220220915
3.82968977549318
3.8226894519555
3.82903293737555
3.82882096415961
3.83982950656582
3.8439676697056
3.84694467243185
3.85100421253096
3.83981140595886
3.83920494882011
3.82847883137422
3.83571645993289
3.84247210093962
3.84840245615387
3.8540053982416
3.85516884612198
3.84452498889631
3.84174626782759
3.85157832393187
3.85407142868202
3.84786149877756
3.8533362957515
3.84597967678486
3.85048274066513
3.85626433101699
3.84430309759296
3.83302506111368
3.84900018338216
3.84594923042681
3.84912058687988
3.85351348673212
3.85933997650985
3.8574846496592
3.84519770223498
3.85238689944318
3.8448995655651
3.85397347849237
3.84461673234493
3.83884365194867
3.83668274252794
3.84464321506119
3.84007922236813
3.8352127943316
3.83854280930912
3.83351979177859
3.83119911670336
3.84124824212356
3.83829515751257
3.83602987508307
3.83521779450852
3.83952501657984
3.83240507871122
3.82203550035346
3.82140478524281
3.82871368645012
3.83204965411406
3.84152099575342
3.83427014601858
3.82091786495776
3.82292089365807
3.82499040306525
3.8220636190842
3.8295265110075
3.84421114082632
3.84775844790844
3.84962448363464
3.8413819217018
3.83845343776353
3.83711649223119
3.83888713098068
3.83825445251637
3.83694661506378
3.82665818225658
3.82519677198523
3.82147054225485
3.81948463597321
3.82469851495776
3.83239657418919
3.82979193710006
3.83762271684826
3.83645983785126
3.83524338213592
3.83269799084165
3.8232795345908
3.83428467156494
3.83834866615033
3.83854301415607
3.83643481214218
3.83234258098497
3.83455292124969
3.82787120247065
3.82630449275079
3.82335924804999
3.82450206813617
3.8266850476704
3.81144664900991
3.81436215506953
3.82218538933907
3.83225214095783
3.82303595689249
3.82459526364289
3.8327010331767
3.84212420339473
3.84686933367175
3.83053330344964
3.82306789364573
3.82300082433656
3.82501800859624
3.82395619834932
3.82753007285316
3.83933435587248
3.83376116023334
3.83216785699404
3.82865366294389
3.83689520638638
3.82935152756225
3.83034955114936
3.8294330262712
3.81709388740965
3.81739563711432
3.81902891333592
3.82048677548487
3.8250562959267
3.82435067311868
3.82717066861123
3.82186532010495
3.81867781242949
3.81437249930972
3.81903696297116
3.81467747629736
3.81082415588447
3.81009135253037
3.80588436751954
3.80410350793543
3.81231098535987
3.80425332155143
3.80297461779169
3.80863773505315
3.81975009389589
3.81133480047915
3.80591475880769
3.8070203486106
3.81267192209373
3.82043691484759
3.82772201662268
3.81688236632163
3.82190629734308
3.81115475154026
3.8139719020505
3.81284542334097
3.81013513660493
3.81611655202245
3.82658118808095
3.82470615802079
3.81561735777307
3.80833708905774
3.79015437843042
3.79396285429647
3.78616554159358
3.77792714191925
3.77719301720336
3.77632575852431
3.77595641785604
3.77196308363888
3.77274444978111
3.76029659161659
3.77329269858676
3.77622612079863
3.78947287048079
3.78629781097707
3.77504398252282
3.77619411796374
3.7784285568645
3.79310610597356
3.7949038981665
3.79913662674926
3.79415635987022
3.78335137116901
3.78346543294145
3.79095058602349
3.79803520373674
3.8015169969476
3.80162382687215
3.78484357338297
3.78497478490055
3.78901925759713
3.79004891289697
3.78341309333126
3.78460258546684
3.78025019166146
3.78054571016058
3.78595632376158
3.78237234225073
3.78060278590233
3.79040065015678
3.7888065081834
3.78570405738197
3.79354825981514
3.79393201736409
3.79551201759197
3.79346769151156
3.79769615914391
3.79955474893415
3.81037442440442
3.8079063464729
3.79591679044796
3.79275202232971
3.79958239946678
3.80719344965325
3.79776200163277
3.79839857331477
3.80058037492649
3.81414849988713
3.81981859645189
3.82139917530102
3.81984582807627
3.8223470837606
3.81965125975242
3.81983060374944
3.82062242867327
3.82523280614929
3.82798675841487
3.82623960585944
3.82495238622334
3.81647674311149
3.80850591951124
3.82289624567113
3.8187116832011
3.82319017711313
3.8194726763244
3.82142126035467
3.8231488902276
3.82908054176833
3.83499284637994
3.82424753227916
3.82338448988146
3.82609701070458
3.81655291495894
3.81640754219224
3.81632483169036
3.80966281454968
3.81876172865916
3.81554922186805
3.8075961695365
3.80632216661674
3.81052332574246
3.80588661026953
3.81421914197888
3.81807123606267
3.8259153513847
3.81180678028547
3.79813527182585
3.81379446770699
3.81987525649506
3.81052711185065
3.81197047416733
3.80697946840835
3.8123155697
3.82001283699244
3.81874186459062
3.81475543236423
3.81626264515996
3.81530384915173
3.81700046973066
3.82095338474538
3.81759014928805
3.83234897212551
3.8234339153045
3.82085863063047
3.81168678752966
3.80223786228229
3.79878538725585
3.79949564007631
3.80307349099936
3.81280742971446
3.80996312158837
3.82023516668225
3.81834533386478
3.80243713439226
3.80522863131366
3.80936033503441
3.81615665535795
3.80853339940049
3.79988129857156
3.80748907973334
3.80992607825968
3.80738109153678
3.80783547349926
3.8077643126566
3.80263036551928
3.80337662262663
3.80190160708784
3.80958896687432
3.80958361555172
3.81391267051392
3.81457808046386
3.80401757907836
3.8014113850874
3.79269435463545
3.79714125283446
3.79836535175959
3.80460105929573
3.81263932271065
3.81418373413073
3.80971827889555
3.80680062458023
3.79858289032426
3.80427739068145
3.81201006472931
3.81169545585739
3.81289529115825
3.80566059372057
3.81088036499307
3.80276792038437
3.79928531695625
3.80652131675603
3.81073514302922
3.8042185131043
3.80708392506014
3.81190871223339
3.81636780930239
3.81530467948893
3.82516670688605
3.81348988407462
3.81189295405093
3.8207986086098
3.80929233467681
3.80117945873775
3.79983857500349
3.80181167049837
3.80821440247208
3.82847172748672
3.82793516029105
3.83112161319937
3.81926228651271
3.81842808703752
3.80719089608662
3.81654452401454
3.81906279291246
3.82646161772396
3.8400350852934
3.84853398954309
3.84558834730052
3.84068373008325
3.8509079875753
3.84266708520315
3.837859167824
3.83623728437171
3.83158747973722
3.82941560951316
3.83826388032612
3.82790655108192
3.82453379685862
3.82652612317468
3.82421644463455
3.82024970958068
3.82733832953016
3.82943907668518
3.82646364999373
3.82159432308777
3.80585532518235
3.80074246090956
3.81073757085929
3.8315041287261
3.82830024700631
3.82713393292019
3.82037997385922
3.81761149461718
3.82067238129387
3.81637892277657
3.79550887358147
3.78732764992313
3.78972383909877
3.79557004749609
3.79858110219007
3.78973429819496
3.79317085468809
3.79799500564939
3.8166950653225
3.81729066564287
3.81608224937975
3.82326522166289
3.82104513653048
3.81043360590812
3.81560727213868
3.81529607955294
3.81135572729481
3.81359262137005
3.81604751806461
3.80991758584719
3.80654259815083
3.81649788618432
3.80768863710815
3.80295839730738
3.80583758260865
3.80796810189985
3.81401383950189
3.80316450723248
3.81187170157034
3.81893568328481
3.81489717365573
3.82040970392707
3.82465943119514
3.83376828495648
3.82958243265117
3.82669611610491
3.81897746744242
3.81439197886214
3.81685618880481
3.82237702613727
3.82358651994521
3.832993119354
3.8317371319096
3.83783443368283
3.82916028696317
3.84075363491459
3.84200753821569
3.83560160000404
3.82653010786994
3.81311831984256
3.81757816978175
3.81857894004978
3.81990554230546
3.82288921975203
3.82648182795612
3.81888632531645
3.8202873337818
3.82304465354207
3.82747681926103
3.83287258190822
3.83682264126905
3.83235244603364
3.83618878714346
3.83992429479727
3.839699555659
3.84756920734573
3.83552766962814
3.83390712830461
3.83864277265653
3.83939926724387
3.83534193335477
3.84040582943038
3.83586610280586
3.83793424894107
3.83009639245446
3.82245063964718
3.82447223912216
3.82930983371171
3.83318673756598
3.83448246263173
3.83473375233197
3.82877664093739
3.83166343895537
3.83858277658084
3.83864350077209
3.84413320490471
3.83732414265514
3.84527459797442
3.84526174321651
3.8513065787338
3.83308109349738
3.83657053121039
3.83712478084875
3.83066939333254
3.83193488810864
3.84309392042235
3.83784480577446
3.84074263043353
3.84003777291386
3.84737820939125
3.84029459210993
3.83147608399213
3.83976816805883
3.84898102342431
3.82988313996013
3.83030575957945
3.82249728010832
3.83020612338583
3.83659253844953
3.83677170341866
3.83075667609773
3.82472420269929
3.82744179614277
3.82777522710948
3.82891856574516
3.83423514863869
3.83433751344517
3.8431753144718
3.84687755772778
3.8518408336131
3.8485235676704
3.8435810320671
3.84230418156441
3.84583466339616
3.84078063595603
3.84652599964692
3.85221024972523
3.85377387272569
3.8487313646954
3.8393718408109
3.84624173448042
3.85148779210306
3.85179640322107
3.86675554318917
3.87131324680687
3.86828796215116
3.8540475583591
3.84750708857875
3.83008515746093
3.82805756470622
3.82202674463398
3.83041084685035
3.82348303335156
3.8212680791321
3.82554009843856
3.82629243450877
3.83399730377986
3.82350156063988
3.80212007103242
3.80113431998418
3.79307147524173
3.7920735340357
3.78844708532052
3.78238136738622
3.77139981492779
3.77973019506698
3.77473752875797
3.7769651899755
3.7837388760526
3.78673745354419
3.78814927468737
3.79308771872873
3.78977264584147
3.80445758736228
3.79821333130963
3.80903815564593
3.81186547061987
3.81803820138957
3.82517190688766
3.81915833525623
3.81823517553588
3.80270970904214
3.80827753623058
3.8078803705235
3.81832639747113
3.82084261628718
3.81906570659607
3.83213110182427
3.83883763699364
3.83842095551275
3.84271073965532
3.83731290153324
3.83892922301202
3.84111128254942
3.83888353910323
3.83800049555934
3.8518342378667
3.85235783546933
3.84503591687491
3.84580933155757
3.84939197245467
3.85253797076069
3.83443272592866
3.82432724053177
3.82668127616666
3.83675211836654
3.83221255248145
3.81462056968703
3.81953322006074
3.81562801200116
3.80699185780019
3.81915942228732
3.82735524138735
3.81861987947933
3.81431192153214
3.81310848496244
3.81217183161859
3.81388185454008
3.81490157294648
3.82712503672832
3.83677569575276
3.83100166430918
3.82219426498552
3.82205595182304
3.81554730600331
3.81463931953154
3.81445496073285
3.79885213679778
3.80400779441659
3.80050556370429
3.80794725783478
3.81081146961122
3.80381618506466
3.80496475772761
3.81122965423544
3.81215150131339
3.80110172956885
3.81192167710644
3.81752394121801
3.82234663966195
3.80804026636268
3.81396326952791
3.80058110424839
3.79727894013052
3.79151560998758
3.78492766921551
3.7860467678966
3.79970227930639
3.80658030675672
3.81057950640691
3.80664432631196
3.80831302818181
3.80912433202789
3.8126049076002
3.81372533795816
3.81127547436955
3.79923868687601
3.80862127028344
3.80950633604503
3.79738351148452
3.80270634648401
3.79961266275795
3.79603349409391
3.80390231955869
3.79499005397434
3.787015692541
3.77802867417863
3.78245060798265
3.78600521024624
3.79422774449186
3.80201984699914
3.79393936552065
3.81385308625218
3.81384087554347
3.8203801602733
3.81078872854836
3.80496551249543
3.80204582961115
3.79230622048052
3.80453141053102
3.81179188095453
3.80668581001254
3.81877874049137
3.82176366912947
3.81735362250369
3.81604406190759
3.81406863379419
3.81615103708069
3.82199288385052
3.8335584434519
3.83215978838762
3.82616839961978
3.8168813660812
3.8206314895284
3.82166792147072
3.81696869023669
3.82078256094063
3.82794363988656
3.83336385942686
3.84392801811604
3.8269863580223
3.82257103197939
3.81685353300673
3.8171886575379
3.82466393628358
3.83069101938551
3.81520492106887
3.80481974279629
3.80821293828921
3.81001842834716
3.82218965379571
3.82210876147679
3.82297408692514
3.81369440494648
3.8074189106256
3.79669406181701
3.7985896334951
3.80312633034285
3.8155643015482
3.81681417121067
3.81425401672218
3.82818983675626
3.82488518701446
3.82886761010816
3.8250868844852
3.83586130657856
3.83924703337389
3.83833536572032
3.83655958671572
3.81065439314455
3.81239235016168
3.81606215777649
3.82232383835796
3.82279338263451
3.83374492366999
3.83133781400822
3.82837865015258
3.8127017485278
3.82664558103246
3.83403806326469
3.83566484109125
3.83221468071679
3.82964586733283
3.82409030525744
3.81944139385857
3.82570186602707
3.82436144215181
3.83070241078468
3.83266468199503
3.84221537815055
3.83500725196114
3.83232058688737
3.82254805925038
3.80391125414719
3.80663715094583
3.81048275478797
3.80853282930253
3.8129149709477
3.81643913772556
3.81362207713472
3.81488717465299
3.81642027310964
3.80685277369683
3.81149554685129
3.81025794395748
3.80683796531676
3.81339208531453
3.80946581535963
3.80838806724416
3.80231595703481
3.80491499648263
3.81013092636038
3.81430668975258
3.81525031711557
3.81831520922055
3.8177214777006
3.82294987390846
3.82221181336442
3.83271126362299
3.83637834585255
3.82294911814461
3.82325026909894
3.82622621761506
3.8231085385644
3.81823431338704
3.82249831688925
3.81872556246543
3.8302638266795
3.83543734216146
3.83350185487072
3.83127444258045
3.83276010930033
3.8312561019986
3.82758057621079
3.82935251364416
3.81536974697935
3.81177276226176
3.80222946434847
3.81954428338491
3.81643535086709
3.81287236460635
3.80419238684645
3.80926330036858
3.8061857334912
3.81743352186645
3.82167208192967
3.81886974315792
3.8175954920964
3.81291725351241
3.80016195319704
3.80828198877405
3.80204766747546
3.80002557466678
3.79739340018377
3.79679305339936
3.80483127185325
3.80957360422092
3.81130190465851
3.80631835507539
3.80421324347887
3.80881130074303
3.80343105503694
3.796592981302
3.79547210617803
3.79361171807933
3.79529435027659
3.79635149771732
3.80099081712029
3.80724144864099
3.80431909211466
3.8092976081004
3.8109445629025
3.81544019433237
3.80482128122097
3.80272790974944
3.80156956717211
3.80256791599626
3.80765127161008
3.79280911301456
3.79779848739221
3.79486836146363
3.79707404998734
3.79994157055065
3.81223479352641
3.826547282005
3.83641796573524
3.84161784747649
3.84679339754082
3.84646484853808
3.84694463406377
3.84766245993769
3.85173209567789
3.8555970235073
3.85623308120814
3.8549788472125
3.85248805754388
3.85052815745858
3.84609405711655
3.84426221499319
3.84130964811511
3.84058391343244
3.84701852799595
3.84904055393164
3.8557497623124
3.85037386696865
3.85137918055839
3.83978117099398
3.84222604914351
3.84142939203436
3.83830486401897
3.82717236461674
3.82895872843336
3.82021067142803
3.81612495095569
3.81783493318028
3.81620690605973
3.81365056191645
3.8097506584498
3.81731546148955
3.81879495854572
3.81354219953887
3.81836025618422
3.82787115891978
3.82452842574826
3.8239509519155
3.82831025558233
3.83522402026299
3.83799538163333
3.84056248958566
3.83656338497121
3.83442417780622
3.83523040671242
3.82936141437713
3.82089300426078
3.82095982702973
3.82792928851296
3.82855790782127
3.82662800257147
3.81485393712389
3.81187932316256
3.80005728178366
3.81130659941659
3.80927669286708
3.79950529963036
3.81557412358315
3.81406330753735
3.81283154313361
3.810743896128
3.81018087320663
3.7996365904982
3.80873255526126
3.81337016903437
3.80667298740654
3.81465985291235
3.81207728065752
3.80895754661554
3.79454924069113
3.80314593687075
3.8019960698055
3.79600140135747
3.78778302287778
3.80051638039318
3.81190594486575
3.82327917747008
3.81793169266584
3.8115389864729
3.80342445910641
3.80291884196643
3.8132609443619
3.81268966137526
3.81567719705228
3.80019432944911
3.81479683980616
3.80886629635418
3.79780730372138
3.80161975285229
3.79905447993123
3.7919649930372
3.79251776704396
3.79677132198552
3.79955119388839
3.80570906140887
3.80624068370671
3.79855457365404
3.80618473228697
3.80176696079838
3.8066498033265
3.79669812234547
3.7993261738611
3.80467966576896
3.810537903464
3.80257575161172
3.80587596814607
3.81437026295665
3.8253515968375
3.82936502829186
