0.1 0.3 0.5 0.7
0.739052545742737 0.733587124779719 0.733803719450421 0.743358671497526
0.734236096815403 0.725803947429766 0.727214295532807 0.737256783185136
0.730200919044347 0.720090652342172 0.722983238491871 0.732149934880114
0.726250429634218 0.715603912876111 0.716412488680118 0.724321889278649
0.723087550641646 0.712077987917914 0.711493942732852 0.71713727914703
0.720327492719845 0.708491871230432 0.706243622057685 0.71083632503266
0.717985482448276 0.705440488157902 0.701426538796426 0.705944109157226
0.715750821200438 0.702385914275289 0.696788398897962 0.699756937305407
0.713769963635414 0.699086667855313 0.692269247411288 0.69227174372924
0.711943035932798 0.695919484325542 0.687221844349177 0.687291950162443
0.710292873025967 0.692613203858499 0.682291669114915 0.685092463616335
0.708794006600406 0.688931580363494 0.67706741497187 0.679187289667745
0.707382451414794 0.685148485493769 0.672566109580342 0.675686204408443
0.705889103744878 0.681939994227102 0.667897845326461 0.675340914654663
0.704616363666176 0.678755640993313 0.66242331486441 0.670288651992349
0.703374629151011 0.675686769994799 0.659888373001024 0.668844877827532
0.702187421359197 0.67176649429406 0.655704171455457 0.667436357321783
0.700995215220225 0.66892890360872 0.652662039655116 0.665743587913575
0.699840513354612 0.665280978776848 0.650839109575795 0.664999340805084
0.698632629861763 0.66254693856311 0.647845628893993 0.661817255113357
0.697358859978401 0.659382498251224 0.644657298770149 0.662265529547148
0.696099540852369 0.655967798466127 0.641430165502537 0.661518101818172
0.69511492840826 0.653035708058322 0.639992296604361 0.65924669693926
0.693947257997766 0.649908974640884 0.639247916399251 0.659299515615537
0.692828724871978 0.646784693414669 0.637541583677748 0.661370383487465
0.691628506550473 0.644104047776606 0.634717082691031 0.657559753465676
0.690526630322474 0.641738638186786 0.633873423096014 0.656538060150823
0.689375480339549 0.638675552763441 0.632009186773418 0.656633624429228
0.688285532468907 0.635939935881457 0.629334326096562 0.656421285954648
0.687129264844174 0.633790155386902 0.629486467910722 0.656027401016389
0.685925731512982 0.631677483119846 0.628957866433403 0.653511436363049
