0.1 0.3 0.5 0.7
0.00140667804245341 0.00153297613608874 0.00135797382208511 0.0012702584539669
0.00139122900223971 0.00146380937394508 0.0012961165411664 0.00116282349147714
0.00139851353192122 0.00140044932603896 0.00148176113819834 0.00148904598320834
0.00137047362862791 0.00137115135294066 0.00122067926214502 0.00122774109233817
0.00134949400500649 0.00139420557094023 0.0014365327040432 0.00112505527621769
0.00131815138123025 0.00135350800327367 0.001261930292116 0.00118377539837927
0.00129764123955557 0.00132962400729935 0.0012740474581994 0.00147199377756124
0.0013086455608664 0.00131949435893664 0.00134941661332007 0.0015363672402388
0.00130277674041965 0.00124202548116404 0.00135381795994689 0.00129631498341921
0.00128793901267976 0.00126586829897662 0.00131976782409519 0.00148024393504072
0.00128867341103275 0.001275031487468 0.00124744042592353 0.00149395836116311
0.00129011149258976 0.00130569236454902 0.00132839697993545 0.0011191143763502
0.00128560207058181 0.00123311799149412 0.00143688311465311 0.00127191986488949
0.00127386222807093 0.00122730115328179 0.00129472443768455 0.00142066696565259
0.00127137705794573 0.00129422627214342 0.00130827859040479 0.00132815819186066
0.0012658098746805 0.00133610245825843 0.0012553068733769 0.00124597609555202
0.00126446905550168 0.00132126948968751 0.00131546029755153 0.00168972401342516
0.00127213607742266 0.00131275727141897 0.00126918601389785 0.00143789505511649
0.00125786032678616 0.00122383800272392 0.00119023503077932 0.00139648614477785
0.00124522257127124 0.00127002592592613 0.00126727292906519 0.001207471506451
0.00123620832605882 0.00122859730822368 0.00128794745252725 0.00123691308648784
0.0012307928157686 0.00119420742851951 0.0012011739362187 0.00151073159752532
0.0012247634941291 0.00122750509138311 0.00111239952013489 0.00126997878622142
0.0012338779228687 0.00126889550390219 0.00114538210277961 0.00125828607509104
0.00124502338857011 0.00122410372726792 0.00120273094899438 0.00143763566365686
0.00124066862623256 0.00121736919298483 0.00111361321703505 0.0012655455578586
0.00123032951295723 0.00119079190301339 0.00123383252629921 0.00137519888960324
0.0012299013669385 0.00115834280805563 0.00136431639525945 0.00141177029358931
0.00123700926978438 0.00119880594587021 0.00130774481018496 0.00142745311766693
0.00123029097562082 0.00114632895566973 0.00125411819370873 0.00149603860442501
0.00121607226636285 0.00109983261202917 0.0011953158296897 0.00128302246467381
