1
0.00141690118977417
0.00303315183387007
0.00335166149199328
0.00453938407157
0.00470348922534465
0.00455709030502349
0.00489490724427306
0.00545178568525433
0.00559871165066589
0.00499192507721236
0.00501672956148859
0.00558666830996599
0.00556833417140495
0.00652002290833517
0.00600197538745984
0.00638987512267617
0.00763928160622033
0.00742663928316409
0.00724003899885767
0.00794349912683593
0.00855412122142171
0.00919799623975102
0.00843225655027147
0.00824779064090413
0.0080782803749637
0.00784069752925582
0.00937602319830091
0.00985458413288026
0.0103331910935729
0.0103405026765936
0.0102136592893399
0.0106165659194793
0.0103371182801161
0.0114951107371183
0.0114646732911593
0.0121948424079413
0.0125180332406647
0.0139425772325324
0.01328001287192
0.0133819758785896
0.014783821174925
