1
0.721951559683288
0.792376101591255
0.777066138669474
0.763572314701913
0.755907928089556
0.743679855254184
0.738761114231499
0.734287919065182
0.732886271064476
0.7272052543731
0.727635515496797
0.731400782643026
0.737478658928083
0.730389137960509
0.725182965542583
0.731616334982377
0.729695023419282
0.737703048984722
0.739254382017214
0.739227233024769
0.742112135769773
0.735726878526206
0.740574471276384
0.732222854862854
0.729116923610078
0.726502164316604
0.720147385539618
0.723292817897377
0.707959656800464
0.699031910761159
0.691096207794107
0.67030089916561
0.666051737214989
0.648848450638717
0.627924803627723
0.60648298939687
0.592026464346039
0.571496149181934
0.559017613722156
0.53782072361817
0.521863648613052
