1
0.00257645036580991
0.00289999366973328
0.00353132739731341
0.00312454604947384
0.00349876755409693
0.00426281512561099
0.00464403095288252
0.00546188946997796
0.00543953806021006
0.00544588739329678
0.00546374750730778
0.00535952336942097
0.00479785311348475
0.00529886932671446
0.0053122483916692
0.00590754960215413
0.00540542606529696
0.00565320139671952
0.00657507967288155
0.00628825257582552
0.00654778356320108
0.00684039684453855
0.00649331451967582
0.00702270838505187
0.00597023662120431
0.00699546454230551
0.00672651020150332
0.00711572942319311
0.00771462555969193
0.00776672143735936
0.00676879932345531
0.00749051039904581
0.00744836019306225
0.00699381602235194
0.00807181297735865
0.0075481989450465
0.00767986699850941
0.00809223331904979
0.00795760297436194
0.00740722098190564
0.00806503352910488
