1
0.722956718280813
0.797145339845573
0.769800061083881
0.746335901884703
0.726184991145129
0.706019628542668
0.693649821951529
0.684903099411035
0.679437723931879
0.667914935617325
0.666400698253783
0.670191085501942
0.67094024975224
0.664211040938604
0.665176112734366
0.658965209970672
0.658671269531719
0.666617896682374
0.662245702333295
0.655677804882973
0.643619904532861
0.624370723870823
0.615134480837158
0.568950148766005
0.529377006744628
0.50140427331977
0.459287745616993
0.428898011857402
0.365879745037258
0.330393682500291
0.282952218563342
0.244398814838703
0.203421529571625
0.169336744526408
0.137361337384147
0.109085439309081
0.0834250070513985
0.0607912327429003
0.0469576726982047
0.037857317650801
0.0292465695887652
0.0189318149369536
0.0122614414947423
0.0120253311613296
0.00981503170732755
0.00691244631206131
0.00800502864274369
0.00343408695453003
0.00280199036578692
0.000669003965423855
