1
0.724582779314611
0.783878023196984
0.772562197488396
0.763218816298739
0.752022419827388
0.745730049667118
0.74261816802007
0.741061748260384
0.738127352765561
0.737755231952704
0.738856736969315
0.738705235408443
0.740775563247585
0.745604118443414
0.743695395189465
0.745727930047299
0.749836080539497
0.747838268388195
0.750420977963653
0.749872172443967
0.746367966458449
0.746877627416526
0.748765585443429
0.757746379487064
0.751611571382504
0.75121351481589
0.752771152774
0.746142083196258
0.745943216731632
0.741238227471985
0.752887831025749
0.747251554054916
0.745092429373676
0.745620503978303
0.744406436939929
