1
0.00128157958337713
0.00136764322001364
0.00234159662309496
0.00209694732321315
0.00255117591555292
0.00239109759537726
0.00221401702608598
0.0020757243790433
0.00216663008259408
0.00262262615234218
0.0023771849788465
0.00234177821525251
0.00256887473268577
0.00252966143983903
0.00256692883712472
0.00261303559510283
0.00247321405605219
0.00230217583286985
0.00282158994540742
0.00313041834349183
0.00277205537901718
0.00326618514663398
0.00269490951075763
0.00310529003347888
0.00289193549500762
0.00282709473323889
0.00283929225068007
