1
0.00115209012854148
0.00397447202243186
0.00466629687263611
0.00547457295282943
0.00629497136289307
0.00700245261576638
0.0079375132689417
0.00752001707883995
0.00832234575528293
0.00904359351099562
0.0102070661558251
0.0105048661238467
0.0104860359522179
0.0118293429633244
0.0127254298675331
0.0120633579275425
0.0132116372779707
0.0150645163726253
0.0173763795251205
0.01613493512018
0.0157949417503474
0.0163485653480468
0.0192052093360074
0.0193256833396377
0.0198098459998101
0.0202038777475648
0.0223149233521983
0.0230348092539771
0.0240199976826145
0.0241931442697975
0.0253429535495311
0.0245113466714655
0.0222230034935859
0.0227900945539739
0.0213869511683435
0.0201444633577746
0.0187649157143144
0.0171484578853188
0.0160673670446397
0.0150392368249599
0.0144225565902414
0.0107709865750633
0.00807417580071703
0.0069744679524918
0.00595087451935474
0.00444848387543931
0.00598090766382419
0.00363994915782932
0.00330735037216139
0.00282044118889063
