1
0.795612091776598
0.784461725783519
0.773123649265598
0.759818455655918
0.75411255183691
0.751546086886385
0.753612016677959
0.748969545423176
0.743973841983239
0.75191346285456
0.751777184068237
0.749204030867861
0.760314204282205
0.758334700698384
0.767227002488516
0.768170744162101
0.77176167261745
0.774423488876183
0.769943016811016
0.768897273087395
0.774357914169074
0.777090665242654
0.773019613074643
0.768422401043458
0.768467387592058
0.762616490086277
0.754954988041574
0.763948284746595
0.764659189592013
0.757946683266603
0.742898168414562
0.730303616902711
0.726148323371805
0.718378078356269
0.708160093731676
0.69804050346134
0.691657047947177
0.680657993380599
0.672208741494163
0.656651429087925
0.647047176147717
